0 1.70783546733668 5.99859890092138 9.38989847676326 8.17720430242455 5.89542365822392 1.20397280432594 0 0 0 0 0 6.08440643306581 5.02604877357061 -1.31413191487166 -0.78573996738777 0 -0.115235263577585 2.10628879171602 0.287682072451781 0 0.901211625047035 0 0 0 0 0 0 0 0 2.88810160936163 0 0 0 0 0 0 0 0 0 0 0 0 0 0 0 0 0 0 0 0 0 0 0 0 0 0 0 0 0 0 0 0 0 -1.07840958135059 0.805625163986636 0 0 0 -0.921405832540926 -0.115235263577585 -1.47888714794772 0 -2.02001812120904 4.54474112328002 5.00305562040132 5.42269989277522 0 0 0 0 1.9882470305401 0 0 -2.0459936076123 -0.0346055291774756 -0.431306339292052 2.00304156760594 3.30073791257245 4.40559865946101 5.14351171036583 2.01035755817059 2.36680468572834 1.26914887728619 0 0 0 0 0 0 0 0 0.287682072451781 0 0 1.76358859226136 -0.646627164925052 0 0 1.73939148371074 2.17118941616045 -0.83939268088009 0 0 0 0 0 2.09755874250633 3.60473964595409 5.87823109536136 7.37916310895124 3.58436891725781 3.41022678838155 0 1.74653437122312 4.29171668794388 3.45332932655162 2.64414639912273 0 0 4.61932128587718 3.70071391176094 0 3.54086072901628 4.07210359042905 1.6879095278756 0 -0.741937344729377 0 0 0 3.83284726876539 0 0 0 0 0 0 0 0 0 3.42991925318795 5.66057195338286 2.64535427461685 2.7313591900388 0 0 -0.0523679855173159 0 5.7341555106278 0 0 1.65919942199316 0 0 -0.608405952104855 4.3933567634878 0 2.47636688823987 1.02450431651439 3.47620388102035 3.22077877501429 0 0 0 3.50010857364007 1.05220024690365 3.3649473084749 0 0 6.415291780813 0 3.90396340302769 6.02371110191363 5.96926414949759 2.59687791924388 0 0 0 0 0 0 5.87731647857917 3.73344951787975 3.54469874976851 4.25648076542829 2.51753187710408 0 0.103317614028026 0.251314428280906 -0.699973145630345 -1.52469668397901 0 0 0 0 0 0 0 -2.21784386453896 2.27394763489209 0 0 0 0 0 0 0 0 0 0 0 0 0 0 1.28902648396307 0 0 0 -0.608405952104855 0 0 0 0 0 0 0 0 0 0 0 0 0 0 0 0 0 0 0 0 0 0 0 0 0 -0.929989576232317 0.518955749849241 0 0 0 0 0 0 0 0 0 0 0 -2.0459936076123 -1.47888714794772 -0.0814609464589807 0 0 0 0 0 0 0 0 0 0 0 0 0 0 0 0 0 0 0 0 0 0 0 0 0 0 0 1.72373794313074 5.40743103439231 5.10578054585007 1.39222909663971 0 0 0 -0.699973145630345 0.182888289594615 0 0 0 -0.800777844752311 0 0 0 0 0 0 0 0 0 0 3.93522122172546 1.46003783536544 0 0 0 0 0 0 0 0 4.90633241999656 1.6688613329049 0.0101523714640179 -1.12970287573814 -1.99470031322475 0 -0.679633461393222 0 2.61694883886106 0 0 0 0 0 0 -0.536085290525229 0 0 0 -1.47888714794772 0 0 0 0 0 0 0 0 0
1.70783546733668 0 0 0 0 -1.15098027418543 0 0 0 0 0 0 0 0 0 -0.336472236621213 0 3.20227622566162 0.28256697178501 0.763726095202532 3.39151345522948 2.34324380887895 6.09167919239489 0 0 0 0 0 0 0 0 0 0 0 0 0 0 0 0 0 0 0 0 0 0 0 1.63030706429478 0.396353427756909 0 0 0.121555201577807 0.339867825622351 0 0 0 0.669049628980885 0 0 0 0 0 0 0 0 0 0 0 0 0 0 0 0 0 0 0 0 0 0 0 0 0 0 0 0 0 0 0 0 0 -1.60604232343296 -0.518793793415168 -1.04885077910905 0 0 0 0 0 0 0 0 0 0 -2.68784749378469 0 0 0 0 0 0 0.460605866786964 0 0 0 0 0 0 0 0 0 0 0 -0.77092488160263 0 -1.18377009700842 -1.18377009700842 0 0 0.0529925301405104 0 0 -2.24959256285354 0 1.98451394174372 0.130550764486385 0.60055439373212 2.45147414127289 3.8287892707962 5.1521702865813 0 4.81585550238026 5.4812481481577 0 4.88901838792915 0 0 0.941812600669274 0 -1.57270590316537 2.39448811447676 4.62550621775085 5.28733895638198 0 0 0 0 4.81890910786716 6.31736727434409 1.78664436856128 4.62032685008338 0 0 0 -1.26473915954208 0 0 0 -0.219747962313072 0 0 0 0 1.83067488547773 0 0 0 0.11247798342669 0 0 0 0 0 0 0 0 0 0 0 0 0 0 0 0 0 0 0 0 0 0 0 0 0 0 0 0 0 0 0 0 0 0 0 0 0 0 0 0 0 0 0 0 0 0 0 0 0 0 0 0 0 0 0 0 0 0 0 0 0 0 0 0 0 0 0 0 0 0 0 0 0 0 0 0 0 0 0 0 0 0 0 0 0 0 0 0 0 0 0 0 0 0 0 0 0 0 0 0 0 0 0 0 0 0 0 0 0 0 0 0 0 0 0 0 0 0 0 0 0 0 0 0 0 0 0 0 0 0 0 0 0 0 0 0 0 0 0 0 0 0 0 0 0 0 0 0 0 0 0 0 0 0 0 0 0 0 0 0 0 0 0 0 0 0 0 0 0 0 0 0 0 0 0 0 0 0 0 0 0 0 0 0
5.99859890092138 0 0 6.57003941223059 5.87906875984958 -0.154150679827258 0 0 0 0 0 0 4.14679931337681 5.65508754404715 4.57126863431241 2.48971367162755 1.29928298413026 0 1.72676733048234 0.763726095202532 -0.938647638975432 -1.89939013342042 -0.390274942614189 0 0 0 0 0 0 1.1728822172559 4.79668967462613 0 0.219053566062685 0 0 0 0 0 0 0 0 0 0 0 0 -1.83343216562862 0 0 0 0 0 0 0 0 0 0 0 0 0 0 0 0 0 0 0 0 0 0 0 0 0 0 0 0 -1.87691727756836 0 0 0 0 0 0 0 0 0 0 0 0 0 0 0 0 0 0 0 0 0 0 0 0 0 0 0 -2.31628393735221 0 0 0 0.469152927365423 0 0 0 0 0 0 0 0 0 0 2.0764609135417 2.70168075281673 3.89942700099428 5.41155493983275 1.46868908869386 0 0 -1.07840958135059 2.02975812153319 0 -2.79320800944252 0 0 0.47973503669596 0 0 0 0 0 0 0 0 0 0 6.97002720271523 0 0 0 -1.19494339760654 0 0 0 0 0 5.28950312479506 3.41493478945524 0 -2.59253731398037 1.14837379822717 0 -1.12970287573814 0.297834443915799 1.0872096565703 0.205298190994199 0 0 0 0 -3.89182029811063 -0.45783309362548 0 0 0 0 0 -2.73914078817224 0 -0.490622916448471 0 0 0 0 0 2.92089143218462 0 5.86843178633875 3.70155389501066 4.54622145500017 2.13645822212007 0 0 0 0 0 0 5.94456545088477 4.56026532140047 5.62148476984849 4.46821213217016 3.27650276083172 0 -0.507430034764852 0 0 0 0 0 0 0 0.121555201577807 0 2.19722457733622 1.09974543326528 1.15589667089016 0 -1.73233604875725 0 0 0 0 0 0 0 0 0 0 0 0 2.7324662420726 0 0 0 1.650096628319 0 0 0 0 0 0 0 0 0 0 0 0 0 0 0 0 0 0 0 0 0 0 0 0 0 0 0 0 0 0 0 0 0 0 0 0 0 0 0 0 0 0 0 0 0 0 0 0 0 0 0 0 0 0 0 0 0 0 0 0 0 0 0 0 0 0 0 0 -0.929989576232317 2.03688192726104 2.30258509299405 0 0 0 0 0 0 0 0 0 0 0 0 0 0 0 0 0 0 0 0 5.80894909396632 0.157061890034717 0 0 0.320307299767858 0 0 0 0 0 6.38423605255964 0 0 0 0 0 -3.11863040987714 0 0.434517430702666 -0.452471150484095 0 0 0 0 0 0 0 0 0 0 0 0 0 0 0 0 0 0 0
9.38989847676326 0 6.57003941223059 0 8.35042354372438 6.18181782208436 3.34882939614484 1.62697039119574 0.315356794608001 0 0 0 5.69720761960755 5.45854285178538 4.08076065378729 0 0 1.32220925191482 -0.485082736072856 1.21513476699131 1.60603075411249 2.37348091462708 0 0 0 0 0 0 0 1.79175946922805 4.3455267066216 0 0.704981638206948 0 0 0 0 0 0 0 0 -0.51309577230053 0 -1.46407206216257 -2.46470394247048 -3.19867311755068 -1.57270590316537 -1.25276296849537 -0.720735137078774 0 -0.646627164925052 -2.0459936076123 -2.31628393735221 0.243346258631729 0.617206027324562 0 0 0 0 0 0 0 0 0 0 2.64317904717305 0 0 0 -2.12823170584927 -0.0851578083403068 0.940485460461212 0 -0.78573996738777 4.21930760512541 5.13849587612028 5.27806259623428 0 0 0 0 1.19577603712176 0 0 -0.322287601629256 -3.48635519000246 -0.380274859279606 2.39293556021365 2.47836603213001 4.38198411676321 4.88524688011682 2.05447253035063 2.32611559040424 2.84889604760871 0 0 0 0 0 0 0 0 -0.182321556793955 0 0 1.76882268388496 0.0971637484536477 -1.18377009700842 0 1.29276830310907 2.29232859282686 0.703299552023963 0 0 0 0 0 2.97546014830579 4.37202783325828 5.05379469081679 6.90957335317438 3.66869410052617 4.17491041926671 0 0.706660899726668 6.22485474153677 3.73621082881971 3.14827816785922 0 0 5.17077384171129 4.40260427169647 1.21715089670649 3.96372437980504 4.34535030088796 1.45449326670567 0 0 0 0 0 5.13096484527299 0 0 0 0 0 0 0 0 0 3.36893651944393 6.56866533343427 3.46019336036539 2.64414639912273 0 0 -0.400376038600693 0 5.35161630135475 0 0 3.89473150831809 0 0 0 3.95672318434605 0 2.3340573925698 0.944461608840852 2.46659950234364 4.07626833499584 0 0 0 3.51822427361521 0.873198588819361 2.84850203657131 0 0 5.58019179088511 0 3.96288423369946 5.44465333433865 5.45372090553427 2.83919780237146 0 0 0 0 0 0 5.51007663421995 4.12559710572621 2.4355210702988 3.26097047860182 0.579818495252942 0 -1.57270590316537 0 0 0 0 0 0 0 0 0 0 -2.12823170584927 0.598686979557325 0 -1.89939013342042 0 0 0 0 0 0 0 0 0 0 0 0 -1.73233604875725 0 0 0 0 0 0 0 0 0 0 0 0 0 0 0 0 0 0 0 0 0 0 0 0 0 0 0 0 -0.577634293438101 0 -1.3015531326648 0 0 0 0 0 0 0 0 0 0 -2.35137525716348 0 0 0 0 0 0 0 0 0 0 0 0 0 0 0 0 0 0 0 0 0 0 0 0 0 0 0 0 0 -1.85493837084959 1.00974390093127 4.22449723753125 4.04775435731912 -0.912895142873017 0 0 0 -1.27686052007443 -1.83343216562862 0 0 0 -1.37951467413451 0 0 0 0 0 0 0 0 0 0 3.30086326512667 0 0 0 0 0 0 0 0 0 4.24659840045049 1.41891958843597 0 0 0 0 0 0 2.49112311513078 0 0 0 0 0 0 0 0 0 0 -2.97552956623647 0 0 0 0 0 0 0 0 0
8.17720430242455 0 5.87906875984958 8.35042354372438 0 7.68853481715272 4.42337910071414 0 0 0 0 0 6.30833384494875 5.9034043828564 1.52056952469726 1.99751923419768 0 1.82903777733583 1.74356436606993 3.43519341111201 3.85296603176003 4.75388336886214 0 0 0 0 0 0 0 0 3.21013021022983 0 -2.1870722058722 0 0 0 0 0 0 0 0 0.978274973206629 0 0 0 0 0.168622712435793 0 -1.27686052007443 -0.974049566026348 -1.97000770063437 0 0 -2.46470394247048 0 0 0 0 0 0 0 0 0 0 0 -1.01075093287678 0 0 0 0 0 -0.879558722605425 0 0.320307299767858 3.47293779793999 3.91697670198293 4.44349123974004 0 0 0 0 0.285127792646684 0 0 -2.85036642328247 0 0 1.86708147576665 2.47693848013882 3.74436886445303 4.21016043374257 0.757366773294239 1.71214184126336 0.486030965152774 0 0 0 0 0 0 0 0 -0.54778133028842 0 0 0.115512887121844 -1.24092851084837 -1.02014067322661 0 -0.170151021173699 1.82630329381623 -1.75175413461436 0 0 0 0 0 1.15052897147516 3.49764070606365 4.95814782712829 5.95465588859699 3.2095810613967 3.00048287631259 0 -0.490622916448471 4.06797963372329 3.84681305711973 2.25735999498911 0 0 4.68323291281458 3.25298143735471 0 3.14447476947674 4.48246433886849 1.5936679592928 0 -0.119059360015988 0 0 0 5.38490064738243 0 0 0 0 0 0 0 0 0 2.59789109055649 5.52829465744081 4.43429309483776 1.51010605105643 0.615369479517261 0 3.4225105832637 0.864639335423691 5.62686224901364 0 0 3.46243539408094 0 0 0 3.1311963212066 0 1.97747661502315 0.285127792646684 0.574087820543957 4.27501131142347 0 0 0 2.78736003956009 -0.0741079721537218 1.77402952237692 0 0 5.27884325671266 0 6.07304453410041 5.23473983475942 6.25758939262905 1.94299043895198 0 0 0 0 0 0 6.77411503689631 4.62503950440437 4.58926200629325 4.74876977144954 2.85732995069487 0 -0.0136988443581619 0 0 0 0 0 0 0 0 0 0.988453178122386 0.71001098661195 1.31127021849439 0 -2.1870722058722 0 0 0 0 0 0 0 0 0 0 0 0 1.15375304734691 0 0 0 -0.276407995878563 0 0 0 0 0 0 0 0 0 0 0 0 0 0 0 0 0 0 0 0 0 0 0 0 -0.672944473242426 -0.536085290525229 0 0 0 0 0 0 0 0 0 0 0 0 0 0 0 0 0 0 0 0 0 0 0 0 0 0 0 0 0 0 0 0 0 -1.55644538229359 0 0 0 0 0 0 0 0 1.38374008131479 4.16339034236228 4.10269958429191 -0.162118849476435 0 0 0 0 -0.536085290525229 0 0 0 0 0 0 0 0 0 0 0 0 0 0 5.32865190639811 -0.468644009729696 0 0 0 0 0 0 0 0 6.06714138027807 0.0626234232014716 0.726595114627485 0.486030965152774 0 0 -0.28995222098632 0 1.11436064563625 0 0 0 0 0 0 0 0 0 0 0 0 0 0 0 0 0 0 0 0
5.89542365822392 -1.15098027418543 -0.154150679827258 6.18181782208436 7.68853481715272 0 6.1713241756152 0 0 0 0 0 5.81195535842746 0.594941656827163 0 3.71721566132818 0.43010241249355 4.45888531481418 5.17975596682043 7.16858513817564 6.97301420383194 6.4773281342371 2.42714781563581 0 0 0 0 0 0 0 -0.589829566531919 0 0 0 0 0 0 0 0 0 0 0 0 0 0 0 0 0 0 0.25659148538175 0 0 0 0 0 0 0 0 0 0 0 0 0 0 0 0 0 0 0 0 0 0 0 -1.08845991720409 2.95228495379505 3.5339348083855 3.63892790150825 0 0 0 0 0.210823066926169 0 0 0 0 -1.58923520511658 1.02328256926407 2.15791315712133 3.21246073428143 3.74300037963492 1.00103196032925 1.6688613329049 -0.431306339292052 0 0 0 0 0 0 0 0 -1.01075093287678 0 0 -1.2176716486841 -0.524524468124153 0 0 1.06047941897267 1.1407939027044 -0.577634293438101 0 0 0 0 0 0.347105492922582 2.26268387624186 3.74436886445303 2.57949506846392 2.2270108449178 2.97302747986023 0 -1.07840958135059 1.69230238087633 4.47486003302631 1.89864942693778 0 0 4.63855232841772 3.47599348758385 0.237998652305134 2.81279828436364 3.95600734141046 2.0527273292096 0 1.3463931443677 0 0 0.662056593489914 -0.706846024918107 3.11608192947645 0 0 2.83660893305735 0 0 0 0 0 2.38982320164772 1.893542163538 5.48255036068726 -0.0416726964005681 4.95565937083974 1.53752533084381 6.09184841405259 5.2717254173457 5.48304532269135 0 0 4.23153986942715 0 0 0 1.95124091040686 0 0.312872321280339 0.903970247486114 0.622695519609334 4.14469920759969 0 0 0 1.9072723563499 0.246009376051213 1.65400797619991 0 0 2.87513917090605 0 1.90170131130044 2.59357800509313 3.38784330545083 2.01035755817059 0 0 0 0 0 0 3.43157041763375 -1.42089989029737 2.19986658679906 2.01762041351876 2.1368597479235 0 -2.38774290133435 0 0 0 0 0 0 0 0 0 0 0 0 0 0 0 0 0 0 0 0 0 0 0 0 0 0 0 0 0 0 0 0 0 0 0 0 0 0 0 0 0 0 0 0 0 0 0 0 0 0 0 0 0 0 0 0 0 -1.65822807660353 0 0 0 0 0 0 0 0 0 0 0 0 0 0 0 0 0 0 0 0 0 0 0 0 0 0 0 0 0 0 0 0 0 0 0 0 0 0 0 0 0 0 1.58742877094231 1.09178632359771 0 0 0 0 0 0 0 0 0 -3.19867311755068 0 0 0 0 0 0 0 0 0 0 1.24886812423383 0 0 0 0 0 0 0 0 0 2.65926003693278 -2.07266185469446 0 0 0 0 0 0 -0.331721633862615 0 0 0 0 0 0 0 0 0 0 0 0 0 0 0 0 0 0 0 0
1.20397280432594 0 0 3.34882939614484 4.42337910071414 6.1713241756152 0 0 0 0 0 0 2.91205485038412 0 0 1.30943535559428 0 5.1261481812181 1.47959262350796 -2.07266185469446 2.79632683929154 5.08191127159778 -1.65822807660353 0 0 0 0 0 0 0 0 0 0 0 0 0 0 0 0 0 0 0 0 0 0 0 0 0 0 0 0 0 0 0 0 0 0 0 0 0 0 0 0 0 0 0 0 0 0 0 0 0 0 0 1.2833873712753 1.97747661502315 1.59642848554551 0 0 0 0 -1.99470031322475 0 0 0 0 0 -1.02014067322661 -2.85036642328247 2.09714111877924 1.03059076257079 0 0.68117098951323 0 0 0 0 0 0 0 0 0 0 0 0 -0.280902385466402 -0.855266030036381 0 0 -1.11923157587085 0 -2.73914078817224 0 0 0 0 0 0 0 0.598686979557325 0 1.92677785097416 0.103317614028026 0 0 -0.666299930523757 4.44173046454424 1.00974390093127 0 0 3.07608890369126 1.68539063485611 0 1.77287478783753 3.82389783586004 0.929804451040878 0 2.12879843864993 0 0 0 0 1.67333847501734 0 0 1.24886812423383 0 0 0 0 0 -0.223994253194523 0 5.64201561910647 -1.19494339760654 0.95760240240191 0 2.67578933888399 0.267062785249045 3.09720770100025 0 0 6.24624518336537 0 0 0 1.26531745497463 0 0 0 0 2.76469197861113 0 0 -1.55644538229359 1.92429830593983 0 0.941812600669274 0 0 0 0 0 0 0 0 0 0 0 0 0 0 0 0 0 0 0 0 0 0 0 0 0 0 0 0 0 0 0 0 0 0 0 0 0 0 0 0 0 0 0 0 0 0 0 0 0 0 0 0 0 0 0 0 0 0 0 0 0 0 0 0 0 0 0 0 0 0 0 0 0 0 0 0 0 0 0 0 0 0 0 0 0 0 0 0 0 0 0 0 0 0 0 0 0 0 0 0 0 0 0 0 0 0 0 0 0 0 0 0 0 0 0 0 0 0 0 0 0 0 0 0 0 0 0 0 0 0 0 0 0 0 0 0 0 0 0 0 0 0 0 0 0 0 0 0 0 0 0 0 0 0 0 0 0 0 0 0 0 0 0 0 0 0 0 0 0 0 0 0 0 0 0 0 0 0 0 0 0 0
0 0 0 1.62697039119574 0 0 0 0 8.17467701263211 5.64694813794945 2.71031520773306 5.67106483365737 0 4.43598643878953 0 0 0 0 0 0 0 0 0.075322006538599 0 4.02066384920754 0 0 3.41056381023499 0 0 0 0 0 0 0 5.24124298279091 4.05938685836234 2.81218547666394 2.56364028540655 6.29360159024113 -1.17272026082183 2.45176718156803 3.40662480339752 2.85693924938105 1.22417551164346 0 4.450582902927 0.552789822865023 0 0 8.29440076892528 5.89251766045349 7.46463457589603 6.81166009726687 6.3030424987149 5.09627195486548 0 0 0 0 0 0 0 0 0 0 3.97739026470004 0 0 0 0 0 3.96236686965765 2.71528023711569 -2.21784386453896 -0.620984734311715 0 2.72044472597192 -0.126751705639144 1.78550411758255 0.689740022238331 -0.134503682443462 -0.154150679827258 0 0 0 0 0 0 0 -0.0631789016215316 0 0 0 1.04265363502007 1.47493422999064 3.89182029811063 0 2.92180743481347 2.77471231615739 0 0 0.829650343573625 -1.00144854021446 -0.294508037522181 0.68117098951323 0.587408664519618 1.29835490981771 -1.43508452528932 0 0 -1.31413191487166 1.46868908869386 0 0 4.05172579195721 3.75803104316332 2.36104651242866 3.13505046176167 5.87618157246858 0 0 -1.339774345485 0.467023001107598 2.54539787601963 0 0 1.27105909754231 2.87609803568371 3.96964994139166 1.31035320788451 2.05534399010078 6.48808257643478 4.42631201250736 -0.536085290525229 2.33833301164703 5.9330207937675 3.51468802340323 2.22112414653507 1.41809620428076 -0.360569788200273 0 1.26914887728619 4.91195436031336 2.33734795164289 0 3.89873786858468 6.88374134760019 6.78503789555296 3.06377231028567 5.12487464334016 0 -0.276407995878563 0 0 0 3.77103922848167 0 0 0 0 0 0 0 0 0 1.55275957541566 0 0 0 0 0.510825623765991 0 0.631778234183653 2.53655418981318 2.33701938255829 4.79508753810185 1.72858056760652 0 0 0 0 0 -1.60604232343296 0 0 0 8.3892253025105 4.58666671442353 0 0 0 0 4.8907326667529 0 0 0 0 0 0 0 0 0 0 0 2.35072716900081 2.6412415314301 0 0 -1.15098027418543 0 0 0 0 0 5.79374960758807 3.64915521285111 2.05185358516101 4.39386109232088 6.29180846591874 1.04385195751217 0.504684355743908 4.07210359042905 4.38986150799754 1.9727573990915 0 0 0 0 0 4.46041963067275 1.79797593457083 4.35400151967815 2.00670625333809 6.93175742594553 0 0 0 0 0 0 0 0 0 0 0 0 0 0 0 0 0 0 0 0 0 0 0 0 0 0 0 0 0 0 0 0 0 0 0 0 0 0 0 0 0 0.975714152344956 0.649699860801009 0 0 0 0 0 0 0 0 0 0 0 0 0 0 0 0 0 0 0 -1.60604232343296 0 0.711681830776768 0 0 0 0 0 0 0 0 0 0 0 0 0 0 0 0 0 0 0 0 0 0 0 0 0 0 0 0 0 0 0 0 0 0 0 0 0 0 0 0 0 0 0 0 0 0 0 0 0 0 0 0 0 0 0 0 0 0 0 0
0 0 0 0.315356794608001 0 0 0 8.17467701263211 0 4.27396974329598 1.55778651598364 5.38834149090271 0 2.55178087641467 0 0 0 0 0 0 0 0 0 0 0 0 0 0 0 0 0 0 0 0 0 6.35189433754105 3.81778707833967 0.619039208406224 4.30544307330371 2.77322627406246 0 3.39025335998284 0 0 2.00258253615422 0 3.34391891259666 0.302872237945756 1.95510005653743 0 6.87075957165969 5.01669400051688 7.46864527905979 5.87610523003455 2.78715054966721 4.51570682575117 0 0 0 0 0 0 0 0 0 0 2.54406294056575 0 0 0 0 0 1.17603513631552 -1.67624658210621 0 0 0 1.1885483340003 0 0 0 0 0 0 0 0 0 0 0 0 0 0 0 0 1.06400675949063 0 1.3285355269677 0 0.816207273317172 2.65137186408377 0 0 0 0 0 -1.36609165380237 0 -0.921405832540926 0.377877151589335 0 0 0 0 0 0 2.51588443027348 1.61824257479925 1.69292835898754 3.39025335998284 5.57984533721982 0 0 0 0 0 1.13752770491778 0 0 0 0 0 0 1.89507708325608 -0.431306339292052 0 0 2.69572971671417 0.2748449256911 0 -1.17272026082183 0 0 -0.103849941352459 2.26868354131836 0 0 2.53870530653404 4.45399127654999 4.80061388641164 0.342286206486633 2.30936477997942 0 -1.92237965164512 0 0 0 0.544931236252502 0 0 0 0 0 0 0 0 -0.20294084399669 -0.627333961990374 0 0 0 0 0 0 0 0 0 -0.559615787935423 0 0 0 0 0 0 0 0 0 0 5.41289041822348 5.32587628381882 0 0 0 0 3.01809930370089 0 0 0 0 0 0 0 0 0 0 0 0 1.93516261033173 0 0 0 0 0 0 0 0 5.06952438380361 3.62985856264107 0.396353427756909 5.49875612416849 3.24797219935584 0 3.65585717797191 0 -2.07266185469446 2.24554671996812 0 0 0 0 0 5.3110421840096 3.40414089108959 4.07592193466906 1.17498526745268 2.08156513559745 0 0 0 0 0 0 0 0 0 0 0 0 0 0 0 0 0 0 0 0 0 0 0 0 0 0 0 0 0 0 0 0 0 0 0 0 0 0 0 0 0 0 0 0 0 0 0 0 0 0 0 0 0 0 0 0 0 0 0 0 0 0 0 0 -1.03918886819731 0 0 0 0 0 0 0 0 0 0 0 0 0 0 0 0 0 0 0 0 0 0 0 0 0 0 0 0 0 0 0 0 0 0 0 0 0 0 0 0 0 0 0 0 0 0 0 0 0 0 0 0 0 0 0 0 0 0 0 0
0 0 0 0 0 0 0 5.64694813794945 4.27396974329598 0 0.984648481078722 6.10933828159895 0 0 0 0 0 0 0 0 0 0 0 0 0 0 0 0 0 0 0 0 0 0 0 0 0 0 0 0 0 0 0 4.25043699023227 0 0 2.64872858488044 0 0 0 5.97410383387054 4.19238241413269 3.30411692836494 7.69687104963397 3.96100751417112 0.667305949376058 0 0 0 0 0 0 0 0 0 0 6.40219355433569 0 0 0 0 0 3.73247311422203 2.52844603728476 0 0 0 0.919008124850655 0 0 0 0 0 0 0 0 0 0 0 0 0 0 0 0 -0.474093614497261 6.96458238322101 6.47378046099969 0 0 0 0 0 0 0 0 0 0 0.885901653075614 0 0 0 0 0 -0.18641154204548 0 -0.312941739211019 -1.69459572077441 0 0 -1.71328785378656 0 0 0 0 0 0 0 0 0 0 0 0 -0.276407995878563 -1.92237965164512 0 -1.17272026082183 2.19305869363678 1.03905002751677 0 0 0 0 0 2.82839985702467 0.87603547015456 0 0 1.20295187519183 4.20103072942776 0.377877151589335 2.98959100553191 0 0 0 0 0 1.42629969573359 0 0 0 0 0 0 0 0 0 0 0 0 0 0 0 0 0 0 0 0 0 0 0 0 0 0 0 0 0 0 0 0 0 0 0 0 0 0 0 0 0 0 0 0 0 0 0 0 0 0 0 0 0 0 0 0 0 0 0 0 0 0 0 0 0 0 0 0 0 0 0 0 0 0 0 0 0.542956901948784 0 0 0 0 0 0 0 0 0 0 0 0 0 0 0 0 0 0 0 0 0 0 0 0 0 0 0 0 0 0 0 0 0 0 0 0 0 0 0 0 0 0 0 0 0 0 0 0 0 0 0 0 0 0 0 0 0 0 0 0 0 0 0 0 0 0 0 0 0 0 0 0 0 0 0 0 0 0 0 0 0 0 0 0 0 0 0 0 0 0 0 0 0 0 0 0 0 0 0 0 0 0 0 0 0 0 0 0 0 0 0 0 0 0 0 0 0 0 0 0 0 0 0 0 0 0
0 0 0 0 0 0 0 2.71031520773306 1.55778651598364 0.984648481078722 0 5.58106380940664 0 0 0 0 0 0 0 0 0 0 0 0 0 0 0 0 0 0 0 0 0 0 0 0 0 0 0 0 0 0 0 4.23558426458245 0 0 0.572170274414685 0 0 0 3.24651746128272 1.79119241505919 0.974431278532067 2.71618032718546 0.777888409015036 4.03116566060057 0 0 0 0 0 0 0 0 0 0 5.780586032997 0 0 0 0 0 7.0949741215248 4.38817267500167 0 0 0 4.42879012715939 5.71890563623042 5.55977855460494 4.73673536115907 1.21715089670649 3.79365306288173 0 0 0 0 0 0 0 0 0 0 0 -1.44947326274142 3.50072459008666 2.55654153073779 0 -1.2176716486841 0 0 0 0 0 0 0 0 1.18439464163161 0 0 0 0 0 0 0 0 0 0 0 0 0 0 0 0 0 0 0 0 0 0 0 0 2.19001802234686 -0.571591978982138 0 0 1.9727573990915 -1.15098027418543 0 0 0 0 0 0.159964649692678 -0.620984734311715 0 0 -0.126751705639144 3.57669297338571 0 1.24103262870988 0 0 0 0 0 -0.947381318944186 0 0 0 0 0 0 0 0 0 0 0 0 0 0 0 0 0 0 0 0 0 0 0 0 0 0 0 0 0 0 0 0 0 0 0 0 0 0 0 0 0 0 0 0 0 0 0 0 0 0 0 0 0 0 0 0 0 0 0 0 0 0 0 0 0 0 0 0 0 0 0 0 0 0 0 0 0 0 0 0 0 0 0 0 0 0 0 0 0 0 0 0 0 0 0 0 0 0 0 0 0 0 0 0 0 0 0 0 0 0 0 0 0 0 0 0 0 0 0 0 0 0 0 0 0 0 0 0 0 0 0 0 0 0 0 0 0 0 0 0 0 0 0 0 0 0 0 0 0 0 0 0 0 0 0 0 0 0 0 0 0 0 0 0 0 0 0 0 0 0 0 0 0 0 0 0 0 0 0 0 0 0 0 0 0 0 0 0 0 0 0 0 0 0 0 0 0 0 0 0 0 0 0
0 0 0 0 0 0 0 5.67106483365737 5.38834149090271 6.10933828159895 5.58106380940664 0 0 0 0 0 0 0 0 0 0 0 0 0 0 -0.974049566026348 0 0 0 0 0 0 0 0 0 0 0 0 0 0 0 0 0 5.12031300784138 0 0 3.20614203193946 0.723300218730633 0 0 6.36373158580655 4.1377211142095 3.27894006561085 6.63252596038781 4.21071566682853 4.36422455596569 0 0 0 0 0 0 0 0 0 0 7.05968191310821 0 0 0 0 0 7.21343011863161 5.44073770658981 0 0 0 4.60510215646325 4.83455273760243 4.37048064367682 4.3390676503667 1.05575686001849 4.70903979487818 0 0 0 0 0 0 0 0 0 0 0 1.81196217654557 4.93777196829423 5.01838298088708 0 0.202524264111474 0 0 0 0 0 0 0 0 2.63443051020819 0 0 0 0 1.25954265548075 -1.54044504094715 0 1.72069935069859 1.08261194732167 0 0 0 0 0 0 0 0 0 0 0 -0.360569788200273 0 0 0 3.70339937829596 1.62228026534533 0 2.27359755612079 4.03357820700595 2.2317684019244 0 -2.21784386453896 0.414494514827559 0 0.182888289594615 2.728697254128 1.29649617322308 0 0 3.24572307490439 5.38717511051497 1.67206133563557 4.1592550379855 0 0 0 0 0 2.99895835666439 0 0 0 0 0 0 0 0 0 0 0 0 0 0 0 0 0 0 0 -0.28995222098632 0 0 0 0 0 0 0 0 0 0 0 0 0 0 0 0 0 0 0 0 0 0 0 0 0 0 0 0 0.5469016802398 0 0 0 0 0 0 0 0 0 0 0 0 0 0 0 0 0 -1.62313675679226 0 0 0 0 0 0 0 0 0 0.312872321280339 0 0 0 0 0 0 0 0 0 0 0 0 0 0 0 0 0 0 0 0 0 0 0 0 0 0 0 0 0 0 0 0 0 0 0 0 0 0 0 0 0 0 0 0 0 0 0 0 0 0 0 0 0 0 0 0 0 0 0 0 0 0 0 0 0 0 0 0 0 0 0 0 0 0 0 0 0 0 0 0 0 0 0 0 0 0 0 0 0 0 0 0 0 0 0 0 0 0 0 0 0 0 0 0 0 0 0 0 0 0 0 0 0 0 0 0 0 0 0 0 0 0 0 0 0 0
6.08440643306581 0 4.14679931337681 5.69720761960755 6.30833384494875 5.81195535842746 2.91205485038412 0 0 0 0 0 0 4.51477647196358 0 4.95862566729985 1.51085708376165 3.26630451843931 5.7269142214796 4.45193178831759 5.28151024823166 4.69896406527445 0.814702382137752 0 0 0 0 0 0 0 0.663809442317329 0 0 0 0 0 0 0 0 0 0 0 0 0 0 0 0 0 0 0 0 0 0 0 0 0 0 0 0 0 0 0 0 0 0 0 0 0 0 0 0 0 0 0 1.10651746817522 0.881685202696679 1.02205932752132 0 0 0 0 -0.80838244413753 0 0 0 0 0 0 -0.686367493574567 -1.64052849950413 0.171492154863746 0 0 0 0 0 0 0 0 0 0 0 1.22117100262316 0 0 -0.816045316883099 1.83394108326435 0 0 0 0 0 0 0 0 0 0 0 3.01793298353418 3.57135148796538 3.85094334812598 -0.267479365134262 2.18199199034611 0 0.919008124850655 1.32943602230095 -1.01075093287678 2.60041953690984 -0.258629749857279 1.39307404810527 1.9798278975548 0 0 0 2.09169607914818 -1.73233604875725 0 0.703299552023963 0 0 0 3.57640754452691 3.05979236393529 0 0 1.25567417870283 0 0 0 0 0 4.01417429539283 1.40064665475923 1.42548236834849 -0.0346055291774756 3.64160599630654 0.760551489361759 4.47845708964221 3.86487435038797 1.14945196544752 0 0 0.427887572163997 0 0 0 2.65041147985629 0 0.460605866786964 0 -1.81237875643079 0.805625163986636 -2.02001812120904 0 1.1031371832664 0.919008124850655 0 -0.693147180559945 0 0 4.57705761635939 0 5.16909156037363 4.71390256155196 5.23493916970621 3.0147676331195 0 0 0 0 0 0 6.39373862825774 3.50267280910841 4.31984361381005 4.84902298297427 3.73912628277983 0 0.819210278576942 0 0 0 0 0 0 0 0 0 1.8091805335837 0.261840841267894 0 0 0 0 0 0 0 0 0 0 0 0 0 0 0 1.23610408250873 0 0 0 1.30759711978253 0 0 0 0 0 0 0 0 0 0 0 0 0 0 0 0 0 0 0 0 0 0 0 0 0 0 0 0 0 0 0 0 0 0 0 0 0 0 0 0 0 0 0 0 0 0 0 0 0 0 0 0 0 0 0 0 0 0 0 0 0 0 0 0 0 0 0 0 -0.863298201733645 2.92272259914933 2.88961561419284 0 0 0 0 0 0 0 0 0 0 0 0 0 0 0 0 0 0 0 0 4.878334113029 -1.39312032619029 0 0 0 0 0 0 0 0 5.83382564765325 0 0 0 0 0 0.949738665941695 0 0 0 0 0 0 0 0 0 0 0 0 0 0 0 0 0 0 0 0 0 0
5.02604877357061 0 5.65508754404715 5.45854285178538 5.9034043828564 0.594941656827163 0 4.43598643878953 2.55178087641467 0 0 0 4.51477647196358 0 6.83406480208272 -0.706846024918107 -0.54778133028842 0 0 0 0 0 0 0 0 0 6.30863111747552 0 4.94564315535054 5.8242929539949 6.18673338750654 4.32471814954979 6.4059084988595 6.03341243818102 4.53018270630186 3.35917001244354 4.50286621881281 4.35788552813935 3.64507683145554 4.95690437303565 2.43908825600773 2.03643817309356 2.58412589742374 0.277425572284592 5.2394768665251 2.24914126014327 0 0 -0.80838244413753 0 1.85544728848531 0.0168638060520047 0.154150679827258 1.230157583321 3.47651938820075 0 1.35958014864966 5.62837940292869 1.74771990781722 2.23286309278358 1.69104924788026 2.91850589109552 1.62496303020051 1.12324959305349 1.68602095318773 0 0 0 3.19700575576381 0 0 1.53532994028038 0 0 0 0 0 0 0 0 0 0 0 0 0 0 0 0 0 0 0 0 0 0 0 0 0 0 0 0 0 0 0 0 0 0 0 0 0 0 0 0 0 0 0 0 0 2.29060890194733 4.78488062703388 3.92136696941079 5.74581190319983 2.61719719351277 0 0.458457638248675 0 4.02941291771433 -0.938647638975432 0 0 0 -0.646627164925052 0 0 0 0 0 0 0 0 0 0 6.01393967053117 0 0 0 0.454147286747553 0 0 0 0 0 4.25681813921754 1.4536986699217 0 -1.02961941718116 0 0 0 0 -0.22825865198098 4.85109977162209 3.57029890665198 -1.42089989029737 0.807143767163826 0 -0.679633461393222 -0.395312736644146 0 0 0 0 -2.12823170584927 0 0 0 0 0 0 3.3703406853662 2.2512917986065 3.90786471183273 0 4.86144583202416 4.03255358587542 4.11776431152874 0.92171815360952 0 3.88890058800729 0.940485460461212 0 0 0 4.59940530160803 8.45553342517909 6.08211018517927 2.67602350350278 1.47571213745888 0 0 0 0 0 0 0 0 1.27201284105762 4.93388647533732 0 4.49050727766795 3.77922992133354 1.51684512560628 2.32245441141033 3.3038670220785 1.23214368129263 -0.20294084399669 3.2469144179535 3.78078247559665 2.82457267942541 2.83720695958769 4.19909264548353 1.77691053848666 1.97653455183525 2.6501712396149 1.16654639880682 3.97624259816244 2.1539745935424 0 0 0.837041360220014 0.613529552595254 0.626338510887835 -0.83939268088009 -0.126751705639144 0 3.16894214999669 0 0 4.41617333770341 0 0 -1.46407206216257 0 0 0 0 0 0 0 0 0 0 0 0 0 0 0 0 0 0 0 0 0 0 0 0 0 0 0 0 0 0 0 -2.50552593699074 0 0 0 0 0 0 0 0 0 0 0 0 0 0 0 0 0 0 0 0 0 0 0 0 0 2.33964491737799 3.12941246463128 2.74237494364328 0.139466128144337 0 -0.974049566026348 0 0.883092662464559 0 0 0 0 0 0 0 0 0 0 0 0 0 0 0 5.0723424296898 0 0 0 0 0 0 0 0 0 4.7740802134668 0.449818275657967 -2.10006082888257 -1.27686052007443 0 0 0 0 0.3590530663437 1.64485758555648 0.738042500467836 0 -1.04885077910905 0 0 0 0 0 0 0 0 0 0 -0.111425735160917 0 0 0 0 0
-1.31413191487166 0 4.57126863431241 4.08076065378729 1.52056952469726 0 0 0 0 0 0 0 0 6.83406480208272 0 1.1916523199379 3.01209428148557 -0.178248231406319 -0.524524468124153 0 0 0 0 0 0 0 2.31374705565942 0 5.11200827827038 6.10397292520953 7.02180952704951 -0.0631789016215316 3.795718468091 2.04219167424927 2.90500342016423 0 0 0 0 0 0 0 -0.4260843953109 0 2.6746176925871 4.72545952646073 -0.22825865198098 1.38799359687285 0.982103950443727 2.76319095978101 0 0 0 0 0 0 0.023530497410194 2.08029152048154 1.31492987491192 -0.166126870873974 0 1.05220024690365 0.779449689581988 -0.395312736644146 0 0 0 0 1.23807841681245 0 0 -1.02014067322661 0 0 -3.60413822565885 0 0 0 0 0 0 0 0 0 0 0 0 0 0 0 0 0 0 0 -0.0136988443581619 0 0 0 0 0 0 0 1.74890404057844 0 0 -1.26473915954208 1.45449326670567 0 0 0 0 0 0 0 0 0 0 4.28278868323665 5.72110325543208 4.88437252939507 4.251164174848 4.37022254585631 0 2.92564550952405 1.61824257479925 4.85590243425308 0 -0.485082736072856 -0.322287601629256 0.130550764486385 0 1.92231023371444 1.29556550773013 0 0 0 0 0 0 0 0 6.82888875008737 4.17339253145598 0 3.98778655485089 5.20656377973217 0 0 0 0 3.95339994797707 4.2895271270775 0 0 -1.46407206216257 0 0 0.0721624462482306 0 0 4.34953155299095 1.89763005885766 0 0 0 -0.154150679827258 2.34845554706014 0 0 0 0 -1.06845925049742 2.08029152048154 1.69480394565803 3.03115194667637 -0.194642041181995 0 0 2.32843847182038 -2.07266185469446 -0.365459773494465 0 4.75405923426693 0.496436886313891 2.90145897097262 0 0 0 0 0 0 0 4.05821204619715 4.96578972074126 7.57627689402373 2.17080144331368 2.73908294023132 0 -1.08845991720409 0 0 0 0 0 0 0 4.36655898552314 0 6.24629131840264 3.84717604670592 0.757366773294239 0 1.47103558957498 0 0 -0.346041687637364 -2.07266185469446 0 0 0 0 1.62630171848611 0 0 5.01179108849354 5.11791233938428 0 0.811685788598327 3.54026895466229 3.23306045986016 0 0 0 0 0 0 0 0 0 0 0 0 0 0 0 0 0 0 0 0 0 0 0 0 0 0 -0.0487901641694321 0 0 0 0 0 0 0 0 0 -0.699973145630345 0 0 0 0 0 0 0 0 0 0 0 0 0 0 0 0 0 0 0 0 0 0 0 0 0 0 0 0 0 0 0 1.56918265071451 0.366153687893276 0 0 0 1.01098229118241 0.423443120403573 -0.150190278611161 0 0 0 0 0 0 0 0 0 0 0 0 0 0 0 5.94870083022904 -0.380274859279606 0 -0.299084704549593 1.45290344125157 0 0 0 0 -0.659699246492405 5.18660641961545 0 0 0 0 0 1.1076416953875 0 0 1.11212600783483 0 0 0 0 0 -0.608405952104855 0 0 0 0 0 0 -0.0310905870700311 1.25857693836079 0 0 0 0 0
-0.78573996738777 -0.336472236621213 2.48971367162755 0 1.99751923419768 3.71721566132818 1.30943535559428 0 0 0 0 0 4.95862566729985 -0.706846024918107 1.1916523199379 0 5.44736759761584 2.74215581358872 6.62256443191571 3.19783978416912 3.17706127443519 2.54619798274321 0.552789822865023 0 0 0 0 0 0 0 0 0 0 0 0 0 0 0 0 0 0 0 0 0 0 -2.07266185469446 0 0 2.08283713068097 -0.312941739211019 0 0 0 0 0 0 0 0 0 0 0 0 0 0 0 0 0 0 0 0 0 0 0 0 -0.0171530792262495 0.40091964573649 0 0 0 0 0 0 0 0 0 0 0 0 0 0 -1.39312032619029 0 0 0 0 0 0 0 0 0 0 0 -0.436555695178195 0 0 0 -0.938647638975432 0 0 0 0 0 0 0 0 0 0 0 2.11371150620879 1.3760378609527 0 0 0 0.560587133325054 -0.420889578433796 -0.194642041181995 -0.400376038600693 -0.405465108108164 0 -3.11863040987714 -1.47888714794772 0 0 0 1.17182903127125 -1.67624658210621 0 1.58324758018191 0 0 0 3.58455770336372 3.78395769607656 0 0 5.04480665064117 0 0 0 0 0 5.14891728947938 0 0.670790273458669 0 2.75262026486802 1.49114454249769 4.71551824315696 3.79892286543125 0 0 0 0.95760240240191 0 0 0 -0.415721608275354 0 0 0 0 -1.58923520511658 0 0 -0.326993492666669 -0.693147180559945 0 0 0 0 1.56207530025585 0 2.25771580356785 0.460605866786964 1.36306751051007 -0.741937344729377 0 0 0 0 0 0 2.54299370763843 1.28055584507956 1.38374008131479 -0.31760375231683 0.635388346407753 0 -3.38099467434464 0 0 0 0 0 0 0 0 0 0 0 0 0 0 0 0 0 0 0 0 0 0 0 0 0 0 -1.44947326274142 0 0 0 -3.28568449454031 0 0 0 0 0 0 0 0 0 0 0 0 0 0 0 0 0 0 0 0 0 0 0 0 0 0 0 0 0 0 0 0 0 0 0 0 0 0 0 0 0 0 0 0 0 0 0 0 0 0 0 0 0 0 0 0 0 0 0 0 0 0 0 0 0 0 0 0 0 -0.640154650419435 0 0 0 0 0 0 0 0 0 0 0 0 0 0 0 0 0 0 0 0 0 2.19039861226582 0 0 0 0 0 0 0 0 0 2.87763030949433 0 0 0 0 0 0 0 0 0 0 0 0 0 0 0 0 0 0 0 0 0 0 0 0 0 0 0 0
0 0 1.29928298413026 0 0 0.43010241249355 0 0 0 0 0 0 1.51085708376165 -0.54778133028842 3.01209428148557 5.44736759761584 0 2.22590972533508 4.41982365039235 0.939156556611158 1.84475199936857 0.414494514827559 1.34106926311495 0 0 0 0 0 0 0 -1.36609165380237 0 0 0 0 0 0 0 0 0 0 0 0 0 0.464888528578965 4.11332429979466 0 0.703299552023963 2.5249119844017 5.76439108994197 0 0 0 0 0 0 0 0 0 0 0 0 0 0 0 0 0 0 0 0 0 0 0 0 -1.12970287573814 0 0 0 0 0 0 0 0 0 0 0 0 0 0 0 0 0 0 0 0.556696077832088 0 0 0 0 0 0 0 -0.331721633862615 0 0 -0.263044768066396 -0.198782833848027 0 0 0 0 0 0 0 0 0 0 -0.855266030036381 0.544931236252502 0.347105492922582 0 0 0 -0.577634293438101 -1.49392502531226 -2.31628393735221 0 -0.896088024556636 -0.706846024918107 0 0 0 0 0 0.396353427756909 0 0 1.6121553054106 0 0 0 5.21469541521235 4.77307424945296 0 4.18609243670272 6.56742800218524 0 0 0 0 3.24386704891752 5.40194168200463 0 0 0 2.20587938206584 -1.20624295286048 3.55427849067424 2.41262850431135 0 0 0 0 0 0 0 -0.150190278611161 0 0 0 0 -0.666299930523757 1.31127021849439 0 -0.31760375231683 -2.68784749378469 0 0 0 0 0.976995382501004 0 -0.223994253194523 -0.823767362977009 0.264455221841964 0 0 0 0 0 0 0 2.6280641811643 0.537010402761058 3.72847620853809 -0.653141845946246 0.624518674170849 0 -0.541916210836022 0 0 0 0 0 0 0 0 0 -1.24092851084837 0 0 0 0 0 0 0 0 0 0 0 0 0 0 0 0 -2.9109910450989 0 0 0 0 0 0 0 0 0 0 0 0 0 0 0 0 0 0 0 0 0 0 0 0 0 0 0 0 0 0 0 0 0 0 0 0 0 0 0 0 0 0 0 0 0 0 0 0 0 0 0 0 0 0 0 0 0 0 0 0 0 0 0 0 0 0 0 0 0 0 0 0 0 0 0 0 0 0 0 0 0 0 0 0 0 0 0 0 0 0 0 0 0 0 0 2.67882921027669 0 0 0 0 0 0 0 0 0 1.71398176818537 0 0 0 0 0 0 0 0 0 0 0 0 0 0 0 0 0 0 0 0 0 0 0 0 0 0 0 0
-0.115235263577585 3.20227622566162 0 1.32220925191482 1.82903777733583 4.45888531481418 5.1261481812181 0 0 0 0 0 3.26630451843931 0 -0.178248231406319 2.74215581358872 2.22590972533508 0 2.75283711405027 1.50256453718364 5.34946949450949 5.54647868083753 4.10427244159852 0 0 0 0 0 0 0 0 0 0 0 0 0 0 0 0 0 0 0 0 0 0 0 0 0 0 0 0 0 0 0 0 0 0 0 0 0 0 0 0 0 0 0 0 0 0 0 0 0 0 0 -0.956191948626341 1.01221914971981 1.79175946922805 0 0 0 0 0 0 0 0 0 0 -0.158126828206898 0.412244795093543 0.488120830072234 1.82794488105218 0 1.37431817007318 0 0 0 0 0 0 0 0 0 0 0 0 0.574087820543957 0 0 0 -0.706846024918107 0 -0.778304988900252 0 0 0 0 0 0 0 1.21916296981991 0 3.25783486066816 0 0 -2.46470394247048 0 5.08969373941585 0 0 0 3.77860822408007 1.64222773525709 1.11659030096352 1.90119331027352 6.65621925180599 6.1839454899317 1.3972881293521 6.87548856194584 0 0 1.54335625115461 1.93565364888812 3.25848892570554 0 0 2.35686711396443 0 0 0 0.822204292789547 2.99044621810434 2.67156497212316 0 3.75509068263901 0 5.08591523876183 4.87194647186678 3.54675929114419 3.82708739462236 1.61891665638864 0 0 6.62040421749982 0 0 0 0.335013447157553 0 0 0 -0.365459773494465 3.29986000444558 0 0 -0.322287601629256 -1.99470031322475 0 -1.11923157587085 0 0 0 0 0 0 0 0 0 0 0 0 0 0 0 0 0 0 0 0 0 0 0 0 0 0 0 0 0 0 0 0 0 0 0 0 0 0 0 0 0 0 0 0 0 0 0 0 0 0 0 0 0 0 0 0 0 0 0 0 0 0 0 0 0 0 0 0 0 0 0 0 0 0 0 0 0 0 0 0 0 0 0 0 0 0 0 0 0 0 0 0 0 0 0 0 0 0 0 0 0 0 0 0 0 0 0 0 0 0 0 0 0 0 0 0 0 0 0 0 0 0 0 0 0 0 0 0 0 0 0 0 0 0 0 0 0 0 0 0 0 0 0 0 0 0 0 0 0 0 0 0 0 0 0 0 0 0 0 0 0 0 0 0 0 0 0 0 0 0 0 0 0 0 0 0 0 0 0 0 0 0
2.10628879171602 0.28256697178501 1.72676733048234 -0.485082736072856 1.74356436606993 5.17975596682043 1.47959262350796 0 0 0 0 0 5.7269142214796 0 -0.524524468124153 6.62256443191571 4.41982365039235 2.75283711405027 0 4.01491107936427 4.02304095696146 3.2040729229869 1.28902648396307 0 0 0 0 0 0 0 0 0 0 0 0 0 0 0 0 0 0 0 0 0 0 0.931145832865079 0 0 1.97086345913143 2.54486411566535 0 0 0 0 0 0 0 0 0 0 0 0 0 0 0 0 0 0 0 0 0 0 0 0 -2.85036642328247 0.2748449256911 0 0 0 0 0 0 0 0 0 0 0 0 0 0 0 0 0 0 0 0 0 0 0 0 0 0 0.133531392624523 0 0 0 -0.831549503419065 0 0 0 0 0 0 0 0 0 0 0 0.871777124471983 1.37861186494787 0 0 0 -1.22923247108517 1.33750419695046 -4.29728540621879 -1.3015531326648 0.747751314594797 0.520977995230009 -1.69459572077441 -0.395312736644146 -3.04452243772342 0 0 1.57342293975339 0 0 1.46161636765849 0 0 0 2.8848767180151 4.09241526468217 0 -0.699973145630345 5.72736834151908 0 0 0 0 0 4.84440132244034 0 0.887303195000903 0 2.96691979138578 2.58515206477906 5.89414980849704 4.13978174071816 0 0 0 2.09169607914818 0 0 0 1.93614444644399 0 0 0 0 -1.42089989029737 -1.339774345485 0 1.60398087297104 1.34106926311495 0 -1.09861228866811 0 0 1.62228026534533 0 0.49850513937795 0.80105546829657 -0.474093614497261 0 0 0 0 0 0 0 0.962810747509048 0 -1.19494339760654 0.95760240240191 -3.04452243772342 0 0 0 0 0 0 0 0 0 0 0 0 0 0 0 0 0 0 0 0 0 0 0 0 0 0 0 0 0 0 0 0 0 0 0 0 0 0 0 0 0 0 0 0 0 0 0 0 0 0 0 0 0 0 0 0 0 0 0 0 0 0 0 0 0 0 0 0 0 0 0 0 0 0 0 0 0 0 0 0 0 0 0 0 0 0 0 0 0 0 0 0 0 0 0 0 0 0 0 0 0 0 0 -1.09861228866811 0 0 0 0 0 0 0 0 0 0 0 0 0 0 0 0 0 0 0 0 -1.22923247108517 0 0 0 0 0 0 0 0 0 2.09964424899736 0 0 0 0 0 0 0 0 0 0 0 0 0 0 0 0 0 0 0 0 0 0 0 0 0 0 0 0
0.287682072451781 0.763726095202532 0.763726095202532 1.21513476699131 3.43519341111201 7.16858513817564 -2.07266185469446 0 0 0 0 0 4.45193178831759 0 0 3.19783978416912 0.939156556611158 1.50256453718364 4.01491107936427 0 5.05368609549714 3.60251721703675 1.97747661502315 0 0 0 0 0 0 0 0 0 0 0 0 0 0 0 0 0 0 0 0 0 0 0 0 0 0 0 0 0 0 0 0 0 0 0 0 0 0 0 0 0 0 0 0 0 0 0 0 0 0 0 0.124562722641762 0.0658132185695718 -0.245500458415486 0 0 0 0 0 0 0 0 0 0 0 0 -0.190518323998133 1.29370157429207 0 0 0 0 0 0 0 0 0 0 0 0 0 0 0 0 0 0 0 0 0 0 0 0 0 0 0 0 0 0 0 0 0 0 0 0 0 0 0 -2.9109910450989 -0.904456274227152 0 0.208064444487089 1.04624430315079 0.312872321280339 0 1.25567417870283 0 0 0 0 4.46805609550122 0 0 2.3406277184399 0 0 0 0 0 2.02483089991869 0 0 0 3.82099615605912 1.40566338768883 7.25666923180874 4.98646805367783 0 0 0 0 0 0 0 0 0 0 0 0 -0.146245500320145 0 0 0 0 0 0 0 0 0 0 0 0 0 0 0 0 0 0 0 0 0 0 0 0 0 0 0 0 0 0 0 0 0 0 0 0 0 0 0 0 0 0 0 0 0 0 0 0 0 0 0 0 0 0 0 0 0 0 0 0 0 0 0 0 0 0 0 0 0 0 0 0 0 0 0 0 0 0 0 0 0 0 0 0 0 0 0 0 0 0 0 0 0 0 0 0 0 0 0 0 0 0 0 0 0 0 0 0 0 0 0 0 0 0 0 0 0 0 0 0 0 0 0 0 0 0 0 0 0 0 0 0 0 0 0 0 0 0 0 0 0 0 0 0 0 0 0 0 0 0 0 0 0 0 0 0 0 0 0 0 0 0 0 0 0 0 0 0 0 0 0 0 0 0 0 0 0 0 0 0 0 0 0 0 0 0 0 0
0 3.39151345522948 -0.938647638975432 1.60603075411249 3.85296603176003 6.97301420383194 2.79632683929154 0 0 0 0 0 5.28151024823166 0 0 3.17706127443519 1.84475199936857 5.34946949450949 4.02304095696146 5.05368609549714 0 5.22422770924491 3.74291982217727 0 0 0 0 0 0 0 0 0 0 0 0 0 0 0 0 0 0 0 0 0 0 0 0 -0.887789221741941 0 0.96020996580899 0 0 0 0 0 0 0 0 0 0 0 0 0 0 0 0 0 0 0 0 0 0 0 0 0.919008124850655 1.57483238325662 2.00853357225678 0 0 0 0 -0.983099401546265 0 0 0 0 0 0 -4.07414185490458 0.537010402761058 2.12717834919068 0 0 -1.44947326274142 0 0 0 0 0 0 0 0 0 0 0 0 0 0 0 1.38799359687285 -1.44947326274142 0 0 0 0 0 0 0 0 1.54408273138997 0 0.6208690350833 -0.0925927868278249 -1.67624658210621 -2.54808555140953 0 3.02852209637698 1.45845680736812 0 0 3.71423552667225 2.61121959165389 -1.35284642705235 2.51533467764831 4.08093303290686 2.0162626400583 0 5.08998702526691 0 0 1.87232532627266 0.774758516006108 4.6327787355662 0 0 3.00419972465309 0 0 0 0 0.261840841267894 3.31492784446916 0 1.90373073868393 0 5.20499670294187 3.48520917747927 6.10762116638376 4.99126522629395 -0.0136988443581619 0 0 4.11053924814208 0 0 0 2.52790314910638 0 -1.2176716486841 -2.35137525716348 -0.31760375231683 3.19825653766546 0 0 0.287682072451781 2.09253570976006 0 1.00352884052783 0 0 0 0 0 -0.679633461393222 0 0.694846416312905 0 0 0 0 0 0 2.23541272082656 0 0 0 0 0 0 0 0 0 0 0 0 0 0 0 0 0 0 0 0 0 0 0 0 0 0 0 0 0 0 0 0 0 0 0 0 0 0 0 0 0 0 0 0 0 0 0 0 0 0 0 0 0 0 0 0 0 0 0 0 0 0 0 0 0 0 0 0 0 0 0 0 0 0 0 0 0 0 0 0 0 0 0 0 0 0 0 0 0 0 0 0 0 0 0 0 0 0 0 0 0 0 0 0 0 0 0 0 0 0 0 0 0 0 0 0 0 0 0 0 0 0 0 0 0 0 0 0 -0.620984734311715 0 0 0 0 0 0 0 0 0 0 0 0 0 0 0 0 0 0 0 0 0 0 0 0 0 0 0 0 0 0 0 0 0 0 0 0 0 0
