<<<<<<< HEAD
0 3621.45250074104 181.420265303884 814.693259779115 2023.13195290132 90.2153505846965 116.552385827253 780.242815493496 6.08994769388456 1.09828016062373 1594.08825376095 137.144229873203 33.0503182941387 641.311822044427 11.5972654859307 209.042087497854 45.2754659909537 74.5203298299678 6.83012266659234 16.5857100476954 60.4890688601096 23.7704767164107 13.4776263366102 51.9584335320287 1.25594886759141 0.597638244756937 23.4890613917794 11.2749079664344 7.05747047328569 62.0541389950715 1.94953786999079 3.49613611677323
3621.45250074104 0 487.240931100385 1932.96974676005 8086.22096718126 107.581484577654 1785.77685211 7307.1405465755 35.3180438274439 3.16665968766009 56.649555422894 20.836283803369 96.7094113539985 692.89040004135 23.2484629400312 43.044067354511 113.009122852615 621.588982622094 43.9436246174457 65.5050239899451 335.409571397632 74.0067914512855 57.5543408019263 255.38451366926 10.2533257986818 0.496571855012706 63.5706345323332 24.4637303295845 36.538938341044 241.810340656406 1.13682665079373 0.968544473888818
181.420265303884 487.240931100385 0 541.741806543736 619.797321025041 13.7417404289756 80.0271942657165 120.103733395011 88.4055272575242 71.4623933275214 5.94746359683504 35.2544871672054 1256.62848000471 103.652471393707 13.6184298290286 3.15498099792347 16.6007137060747 100.329144201491 19.8409693158956 47.1604495961813 81.8678206963137 19.1397965475687 17.0035070106464 36.5509721170824 22.3390662658496 7.57073929651668 23.4549986565254 49.3073799968348 30.9678931624417 95.497576741695 4.05756619390395 0.251805328483572
814.693259779115 1932.96974676005 541.741806543736 0 1225.53022940938 343.19481729945 2032.59687334386 410.01552949113 226.469177286739 2.13338162936079 3520.73475108413 1442.09686341137 125.594727479465 822.859069456131 16.7903535249667 159.389284489303 23.8620675053344 74.2942954845351 16.1353990682243 167.303255596316 66.0963132912858 15.2045314252407 41.5731947585894 25.0797364084473 32.8656797861299 0.486391709694392 36.3525893951308 109.357482781973 37.0494231996256 64.5309018307927 2.02316228904496 2.80608421285375
2023.13195290132 8086.22096718126 619.797321025041 1225.53022940938 0 334.082841226898 621.332515245137 1806.80287326119 48.0435188242214 6.00703030088026 49.9293662509656 28.6120453320543 225.812946872355 883.029988805573 27.4078966202435 26.4110290275969 84.657184018674 473.477595793625 50.6027415731859 72.2111298487831 417.190318336283 130.278368668208 40.6453346099632 191.889901214198 13.6496994497995 0.424350767990791 91.8738145208769 29.5273217452883 50.1254153153022 385.560091325674 1.15300596049792 1.43523015000715
90.2153505846965 107.581484577654 13.7417404289756 343.19481729945 334.082841226898 0 548.815028901381 1248.75876579356 59.6508614704365 98.4354520266893 171.540929831557 246.879443389677 262.777483476841 506.650935145713 184.792467568495 679.21384934058 13.5249963105797 51.8729011074 5.18963144492944 9.76448706539782 83.7996448878302 164.403630521857 54.0269888678962 103.49013829804 0.694606250797122 1.55124437822774 29.4233898152918 4.5469921833289 9.02679082164723 88.525956982316 5.63427440612314 10.0889141004445
116.552385827253 1785.77685211 80.0271942657165 2032.59687334386 621.332515245137 548.815028901381 0 5162.66784755183 483.569893236947 946.514342597063 536.171540569778 1556.05371746775 2426.11803001028 841.145295214601 5124.37610195888 4403.06556672297 41.0159298847568 336.182039366428 25.7188750752932 127.433177947883 227.433903904837 63.7377560738271 2942.83107129424 1810.62085034965 34.4558115109173 23.6232116332188 109.714138849574 220.477060271054 144.183291229413 252.593526096967 154.71734970906 156.26325818299
780.242815493496 7307.1405465755 120.103733395011 410.01552949113 1806.80287326119 1248.75876579356 5162.66784755183 0 46.2994825100911 61.8133909486211 456.390027728349 88.7216998998455 207.127435035422 629.234538781343 755.742298323458 2339.8786122213 127.686467634167 498.718785564569 44.4265310904518 44.078431720563 310.666463273203 163.372793224004 331.090603857559 359.238587543047 5.64564973183306 1.3189667784451 103.044370184761 14.7922356313847 52.3463621701881 384.170705656147 21.1098239920643 31.8802812224118
6.08994769388456 35.3180438274439 88.4055272575242 226.469177286739 48.0435188242214 59.6508614704365 483.569893236947 46.2994825100911 0 95.2683772672148 20.239491406809 85.0064519676557 1507.85554271512 153.281071826234 113.933646187845 11.7745979443912 8.9198318076342 23.109974369713 10.5831589249459 49.7011920168674 18.6584497919461 2.06860943258054 22.5154876862284 15.0086856119618 122.442357467248 68.4602338964654 11.5715469013658 58.9784347071463 71.3936755464231 35.947010770823 51.6458224345607 0.236149721483165
1.09828016062373 3.16665968766009 71.4623933275214 2.13338162936079 6.00703030088026 98.4354520266893 946.514342597063 61.8133909486211 95.2683772672148 0 1.72689964157459 13.7123672415302 1230.72808254287 18.6423216096268 398.435621870982 20.6594080076556 0.447711605559518 1.3123997409291 16.046247170279 0.187906558917336 1.12632855521812 0.590959175655433 11.0094545376693 0.82179823401408 226.397596031397 371.573621263668 0.308514629152794 1.93197301774451 235.239835771006 1.48309205443371 166.259440554423 2.97163757171869
1594.08825376095 56.649555422894 5.94746359683504 3520.73475108413 49.9293662509656 171.540929831557 536.171540569778 456.390027728349 20.239491406809 1.72689964157459 0 266.370500530362 21.4526400610667 1781.96475913675 22.4780355472298 697.031671251263 6.87075410146201 16.1962685377202 2.72402645771575 24.1615320401226 16.978595239362 11.1454709948549 38.2574445513849 20.4776007434906 3.22867801289274 0.680224731732983 19.7850640389804 21.2596100672145 6.69608358300663 33.0555456957769 2.13003223851124 9.62453824561951
137.144229873203 20.836283803369 35.2544871672054 1442.09686341137 28.6120453320543 246.879443389677 1556.05371746775 88.7216998998455 85.0064519676557 13.7123672415302 266.370500530362 0 1331.66011571051 645.2430165807 74.6616843226237 150.095534767515 7.63412082331582 13.3556779813852 5.40515686745419 33.044177890023 9.53449893343853 4.46312785637158 39.2603225565428 6.08030761370985 12.5385003185315 1.76645238264124 11.2277641860885 71.8365312996651 19.556041310481 22.3179783291372 11.305921742997 8.54150060650807
33.0503182941387 96.7094113539985 1256.62848000471 125.594727479465 225.812946872355 262.777483476841 2426.11803001028 207.127435035422 1507.85554271512 1230.72808254287 21.4526400610667 1331.66011571051 0 1435.23827414475 828.167492359034 392.967083589728 26.8419390039907 108.585527144541 28.3326920493442 112.711028597996 89.1335135065364 22.1679535710309 186.08588680481 45.7501210582357 95.440464068721 65.9806242035539 38.8711031283284 149.851467415246 185.011929465245 149.358300011716 142.330389240847 58.85304076988
641.311822044427 692.89040004135 103.652471393707 822.859069456131 883.029988805573 506.650935145713 841.145295214601 629.234538781343 153.281071826234 18.6423216096268 1781.96475913675 645.2430165807 1435.23827414475 0 58.9115308390859 1639.27477580344 50.1129338262566 256.91271364352 39.4007539482288 98.151370325611 257.282998369453 93.2262643379794 152.871506828627 164.394342802871 35.4917743838519 1.68417231692623 103.46425452323 103.603598572398 71.0516726906274 374.372282196108 7.09749618403897 39.4588066120953
11.5972654859307 23.2484629400312 13.6184298290286 16.7903535249667 27.4078966202435 184.792467568495 5124.37610195888 755.742298323458 113.933646187845 398.435621870982 22.4780355472298 74.6616843226237 828.167492359034 58.9115308390859 0 705.104890031137 1.43704994431748 16.8563517705602 10.4289768964267 1.64193666139034 10.4274463890329 3.43390419730057 258.209114529552 109.361428452711 256.807718028145 387.59428821305 1.59694783879637 16.168805261601 306.158414688134 8.9640142489129 314.174570958698 60.4632681346779
209.042087497854 43.044067354511 3.15498099792347 159.389284489303 26.4110290275969 679.21384934058 4403.06556672297 2339.8786122213 11.7745979443912 20.6594080076556 697.031671251263 150.095534767515 392.967083589728 1639.27477580344 705.104890031137 0 2.48182093989935 3.73551746325343 0.605880937972637 2.24875013162703 4.50177867807073 9.4230055354482 195.656784449826 27.5484948971626 0.380134302016275 4.04219872234169 11.9452665374219 16.7539272062703 62.2292411083553 51.9348377707009 63.012261559867 76.7587694688054
45.2754659909537 113.009122852615 16.6007137060747 23.8620675053344 84.657184018674 13.5249963105797 41.0159298847568 127.686467634167 8.9198318076342 0.447711605559518 6.87075410146201 7.63412082331582 26.8419390039907 50.1129338262566 1.43704994431748 2.48182093989935 0 3649.36567032624 418.877552392289 761.742381905771 2767.02022907821 82.2648719616257 109.477619590948 1167.31865412637 39.8575039590802 0.814332854328151 1277.09909947814 121.393066293794 51.5634998793408 198.19323155238 4.78595066150193 129.424086404361
74.5203298299678 621.588982622094 100.329144201491 74.2942954845351 473.477595793625 51.8729011074 336.182039366428 498.718785564569 23.109974369713 1.3123997409291 16.1962685377202 13.3556779813852 108.585527144541 256.91271364352 16.8563517705602 3.73551746325343 3649.36567032624 0 709.244161174122 1925.54855966787 8719.23375309269 97.2944033421262 642.517587040688 7101.585659011 67.3587662338414 1.466898291277 235.082066305939 100.992454261093 212.925822575223 403.300198170288 5.38491150203859 13.0549349399534
6.83012266659234 43.9436246174457 19.8409693158956 16.1353990682243 50.6027415731859 5.18963144492944 25.7188750752932 44.4265310904518 10.5831589249459 16.046247170279 2.72402645771575 5.40515686745419 28.3326920493442 39.4007539482288 10.4289768964267 0.605880937972637 418.877552392289 709.244161174122 0 580.656672626259 1316.24566636356 45.5631458834197 30.6401870622848 288.683178142632 41.3387142625491 33.2284702301362 17.4961848501709 46.0478192925423 4237.18439404302 199.493925844288 6.6071635682714 2.93775550138975
16.5857100476954 65.5050239899451 47.1604495961813 167.303255596316 72.2111298487831 9.76448706539782 127.433177947883 44.078431720563 49.7011920168674 0.187906558917336 24.1615320401226 33.044177890023 112.711028597996 98.151370325611 1.64193666139034 2.24875013162703 761.742381905771 1925.54855966787 580.656672626259 0 2534.9400854559 326.920128553386 573.651736228862 603.178566648653 387.468880106449 1.05588003571881 1416.00559860404 1031.86086212892 104.413708439604 276.010857348038 12.109056417523 73.2490738452492
60.4890688601096 335.409571397632 81.8678206963137 66.0963132912858 417.190318336283 83.7996448878302 227.433903904837 310.666463273203 18.6584497919461 1.12632855521812 16.978595239362 9.53449893343853 89.1335135065364 257.282998369453 10.4274463890329 4.50177867807073 2767.02022907821 8719.23375309269 1316.24566636356 2534.9400854559 0 529.787065992314 369.281738010104 2868.14230597359 60.0301063879635 1.53500248546897 330.650376013301 114.443891119292 346.323356513803 1607.46888382091 7.83507811641828 15.9162365797551
23.7704767164107 74.0067914512855 19.1397965475687 15.2045314252407 130.278368668208 164.403630521857 63.7377560738271 163.372793224004 2.06860943258054 0.590959175655433 11.1454709948549 4.46312785637158 22.1679535710309 93.2262643379794 3.43390419730057 9.4230055354482 82.2648719616257 97.2944033421262 45.5631458834197 326.920128553386 529.787065992314 0 454.717043436443 2180.34788210868 35.2115204446515 167.783135660919 200.684131340173 129.0905159121 30.1667050495667 468.729932396027 314.409241933847 499.000642195375
13.4776263366102 57.5543408019263 17.0035070106464 41.5731947585894 40.6453346099632 54.0269888678962 2942.83107129424 331.090603857559 22.5154876862284 11.0094545376693 38.2574445513849 39.2603225565428 186.08588680481 152.871506828627 258.209114529552 195.656784449826 109.477619590948 642.517587040688 30.6401870622848 573.651736228862 369.281738010104 454.717043436443 0 4088.1227582892 365.636099758597 2173.40400378691 647.224592357828 2026.83213917649 427.767821497932 405.50222449801 11197.3505150192 9789.88585358742
51.9584335320287 255.38451366926 36.5509721170824 25.0797364084473 191.889901214198 103.49013829804 1810.62085034965 359.238587543047 15.0086856119618 0.82179823401408 20.4776007434906 6.08030761370985 45.7501210582357 164.394342802871 109.361428452711 27.5484948971626 1167.31865412637 7101.585659011 288.683178142632 603.178566648653 2868.14230597359 2180.34788210868 4088.1227582892 0 21.5096610581918 31.4318757705459 433.321083524964 61.0086609261744 113.742226763534 639.871041116166 456.963396964084 2946.10697579552
1.25594886759141 10.2533257986818 22.3390662658496 32.8656797861299 13.6496994497995 0.694606250797122 34.4558115109173 5.64564973183306 122.442357467248 226.397596031397 3.22867801289274 12.5385003185315 95.440464068721 35.4917743838519 256.807718028145 0.380134302016275 39.8575039590802 67.3587662338414 41.3387142625491 387.468880106449 60.0301063879635 35.2115204446515 365.636099758597 21.5096610581918 0 176.471119835651 81.9889401098807 764.276891506297 1232.18819182244 196.456726951641 94.1669256257282 2.93867077279495
0.597638244756937 0.496571855012706 7.57073929651668 0.486391709694392 0.424350767990791 1.55124437822774 23.6232116332188 1.3189667784451 68.4602338964654 371.573621263668 0.680224731732983 1.76645238264124 65.9806242035539 1.68417231692623 387.59428821305 4.04219872234169 0.814332854328151 1.466898291277 33.2284702301362 1.05588003571881 1.53500248546897 167.783135660919 2173.40400378691 31.4318757705459 176.471119835651 0 7.72661749104312 59.4966389044951 905.888910283272 5.46905355207538 462.302590850599 21.1276779004506
23.4890613917794 63.5706345323332 23.4549986565254 36.3525893951308 91.8738145208769 29.4233898152918 109.714138849574 103.044370184761 11.5715469013658 0.308514629152794 19.7850640389804 11.2277641860885 38.8711031283284 103.46425452323 1.59694783879637 11.9452665374219 1277.09909947814 235.082066305939 17.4961848501709 1416.00559860404 330.650376013301 200.684131340173 647.224592357828 433.321083524964 81.9889401098807 7.72661749104312 0 528.874713343452 21.6187706157672 902.022180961121 19.3169433721872 689.046867305641
11.2749079664344 24.4637303295845 49.3073799968348 109.357482781973 29.5273217452883 4.5469921833289 220.477060271054 14.7922356313847 58.9784347071463 1.93197301774451 21.2596100672145 71.8365312996651 149.851467415246 103.603598572398 16.168805261601 16.7539272062703 121.393066293794 100.992454261093 46.0478192925423 1031.86086212892 114.443891119292 129.0905159121 2026.83213917649 61.0086609261744 764.276891506297 59.4966389044951 528.874713343452 0 622.887569843865 474.304133642997 266.764018706924 203.592101851645
7.05747047328569 36.538938341044 30.9678931624417 37.0494231996256 50.1254153153022 9.02679082164723 144.183291229413 52.3463621701881 71.3936755464231 235.239835771006 6.69608358300663 19.556041310481 185.011929465245 71.0516726906274 306.158414688134 62.2292411083553 51.5634998793408 212.925822575223 4237.18439404302 104.413708439604 346.323356513803 30.1667050495667 427.767821497932 113.742226763534 1232.18819182244 905.888910283272 21.6187706157672 622.887569843865 0 1738.4780685261 653.775501361011 255.584232492926
62.0541389950715 241.810340656406 95.497576741695 64.5309018307927 385.560091325674 88.525956982316 252.593526096967 384.170705656147 35.947010770823 1.48309205443371 33.0555456957769 22.3179783291372 149.358300011716 374.372282196108 8.9640142489129 51.9348377707009 198.19323155238 403.300198170288 199.493925844288 276.010857348038 1607.46888382091 468.729932396027 405.50222449801 639.871041116166 196.456726951641 5.46905355207538 902.022180961121 474.304133642997 1738.4780685261 0 30.6260281271643 819.127540043391
1.94953786999079 1.13682665079373 4.05756619390395 2.02316228904496 1.15300596049792 5.63427440612314 154.71734970906 21.1098239920643 51.6458224345607 166.259440554423 2.13003223851124 11.305921742997 142.330389240847 7.09749618403897 314.174570958698 63.012261559867 4.78595066150193 5.38491150203859 6.6071635682714 12.109056417523 7.83507811641828 314.409241933847 11197.3505150192 456.963396964084 94.1669256257282 462.302590850599 19.3169433721872 266.764018706924 653.775501361011 30.6260281271643 0 965.145748461444
3.49613611677323 0.968544473888818 0.251805328483572 2.80608421285375 1.43523015000715 10.0889141004445 156.26325818299 31.8802812224118 0.236149721483165 2.97163757171869 9.62453824561951 8.54150060650807 58.85304076988 39.4588066120953 60.4632681346779 76.7587694688054 129.424086404361 13.0549349399534 2.93775550138975 73.2490738452492 15.9162365797551 499.000642195375 9789.88585358742 2946.10697579552 2.93867077279495 21.1276779004506 689.046867305641 203.592101851645 255.584232492926 819.127540043391 965.145748461444 0
=======
0 3626.10405979501 181.332247437673 815.545039694262 1971.71576662691 91.1108916140763 112.514912727616 763.993310170935 5.72390148672207 1.17006986199227 1562.04407539581 141.374398284298 32.9552376945022 643.148981863067 11.494300461888 201.232742031987 45.2803927691637 76.8718786768857 6.65086428996912 17.2755728779817 61.2155597216524 24.8304175330123 14.0113531012187 53.5583844399821 1.19735923888585 0.612234036347507 25.5298049579592 13.209721726522 6.83539591325244 62.5789501454275 2.25702629381225 3.74877937296323
3626.10405979501 0 479.417261999661 1969.23346767089 8158.20554268615 104.896744655385 1740.81972611772 7385.08078776805 36.2275129289402 3.59661997314048 59.7647773727203 19.5864104247462 97.6407185014019 712.844905186983 22.1116842841153 42.3984472515573 117.611737862933 632.327222390073 41.4771107633029 63.1568926735438 331.382726331684 73.3111713330391 55.1964064298038 256.255282895271 10.3544312993773 0.510265437067434 62.2512975142593 23.9625360918256 33.4969251924208 233.747598740995 1.28596276954739 1.06546475375648
181.332247437673 479.417261999661 0 547.928425920704 584.237742954079 13.1584596493691 79.197932603041 117.02218091167 84.9564280569729 62.752144177447 6.0601395618687 33.7301947502612 1235.46871337629 97.4182241164741 11.8438860463709 3.14834875461802 16.0503684529337 99.9316707898734 18.5844730135042 47.9755726968732 81.1593550229583 18.9841642184156 16.7923370499966 36.85355774522 23.0866641996533 6.68737901654919 23.5628462430298 51.9805689879575 29.2215925947843 90.855196490708 3.57977508953539 0.274412829967375
815.545039694262 1969.23346767089 547.928425920704 0 1215.78487814945 337.508246404188 2063.29643467776 413.26965280286 227.752983940254 1.82348477093168 3575.88617597156 1435.88126260214 134.478740450423 839.385777894155 16.7846510008988 161.177210294523 22.4545324660156 72.7838527248145 15.3268488929511 170.353288355478 64.0256100186644 14.8290450797144 41.4251201906651 24.2253473111838 34.9903085587387 0.460503061304753 36.4027087129762 113.340745180625 36.877527297642 66.0727929419736 2.48465685682662 3.2120849248846
1971.71576662691 8158.20554268615 584.237742954079 1215.78487814945 0 330.158595410552 602.111941962555 1769.81951092373 47.6110826132923 6.5780069905836 52.5902152752894 26.3542389264413 224.960110848896 862.561436169179 26.6446756760543 27.3345535510497 88.3490400046638 485.539162249252 48.5579616797973 71.6919571021929 415.962526000706 125.74924148584 39.7188674712163 194.224419441327 13.6295288416137 0.437929398586265 93.3651519389631 28.3362604490424 45.5316024346162 381.390412149616 1.28486771613447 1.57161166934313
91.1108916140763 104.896744655385 13.1584596493691 337.508246404188 330.158595410552 0 569.820514345283 1229.37012507914 58.3792173959601 98.9110138509917 174.85451397691 248.969711409206 262.105371416187 493.092365482256 185.326721732507 671.328367302507 14.0151615475571 52.3596466222344 5.04177087444296 10.3515150166367 83.7374099659181 154.037609734674 53.2662490228284 106.127364621445 0.668658637719168 1.48047361472363 29.83824294933 4.74070173981091 8.62950598239723 88.0545170919909 5.60164461396964 10.9144423600935
112.514912727616 1740.81972611772 79.197932603041 2063.29643467776 602.111941962555 569.820514345283 0 5360.75756682456 491.369166364932 955.211848328819 560.609109687506 1553.2661264348 2470.55293811058 883.981660719247 5084.76043717506 4319.88057430937 42.2470263317447 353.908797549859 25.2755275332207 133.890119091028 233.937524868104 65.992451379257 2984.69961672692 1892.3987344503 35.1634949184185 23.147450490819 114.351890433459 230.073995091527 143.433440108259 258.851501169018 162.320617051515 163.588745813982
763.993310170935 7385.08078776805 117.02218091167 413.26965280286 1769.81951092373 1229.37012507914 5360.75756682456 0 44.9933779760536 66.748168255947 453.63845092467 91.7466246086588 214.863757931245 644.568732219372 771.36168667696 2308.17484985516 129.787641432433 513.345153041382 44.1754830098082 44.4737183178245 312.020510851634 164.858049405667 332.273800047845 361.838074991045 5.57289594847017 1.36492012687313 103.090880072047 14.881110187565 51.3231527765328 384.615515437054 22.5274240469511 34.600598750125
5.72390148672207 36.2275129289402 84.9564280569729 227.752983940254 47.6110826132923 58.3792173959601 491.369166364932 44.9933779760536 0 90.217707562807 23.6981437808908 79.5774732567919 1505.8049069774 162.444650972531 106.795547792386 10.8469000351025 8.79967487935295 22.9793408514388 10.5675457239503 51.81932854459 18.7983823845432 2.21452938842211 21.8347668638535 14.8632341636493 117.895758473987 71.1818881997053 12.3850437590418 60.3275203932967 72.2331857857978 37.2475681236799 44.3916303752358 0.240867159931006
1.17006986199227 3.59661997314048 62.752144177447 1.82348477093168 6.5780069905836 98.9110138509917 955.211848328819 66.748168255947 90.217707562807 0 1.83428288591822 13.0223269812477 1184.94378038076 18.1374378429402 397.12546835576 21.0862897770771 0.38429932006165 1.27891179163196 17.6008003941767 0.19016981054548 1.20722120481606 0.610383000785271 11.1933334841665 0.81515552050772 220.579321845443 361.549889521041 0.31673312033348 1.9293764536008 237.882133819976 1.55182159557983 160.631928312963 3.02557850288431
1562.04407539581 59.7647773727203 6.0601395618687 3575.88617597156 52.5902152752894 174.85451397691 560.609109687506 453.63845092467 23.6981437808908 1.83428288591822 0 270.347945667474 22.2536083711723 1823.33852162584 21.6645300881525 680.661260937915 6.85249659581698 16.9411672137919 2.90174095653503 25.3127215275195 17.1268402680447 11.6999754485479 37.3458769161881 21.3292999162083 3.79176205423026 0.696909863512776 19.3300127733422 23.039649193046 6.64129051649641 32.755865695466 2.22916021600234 10.0463315567172
141.374398284298 19.5864104247462 33.7301947502612 1435.88126260214 26.3542389264413 248.969711409206 1553.2661264348 91.7466246086588 79.5774732567919 13.0223269812477 270.347945667474 0 1327.89493370918 642.63606977032 72.0822901026865 158.421090450435 6.50054265593885 11.7250046717294 4.88203301810409 30.0373139165584 8.71214934458247 4.73420596993075 36.4661286293054 6.19749819107112 12.1696723179568 1.69074562974384 11.3946655776385 67.2328758201504 18.4100408238911 21.4271535739347 11.8669861262351 8.87394655458519
32.9552376945022 97.6407185014019 1235.46871337629 134.478740450423 224.960110848896 262.105371416187 2470.55293811058 214.863757931245 1505.8049069774 1184.94378038076 22.2536083711723 1327.89493370918 0 1430.00868506585 827.963044489863 386.154945792174 25.5421993350473 106.217433981136 26.7530377120395 118.358890989098 88.123384559049 22.1031471164705 187.41046238495 46.7753467779156 95.0570925372628 61.6123334735984 40.4136410837768 155.829665210922 171.856358128685 148.434036572357 143.492935945502 61.0188262893387
643.148981863067 712.844905186983 97.4182241164741 839.385777894155 862.561436169179 493.092365482256 883.981660719247 644.568732219372 162.444650972531 18.1374378429402 1823.33852162584 642.63606977032 1430.00868506585 0 63.4851768588246 1688.79361488874 49.8974218696004 262.454531315593 38.0540487484946 98.4957690334777 258.590612443499 95.9254402030798 155.386628950723 168.117295019087 38.5700838322748 1.57153867620282 103.370171334671 108.097613049116 68.4959617448328 369.387138508744 7.82017135184951 42.2268362484411
11.494300461888 22.1116842841153 11.8438860463709 16.7846510008988 26.6446756760543 185.326721732507 5084.76043717506 771.36168667696 106.795547792386 397.12546835576 21.6645300881525 72.0822901026865 827.963044489863 63.4851768588246 0 727.089739762005 1.32903325540126 16.0274717824473 11.1196353297054 1.35322454176118 9.75669848839794 3.81374442555384 251.985122333762 97.9987702966176 247.350602315239 386.583958117352 1.65227816317637 17.0327606325128 307.862030833564 9.55064325821435 302.160280389024 65.961307222161
201.232742031987 42.3984472515573 3.14834875461802 161.177210294523 27.3345535510497 671.328367302507 4319.88057430937 2308.17484985516 10.8469000351025 21.0862897770771 680.661260937915 158.421090450435 386.154945792174 1688.79361488874 727.089739762005 0 2.74142384098343 3.96298778329627 0.570583121307128 2.56455933625719 4.51785692533033 10.1258026810698 209.052997311044 30.1476468362112 0.351213589002952 3.9658546847316 13.6556139820445 18.4934666735672 64.3015490540009 58.0182014983752 65.7799474005766 83.7526094004028
45.2803927691637 117.611737862933 16.0503684529337 22.4545324660156 88.3490400046638 14.0151615475571 42.2470263317447 129.787641432433 8.79967487935295 0.38429932006165 6.85249659581698 6.50054265593885 25.5421993350473 49.8974218696004 1.32903325540126 2.74142384098343 0 3678.2358323442 426.301419594031 778.640491719311 2760.20159443663 81.2664846967807 109.715354630905 1151.37140606977 38.3229190913361 0.828634025600456 1266.91120154395 123.49566024621 51.2495485713876 195.131525299718 4.98653625532062 134.850603897971
76.8718786768857 632.327222390073 99.9316707898734 72.7838527248145 485.539162249252 52.3596466222344 353.908797549859 513.345153041382 22.9793408514388 1.27891179163196 16.9411672137919 11.7250046717294 106.217433981136 262.454531315593 16.0274717824473 3.96298778329627 3678.2358323442 0 707.714035539149 1915.3492173498 8908.56541552516 98.5403997743815 654.170236076797 7054.69324134743 65.8743947644149 1.50917600473296 234.502197748308 101.179834102195 212.578785207507 401.264745844061 5.84490005232416 12.7718690705422
6.65086428996912 41.4771107633029 18.5844730135042 15.3268488929511 48.5579616797973 5.04177087444296 25.2755275332207 44.1754830098082 10.5675457239503 17.6008003941767 2.90174095653503 4.88203301810409 26.7530377120395 38.0540487484946 11.1196353297054 0.570583121307128 426.301419594031 707.714035539149 0 576.676759851805 1288.6702214523 45.9951986483241 29.6592853016558 282.057281564646 40.8525126139938 30.9030690196693 17.3879580171586 43.9093914733084 4080.44546947718 194.915440526948 6.82318727505066 2.79116736585412
17.2755728779817 63.1568926735438 47.9755726968732 170.353288355478 71.6919571021929 10.3515150166367 133.890119091028 44.4737183178245 51.81932854459 0.19016981054548 25.3127215275195 30.0373139165584 118.358890989098 98.4957690334777 1.35322454176118 2.56455933625719 778.640491719311 1915.3492173498 576.676759851805 0 2554.32304303436 331.44706261347 570.630079956973 613.743853407975 413.131585608146 1.23265530744837 1361.33557686856 1045.32143507212 103.748437753733 271.240787754896 11.9613401399689 75.3954860331562
61.2155597216524 331.382726331684 81.1593550229583 64.0256100186644 415.962526000706 83.7374099659181 233.937524868104 312.020510851634 18.7983823845432 1.20722120481606 17.1268402680447 8.71214934458247 88.123384559049 258.590612443499 9.75669848839794 4.51785692533033 2760.20159443663 8908.56541552516 1288.6702214523 2554.32304303436 0 549.737837392672 371.143280096858 2925.52939100128 58.9439409113212 1.74967419340723 336.986600563502 120.254705720331 339.067553420114 1557.38892859238 8.55011123862766 15.9722582126437
24.8304175330123 73.3111713330391 18.9841642184156 14.8290450797144 125.74924148584 154.037609734674 65.992451379257 164.858049405667 2.21452938842211 0.610383000785271 11.6999754485479 4.73420596993075 22.1031471164705 95.9254402030798 3.81374442555384 10.1258026810698 81.2664846967807 98.5403997743815 45.9951986483241 331.44706261347 549.737837392672 0 462.937878197801 2228.45800116997 35.9024050307836 171.330476813919 203.097320224903 127.540511017044 30.6064719452267 460.17561761525 327.602166200062 490.199640178619
14.0113531012187 55.1964064298038 16.7923370499966 41.4251201906651 39.7188674712163 53.2662490228284 2984.69961672692 332.273800047845 21.8347668638535 11.1933334841665 37.3458769161881 36.4661286293054 187.41046238495 155.386628950723 251.985122333762 209.052997311044 109.715354630905 654.170236076797 29.6592853016558 570.630079956973 371.143280096858 462.937878197801 0 4178.9682786964 360.232256612771 2206.31876194196 689.695922351077 2028.94080437742 422.718791068216 422.113280640591 11240.2947776428 10004.902895432
53.5583844399821 256.255282895271 36.85355774522 24.2253473111838 194.224419441327 106.127364621445 1892.3987344503 361.838074991045 14.8632341636493 0.81515552050772 21.3292999162083 6.19749819107112 46.7753467779156 168.117295019087 97.9987702966176 30.1476468362112 1151.37140606977 7054.69324134743 282.057281564646 613.743853407975 2925.52939100128 2228.45800116997 4178.9682786964 0 22.0044426665721 35.2482042654602 445.011443283793 63.9653963618046 112.779090000553 673.212286066912 484.181131770213 2921.18094315395
1.19735923888585 10.3544312993773 23.0866641996533 34.9903085587387 13.6295288416137 0.668658637719168 35.1634949184185 5.57289594847017 117.895758473987 220.579321845443 3.79176205423026 12.1696723179568 95.0570925372628 38.5700838322748 247.350602315239 0.351213589002952 38.3229190913361 65.8743947644149 40.8525126139938 413.131585608146 58.9439409113212 35.9024050307836 360.232256612771 22.0044426665721 0 182.625806245832 85.1929326932603 753.420254336961 1158.76618529588 209.154011361806 93.9815135696645 2.80514053424551
0.612234036347507 0.510265437067434 6.68737901654919 0.460503061304753 0.437929398586265 1.48047361472363 23.147450490819 1.36492012687313 71.1818881997053 361.549889521041 0.696909863512776 1.69074562974384 61.6123334735984 1.57153867620282 386.583958117352 3.9658546847316 0.828634025600456 1.50917600473296 30.9030690196693 1.23265530744837 1.74967419340723 171.330476813919 2206.31876194196 35.2482042654602 182.625806245832 0 7.97330167155526 61.7153313137965 911.424838750851 5.62712597640391 477.863260661782 21.9766598205827
25.5298049579592 62.2512975142593 23.5628462430298 36.4027087129762 93.3651519389631 29.83824294933 114.351890433459 103.090880072047 12.3850437590418 0.31673312033348 19.3300127733422 11.3946655776385 40.4136410837768 103.370171334671 1.65227816317637 13.6556139820445 1266.91120154395 234.502197748308 17.3879580171586 1361.33557686856 336.986600563502 203.097320224903 689.695922351077 445.011443283793 85.1929326932603 7.97330167155526 0 530.32119285968 20.9595934474802 848.527611890528 20.1600524871926 717.733237131067
13.209721726522 23.9625360918256 51.9805689879575 113.340745180625 28.3362604490424 4.74070173981091 230.073995091527 14.881110187565 60.3275203932967 1.9293764536008 23.039649193046 67.2328758201504 155.829665210922 108.097613049116 17.0327606325128 18.4934666735672 123.49566024621 101.179834102195 43.9093914733084 1045.32143507212 120.254705720331 127.540511017044 2028.94080437742 63.9653963618046 753.420254336961 61.7153313137965 530.32119285968 0 605.502202113381 466.579294095613 289.373250944073 212.890300617369
6.83539591325244 33.4969251924208 29.2215925947843 36.877527297642 45.5316024346162 8.62950598239723 143.433440108259 51.3231527765328 72.2331857857978 237.882133819976 6.64129051649641 18.4100408238911 171.856358128685 68.4959617448328 307.862030833564 64.3015490540009 51.2495485713876 212.578785207507 4080.44546947718 103.748437753733 339.067553420114 30.6064719452267 422.718791068216 112.779090000553 1158.76618529588 911.424838750851 20.9595934474802 605.502202113381 0 1844.90385760868 672.058102616738 251.774228890165
62.5789501454275 233.747598740995 90.855196490708 66.0727929419736 381.390412149616 88.0545170919909 258.851501169018 384.615515437054 37.2475681236799 1.55182159557983 32.755865695466 21.4271535739347 148.434036572357 369.387138508744 9.55064325821435 58.0182014983752 195.131525299718 401.264745844061 194.915440526948 271.240787754896 1557.38892859238 460.17561761525 422.113280640591 673.212286066912 209.154011361806 5.62712597640391 848.527611890528 466.579294095613 1844.90385760868 0 32.5244789727494 911.837876899272
2.25702629381225 1.28596276954739 3.57977508953539 2.48465685682662 1.28486771613447 5.60164461396964 162.320617051515 22.5274240469511 44.3916303752358 160.631928312963 2.22916021600234 11.8669861262351 143.492935945502 7.82017135184951 302.160280389024 65.7799474005766 4.98653625532062 5.84490005232416 6.82318727505066 11.9613401399689 8.55011123862766 327.602166200062 11240.2947776428 484.181131770213 93.9815135696645 477.863260661782 20.1600524871926 289.373250944073 672.058102616738 32.5244789727494 0 952.69476195449
3.74877937296323 1.06546475375648 0.274412829967375 3.2120849248846 1.57161166934313 10.9144423600935 163.588745813982 34.600598750125 0.240867159931006 3.02557850288431 10.0463315567172 8.87394655458519 61.0188262893387 42.2268362484411 65.961307222161 83.7526094004028 134.850603897971 12.7718690705422 2.79116736585412 75.3954860331562 15.9722582126437 490.199640178619 10004.902895432 2921.18094315395 2.80514053424551 21.9766598205827 717.733237131067 212.890300617369 251.774228890165 911.837876899272 952.69476195449 0
>>>>>>> refs/remotes/origin/main
