0 3626.10405979501 181.332247437673 815.545039694262 1971.71576662691 91.1108916140763 112.514912727616 763.993310170935 5.72390148672207 1.17006986199227 1562.04407539581 141.374398284298 32.9552376945022 643.148981863067 11.494300461888 201.232742031987 45.2803927691637 76.8718786768857 6.65086428996912 17.2755728779817 61.2155597216524 24.8304175330123 14.0113531012187 53.5583844399821 1.19735923888585 0.612234036347507 25.5298049579592 13.209721726522 6.83539591325244 62.5789501454275 2.25702629381225 3.74877937296323
3626.10405979501 0 479.417261999661 1969.23346767089 8158.20554268615 104.896744655385 1740.81972611772 7385.08078776805 36.2275129289402 3.59661997314048 59.7647773727203 19.5864104247462 97.6407185014019 712.844905186983 22.1116842841153 42.3984472515573 117.611737862933 632.327222390073 41.4771107633029 63.1568926735438 331.382726331684 73.3111713330391 55.1964064298038 256.255282895271 10.3544312993773 0.510265437067434 62.2512975142593 23.9625360918256 33.4969251924208 233.747598740995 1.28596276954739 1.06546475375648
181.332247437673 479.417261999661 0 547.928425920704 584.237742954079 13.1584596493691 79.197932603041 117.02218091167 84.9564280569729 62.752144177447 6.0601395618687 33.7301947502612 1235.46871337629 97.4182241164741 11.8438860463709 3.14834875461802 16.0503684529337 99.9316707898734 18.5844730135042 47.9755726968732 81.1593550229583 18.9841642184156 16.7923370499966 36.85355774522 23.0866641996533 6.68737901654919 23.5628462430298 51.9805689879575 29.2215925947843 90.855196490708 3.57977508953539 0.274412829967375
815.545039694262 1969.23346767089 547.928425920704 0 1215.78487814945 337.508246404188 2063.29643467776 413.26965280286 227.752983940254 1.82348477093168 3575.88617597156 1435.88126260214 134.478740450423 839.385777894155 16.7846510008988 161.177210294523 22.4545324660156 72.7838527248145 15.3268488929511 170.353288355478 64.0256100186644 14.8290450797144 41.4251201906651 24.2253473111838 34.9903085587387 0.460503061304753 36.4027087129762 113.340745180625 36.877527297642 66.0727929419736 2.48465685682662 3.2120849248846
1971.71576662691 8158.20554268615 584.237742954079 1215.78487814945 0 330.158595410552 602.111941962555 1769.81951092373 47.6110826132923 6.5780069905836 52.5902152752894 26.3542389264413 224.960110848896 862.561436169179 26.6446756760543 27.3345535510497 88.3490400046638 485.539162249252 48.5579616797973 71.6919571021929 415.962526000706 125.74924148584 39.7188674712163 194.224419441327 13.6295288416137 0.437929398586265 93.3651519389631 28.3362604490424 45.5316024346162 381.390412149616 1.28486771613447 1.57161166934313
91.1108916140763 104.896744655385 13.1584596493691 337.508246404188 330.158595410552 0 569.820514345283 1229.37012507914 58.3792173959601 98.9110138509917 174.85451397691 248.969711409206 262.105371416187 493.092365482256 185.326721732507 671.328367302507 14.0151615475571 52.3596466222344 5.04177087444296 10.3515150166367 83.7374099659181 154.037609734674 53.2662490228284 106.127364621445 0.668658637719168 1.48047361472363 29.83824294933 4.74070173981091 8.62950598239723 88.0545170919909 5.60164461396964 10.9144423600935
112.514912727616 1740.81972611772 79.197932603041 2063.29643467776 602.111941962555 569.820514345283 0 5360.75756682456 491.369166364932 955.211848328819 560.609109687506 1553.2661264348 2470.55293811058 883.981660719247 5084.76043717506 4319.88057430937 42.2470263317447 353.908797549859 25.2755275332207 133.890119091028 233.937524868104 65.992451379257 2984.69961672692 1892.3987344503 35.1634949184185 23.147450490819 114.351890433459 230.073995091527 143.433440108259 258.851501169018 162.320617051515 163.588745813982
763.993310170935 7385.08078776805 117.02218091167 413.26965280286 1769.81951092373 1229.37012507914 5360.75756682456 0 44.9933779760536 66.748168255947 453.63845092467 91.7466246086588 214.863757931245 644.568732219372 771.36168667696 2308.17484985516 129.787641432433 513.345153041382 44.1754830098082 44.4737183178245 312.020510851634 164.858049405667 332.273800047845 361.838074991045 5.57289594847017 1.36492012687313 103.090880072047 14.881110187565 51.3231527765328 384.615515437054 22.5274240469511 34.600598750125
5.72390148672207 36.2275129289402 84.9564280569729 227.752983940254 47.6110826132923 58.3792173959601 491.369166364932 44.9933779760536 0 90.217707562807 23.6981437808908 79.5774732567919 1505.8049069774 162.444650972531 106.795547792386 10.8469000351025 8.79967487935295 22.9793408514388 10.5675457239503 51.81932854459 18.7983823845432 2.21452938842211 21.8347668638535 14.8632341636493 117.895758473987 71.1818881997053 12.3850437590418 60.3275203932967 72.2331857857978 37.2475681236799 44.3916303752358 0.240867159931006
1.17006986199227 3.59661997314048 62.752144177447 1.82348477093168 6.5780069905836 98.9110138509917 955.211848328819 66.748168255947 90.217707562807 0 1.83428288591822 13.0223269812477 1184.94378038076 18.1374378429402 397.12546835576 21.0862897770771 0.38429932006165 1.27891179163196 17.6008003941767 0.19016981054548 1.20722120481606 0.610383000785271 11.1933334841665 0.81515552050772 220.579321845443 361.549889521041 0.31673312033348 1.9293764536008 237.882133819976 1.55182159557983 160.631928312963 3.02557850288431
1562.04407539581 59.7647773727203 6.0601395618687 3575.88617597156 52.5902152752894 174.85451397691 560.609109687506 453.63845092467 23.6981437808908 1.83428288591822 0 270.347945667474 22.2536083711723 1823.33852162584 21.6645300881525 680.661260937915 6.85249659581698 16.9411672137919 2.90174095653503 25.3127215275195 17.1268402680447 11.6999754485479 37.3458769161881 21.3292999162083 3.79176205423026 0.696909863512776 19.3300127733422 23.039649193046 6.64129051649641 32.755865695466 2.22916021600234 10.0463315567172
141.374398284298 19.5864104247462 33.7301947502612 1435.88126260214 26.3542389264413 248.969711409206 1553.2661264348 91.7466246086588 79.5774732567919 13.0223269812477 270.347945667474 0 1327.89493370918 642.63606977032 72.0822901026865 158.421090450435 6.50054265593885 11.7250046717294 4.88203301810409 30.0373139165584 8.71214934458247 4.73420596993075 36.4661286293054 6.19749819107112 12.1696723179568 1.69074562974384 11.3946655776385 67.2328758201504 18.4100408238911 21.4271535739347 11.8669861262351 8.87394655458519
32.9552376945022 97.6407185014019 1235.46871337629 134.478740450423 224.960110848896 262.105371416187 2470.55293811058 214.863757931245 1505.8049069774 1184.94378038076 22.2536083711723 1327.89493370918 0 1430.00868506585 827.963044489863 386.154945792174 25.5421993350473 106.217433981136 26.7530377120395 118.358890989098 88.123384559049 22.1031471164705 187.41046238495 46.7753467779156 95.0570925372628 61.6123334735984 40.4136410837768 155.829665210922 171.856358128685 148.434036572357 143.492935945502 61.0188262893387
643.148981863067 712.844905186983 97.4182241164741 839.385777894155 862.561436169179 493.092365482256 883.981660719247 644.568732219372 162.444650972531 18.1374378429402 1823.33852162584 642.63606977032 1430.00868506585 0 63.4851768588246 1688.79361488874 49.8974218696004 262.454531315593 38.0540487484946 98.4957690334777 258.590612443499 95.9254402030798 155.386628950723 168.117295019087 38.5700838322748 1.57153867620282 103.370171334671 108.097613049116 68.4959617448328 369.387138508744 7.82017135184951 42.2268362484411
11.494300461888 22.1116842841153 11.8438860463709 16.7846510008988 26.6446756760543 185.326721732507 5084.76043717506 771.36168667696 106.795547792386 397.12546835576 21.6645300881525 72.0822901026865 827.963044489863 63.4851768588246 0 727.089739762005 1.32903325540126 16.0274717824473 11.1196353297054 1.35322454176118 9.75669848839794 3.81374442555384 251.985122333762 97.9987702966176 247.350602315239 386.583958117352 1.65227816317637 17.0327606325128 307.862030833564 9.55064325821435 302.160280389024 65.961307222161
201.232742031987 42.3984472515573 3.14834875461802 161.177210294523 27.3345535510497 671.328367302507 4319.88057430937 2308.17484985516 10.8469000351025 21.0862897770771 680.661260937915 158.421090450435 386.154945792174 1688.79361488874 727.089739762005 0 2.74142384098343 3.96298778329627 0.570583121307128 2.56455933625719 4.51785692533033 10.1258026810698 209.052997311044 30.1476468362112 0.351213589002952 3.9658546847316 13.6556139820445 18.4934666735672 64.3015490540009 58.0182014983752 65.7799474005766 83.7526094004028
45.2803927691637 117.611737862933 16.0503684529337 22.4545324660156 88.3490400046638 14.0151615475571 42.2470263317447 129.787641432433 8.79967487935295 0.38429932006165 6.85249659581698 6.50054265593885 25.5421993350473 49.8974218696004 1.32903325540126 2.74142384098343 0 3678.2358323442 426.301419594031 778.640491719311 2760.20159443663 81.2664846967807 109.715354630905 1151.37140606977 38.3229190913361 0.828634025600456 1266.91120154395 123.49566024621 51.2495485713876 195.131525299718 4.98653625532062 134.850603897971
76.8718786768857 632.327222390073 99.9316707898734 72.7838527248145 485.539162249252 52.3596466222344 353.908797549859 513.345153041382 22.9793408514388 1.27891179163196 16.9411672137919 11.7250046717294 106.217433981136 262.454531315593 16.0274717824473 3.96298778329627 3678.2358323442 0 707.714035539149 1915.3492173498 8908.56541552516 98.5403997743815 654.170236076797 7054.69324134743 65.8743947644149 1.50917600473296 234.502197748308 101.179834102195 212.578785207507 401.264745844061 5.84490005232416 12.7718690705422
6.65086428996912 41.4771107633029 18.5844730135042 15.3268488929511 48.5579616797973 5.04177087444296 25.2755275332207 44.1754830098082 10.5675457239503 17.6008003941767 2.90174095653503 4.88203301810409 26.7530377120395 38.0540487484946 11.1196353297054 0.570583121307128 426.301419594031 707.714035539149 0 576.676759851805 1288.6702214523 45.9951986483241 29.6592853016558 282.057281564646 40.8525126139938 30.9030690196693 17.3879580171586 43.9093914733084 4080.44546947718 194.915440526948 6.82318727505066 2.79116736585412
17.2755728779817 63.1568926735438 47.9755726968732 170.353288355478 71.6919571021929 10.3515150166367 133.890119091028 44.4737183178245 51.81932854459 0.19016981054548 25.3127215275195 30.0373139165584 118.358890989098 98.4957690334777 1.35322454176118 2.56455933625719 778.640491719311 1915.3492173498 576.676759851805 0 2554.32304303436 331.44706261347 570.630079956973 613.743853407975 413.131585608146 1.23265530744837 1361.33557686856 1045.32143507212 103.748437753733 271.240787754896 11.9613401399689 75.3954860331562
61.2155597216524 331.382726331684 81.1593550229583 64.0256100186644 415.962526000706 83.7374099659181 233.937524868104 312.020510851634 18.7983823845432 1.20722120481606 17.1268402680447 8.71214934458247 88.123384559049 258.590612443499 9.75669848839794 4.51785692533033 2760.20159443663 8908.56541552516 1288.6702214523 2554.32304303436 0 549.737837392672 371.143280096858 2925.52939100128 58.9439409113212 1.74967419340723 336.986600563502 120.254705720331 339.067553420114 1557.38892859238 8.55011123862766 15.9722582126437
24.8304175330123 73.3111713330391 18.9841642184156 14.8290450797144 125.74924148584 154.037609734674 65.992451379257 164.858049405667 2.21452938842211 0.610383000785271 11.6999754485479 4.73420596993075 22.1031471164705 95.9254402030798 3.81374442555384 10.1258026810698 81.2664846967807 98.5403997743815 45.9951986483241 331.44706261347 549.737837392672 0 462.937878197801 2228.45800116997 35.9024050307836 171.330476813919 203.097320224903 127.540511017044 30.6064719452267 460.17561761525 327.602166200062 490.199640178619
14.0113531012187 55.1964064298038 16.7923370499966 41.4251201906651 39.7188674712163 53.2662490228284 2984.69961672692 332.273800047845 21.8347668638535 11.1933334841665 37.3458769161881 36.4661286293054 187.41046238495 155.386628950723 251.985122333762 209.052997311044 109.715354630905 654.170236076797 29.6592853016558 570.630079956973 371.143280096858 462.937878197801 0 4178.9682786964 360.232256612771 2206.31876194196 689.695922351077 2028.94080437742 422.718791068216 422.113280640591 11240.2947776428 10004.902895432
53.5583844399821 256.255282895271 36.85355774522 24.2253473111838 194.224419441327 106.127364621445 1892.3987344503 361.838074991045 14.8632341636493 0.81515552050772 21.3292999162083 6.19749819107112 46.7753467779156 168.117295019087 97.9987702966176 30.1476468362112 1151.37140606977 7054.69324134743 282.057281564646 613.743853407975 2925.52939100128 2228.45800116997 4178.9682786964 0 22.0044426665721 35.2482042654602 445.011443283793 63.9653963618046 112.779090000553 673.212286066912 484.181131770213 2921.18094315395
1.19735923888585 10.3544312993773 23.0866641996533 34.9903085587387 13.6295288416137 0.668658637719168 35.1634949184185 5.57289594847017 117.895758473987 220.579321845443 3.79176205423026 12.1696723179568 95.0570925372628 38.5700838322748 247.350602315239 0.351213589002952 38.3229190913361 65.8743947644149 40.8525126139938 413.131585608146 58.9439409113212 35.9024050307836 360.232256612771 22.0044426665721 0 182.625806245832 85.1929326932603 753.420254336961 1158.76618529588 209.154011361806 93.9815135696645 2.80514053424551
0.612234036347507 0.510265437067434 6.68737901654919 0.460503061304753 0.437929398586265 1.48047361472363 23.147450490819 1.36492012687313 71.1818881997053 361.549889521041 0.696909863512776 1.69074562974384 61.6123334735984 1.57153867620282 386.583958117352 3.9658546847316 0.828634025600456 1.50917600473296 30.9030690196693 1.23265530744837 1.74967419340723 171.330476813919 2206.31876194196 35.2482042654602 182.625806245832 0 7.97330167155526 61.7153313137965 911.424838750851 5.62712597640391 477.863260661782 21.9766598205827
25.5298049579592 62.2512975142593 23.5628462430298 36.4027087129762 93.3651519389631 29.83824294933 114.351890433459 103.090880072047 12.3850437590418 0.31673312033348 19.3300127733422 11.3946655776385 40.4136410837768 103.370171334671 1.65227816317637 13.6556139820445 1266.91120154395 234.502197748308 17.3879580171586 1361.33557686856 336.986600563502 203.097320224903 689.695922351077 445.011443283793 85.1929326932603 7.97330167155526 0 530.32119285968 20.9595934474802 848.527611890528 20.1600524871926 717.733237131067
13.209721726522 23.9625360918256 51.9805689879575 113.340745180625 28.3362604490424 4.74070173981091 230.073995091527 14.881110187565 60.3275203932967 1.9293764536008 23.039649193046 67.2328758201504 155.829665210922 108.097613049116 17.0327606325128 18.4934666735672 123.49566024621 101.179834102195 43.9093914733084 1045.32143507212 120.254705720331 127.540511017044 2028.94080437742 63.9653963618046 753.420254336961 61.7153313137965 530.32119285968 0 605.502202113381 466.579294095613 289.373250944073 212.890300617369
6.83539591325244 33.4969251924208 29.2215925947843 36.877527297642 45.5316024346162 8.62950598239723 143.433440108259 51.3231527765328 72.2331857857978 237.882133819976 6.64129051649641 18.4100408238911 171.856358128685 68.4959617448328 307.862030833564 64.3015490540009 51.2495485713876 212.578785207507 4080.44546947718 103.748437753733 339.067553420114 30.6064719452267 422.718791068216 112.779090000553 1158.76618529588 911.424838750851 20.9595934474802 605.502202113381 0 1844.90385760868 672.058102616738 251.774228890165
62.5789501454275 233.747598740995 90.855196490708 66.0727929419736 381.390412149616 88.0545170919909 258.851501169018 384.615515437054 37.2475681236799 1.55182159557983 32.755865695466 21.4271535739347 148.434036572357 369.387138508744 9.55064325821435 58.0182014983752 195.131525299718 401.264745844061 194.915440526948 271.240787754896 1557.38892859238 460.17561761525 422.113280640591 673.212286066912 209.154011361806 5.62712597640391 848.527611890528 466.579294095613 1844.90385760868 0 32.5244789727494 911.837876899272
2.25702629381225 1.28596276954739 3.57977508953539 2.48465685682662 1.28486771613447 5.60164461396964 162.320617051515 22.5274240469511 44.3916303752358 160.631928312963 2.22916021600234 11.8669861262351 143.492935945502 7.82017135184951 302.160280389024 65.7799474005766 4.98653625532062 5.84490005232416 6.82318727505066 11.9613401399689 8.55011123862766 327.602166200062 11240.2947776428 484.181131770213 93.9815135696645 477.863260661782 20.1600524871926 289.373250944073 672.058102616738 32.5244789727494 0 952.69476195449
3.74877937296323 1.06546475375648 0.274412829967375 3.2120849248846 1.57161166934313 10.9144423600935 163.588745813982 34.600598750125 0.240867159931006 3.02557850288431 10.0463315567172 8.87394655458519 61.0188262893387 42.2268362484411 65.961307222161 83.7526094004028 134.850603897971 12.7718690705422 2.79116736585412 75.3954860331562 15.9722582126437 490.199640178619 10004.902895432 2921.18094315395 2.80514053424551 21.9766598205827 717.733237131067 212.890300617369 251.774228890165 911.837876899272 952.69476195449 0
