0 3318.66356375813 173.924423649907 1130.83855186403 1123.785434708 141.622600525618 54.2901760786772 822.905090734363 6.69758167862892 7.15807445347309 1807.09589350223 169.954632818699 18.0664989203215 803.803470939398 15.1545551717281 87.709595054388 7.6264842748642 54.9917808175087 0.9400355219841 7.58962118625641 30.4391169250011 13.5705480277538 0 12.4225530028343 0 0.427190482616425 5.32142481207848 2.7771327495575 4.54685589671135 29.2366668879986 2.50649672746658 0.37066450715065
3318.66356375813 0 197.708475112915 1395.73805323243 11159.8672208488 126.986554175615 998.491495773196 5179.63982219994 5.84061884880066 1.48463317751885 89.2947459816933 0.921369135379791 46.4377435743809 373.404176950455 1.93480268120766 1.66288015246391 95.1104146838188 717.310637384653 5.20250016450882 55.7614730596542 451.54533675313 54.2772753834724 4.19147109985352 189.548400104046 0 0.702943742275238 48.0811041891575 2.967165350914 13.1354180574417 107.56001290679 0.408311933279037 0
173.924423649907 197.708475112915 0 444.925553366542 302.095040649176 7.51899182796478 11.8105735182762 42.099897518754 25.8925521373749 46.1395766437054 0 25.6718226671219 2830.2199293524 47.0156654566526 15.8714739382267 1.25202503800392 9.38679569959641 114.757596001029 2.0205292403698 7.92595183849335 72.1657540500164 16.9977608323097 8.21987399458885 11.5726227015257 9.39397346973419 5.98080587387085 18.7005377858877 2.97805452346802 11.6117042899132 42.9001426249743 11.9252052605152 2.7953810095787
1130.83855186403 1395.73805323243 444.925553366542 0 729.234897315502 115.893230289221 993.344748824835 357.809381082654 59.6368922591209 0 3556.44842249155 1026.22755521536 456.437247559428 380.965496778488 7.02714744210243 51.7362205684185 10.753187045455 121.071016132832 0 94.4117845743895 62.513437718153 20.1403283625841 9.61262381076813 12.3571589291096 11.4551772475243 1.79116109013557 27.692640632391 6.71712338924408 6.81186988949776 32.059105694294 1.33487060666084 0.767872035503387
1123.785434708 11159.8672208488 302.095040649176 729.234897315502 0 485.442137181759 296.541192367673 1361.18925662339 2.04969078302383 0.876598596572876 38.2380262613297 1.28494369983673 171.4132463485 637.695063099265 4.43544340133667 20.8438857793808 78.7072595953941 641.228971213102 5.03496813774109 23.7068454623222 461.43062633276 188.144211947918 4.5098779797554 98.853756159544 0 0 55.7796010673046 0 17.3695236444473 164.974520400167 1.49371510744095 0
141.622600525618 126.986554175615 7.51899182796478 115.893230289221 485.442137181759 0 240.678908914328 1511.80329300463 6.25677561759949 32.0827488899231 95.6957412362099 101.689173519611 51.0161146223545 948.905587613583 24.1850742399692 361.766490072012 6.65426960587502 35.5703580379486 0.82860741019249 3.47492483258247 331.44679915905 543.03102311492 5.75200936198235 6.95854258537292 0 0.890029698610306 9.59499350190163 0 2.722282320261 17.6883435845375 8.77509665489197 5.6236646771431
54.2901760786772 998.491495773196 11.8105735182762 993.344748824835 296.541192367673 240.678908914328 0 4617.83401149511 312.915848970413 1232.10248583555 354.67685353756 1744.33447027206 4872.17493949831 4242.40059441328 3356.62689867616 3228.47496403754 15.9328713715076 226.735102683306 1.22910392284393 94.4262451827526 180.462044835091 8.42694386839867 2517.64299990237 715.573039412498 216.221068024635 56.4819925129414 87.7720946669579 121.854543030262 335.421346768737 182.525671854615 636.213273435831 205.585690513253
822.905090734363 5179.63982219994 42.099897518754 357.809381082654 1361.18925662339 1511.80329300463 4617.83401149511 0 3.00602459907532 13.2669095695019 537.429829061031 6.64531135559082 102.523062422872 731.68546487391 200.851888149977 1384.01574678719 89.559988707304 519.120099827647 7.11922962963581 18.0667745620012 277.7416267097 114.804367214441 108.819268792868 168.227603927255 0 5.10092207789421 82.28185133636 0.359052211046219 30.6283006966114 372.345766842365 52.0508675277233 10.8061202168465
6.69758167862892 5.84061884880066 25.8925521373749 59.6368922591209 2.04969078302383 6.25677561759949 312.915848970413 3.00602459907532 0 91.6530740261078 0 42.6586728692055 1035.12772232294 26.6139679253101 108.110655426979 0 0 1.59609204530716 0 19.639794588089 0 0.886943221092224 20.7359184026718 0 74.9437659978867 10.0372921228409 2.47626578807831 23.3971791267395 43.8993344306946 1.22817540168762 7.39429712295532 0
7.15807445347309 1.48463317751885 46.1395766437054 0 0.876598596572876 32.0827488899231 1232.10248583555 13.2669095695019 91.6530740261078 0 0 1.2360782623291 910.42382133007 4.17942848801613 808.239223390818 32.047372430563 0 0 0 0 0 0 30.1362752318382 0 192.501014590263 253.462996482849 0 2.13128250837326 267.259641259909 0.213086009025574 106.08888477087 7.41292068362236
1807.09589350223 89.2947459816933 0 3556.44842249155 38.2380262613297 95.6957412362099 354.67685353756 537.429829061031 0 0 0 410.234044700861 2.80305683612823 2582.99654179811 2.70631146430969 171.20094487071 1.63544964790344 14.0040621757507 0 22.9412351846695 4.07321971654892 2.04618886113167 3.76361221075058 2.76839768886566 0 0 5.92060828208923 4.55246713757515 1.59521293640137 2.49262404441833 2.85555592179298 1.5960223376751
169.954632818699 0.921369135379791 25.6718226671219 1026.22755521536 1.28494369983673 101.689173519611 1744.33447027206 6.64531135559082 42.6586728692055 1.2360782623291 410.234044700861 0 1814.33472022414 881.657837837934 15.5118003487587 92.574346780777 1.51455247402191 1.71495682001114 0 0.438008487224579 0.966979205608368 0.73769348859787 24.5346967279911 2.9047669172287 3.28305101394653 2.87859258055687 1.31159576773643 6.5478575527668 5.71089914441109 2.57965236902237 17.5640200078487 10.0441142767668
18.0664989203215 46.4377435743809 2830.2199293524 456.437247559428 171.4132463485 51.0161146223545 4872.17493949831 102.523062422872 1035.12772232294 910.42382133007 2.80305683612823 1814.33472022414 0 749.734079778194 753.092227399349 433.230318844318 11.2523941844702 151.634573832154 3.38338378071785 57.3059304356575 88.8250364810228 17.4408225119114 420.681352466345 29.7179964780807 148.127805173397 82.2891094982624 25.5307118147612 49.3835787773132 241.55651178956 51.6314676105976 515.1367918998 135.702807307243
803.803470939398 373.404176950455 47.0156654566526 380.965496778488 637.695063099265 948.905587613583 4242.40059441328 731.68546487391 26.6139679253101 4.17942848801613 2582.99654179811 881.657837837934 749.734079778194 0 26.1836547404528 934.53149548173 25.5848207473755 186.859499305487 0 12.0864324271679 135.999955430627 35.0891450047493 54.44753241539 26.8603489995003 2.55536699295044 5.6106094121933 28.5765743106604 4.23093202710152 16.1063561141491 87.0613559782505 25.647353887558 12.1866307556629
15.1545551717281 1.93480268120766 15.8714739382267 7.02714744210243 4.43544340133667 24.1850742399692 3356.62689867616 200.851888149977 108.110655426979 808.239223390818 2.70631146430969 15.5118003487587 753.092227399349 26.1836547404528 0 1024.57656387985 0.382562398910523 1.91413679718971 3.68565121293068 0.594427585601807 0.799511462450027 2.40178978443146 173.923656225204 10.1522066891193 654.715636730194 710.770137548447 0 13.3706601560116 685.105020418763 11.8661776781082 410.606079146266 78.2693422585726
87.709595054388 1.66288015246391 1.25202503800392 51.7362205684185 20.8438857793808 361.766490072012 3228.47496403754 1384.01574678719 0 32.047372430563 171.20094487071 92.574346780777 433.230318844318 934.53149548173 1024.57656387985 0 0.354780375957489 0.775973945856094 0.549543708562851 0.618940740823746 1.17194533348083 0.899586111307144 468.091695591807 44.8069452792406 0 14.4988836050034 10.8845249116421 29.1475201547146 106.761315688491 150.261337116361 226.993805855513 60.6968787759542
7.6264842748642 95.1104146838188 9.38679569959641 10.753187045455 78.7072595953941 6.65426960587502 15.9328713715076 89.559988707304 0 0 1.63544964790344 1.51455247402191 11.2523941844702 25.5848207473755 0.382562398910523 0.354780375957489 0 2099.08838275075 131.486178189516 221.232926011086 3414.13960325718 65.7340006232262 87.2000987827778 706.716673433781 1.24017322063446 0 99.0155929923058 13.0896759033203 44.6090532541275 115.372943907976 0.956755578517914 36.843341588974
54.9917808175087 717.310637384653 114.757596001029 121.071016132832 641.228971213102 35.5703580379486 226.735102683306 519.120099827647 1.59609204530716 0 14.0040621757507 1.71495682001114 151.634573832154 186.859499305487 1.91413679718971 0.775973945856094 2099.08838275075 0 350.133649900556 1362.77268245816 10092.0052243173 141.88177934289 812.092580139637 4294.27153840661 2.82754194736481 0 325.541630536318 56.4515842497349 369.717335671186 557.982903748751 2.30328086018562 0.508152663707733
0.9400355219841 5.20250016450882 2.0205292403698 0 5.03496813774109 0.82860741019249 1.22910392284393 7.11922962963581 0 0 0 0 3.38338378071785 0 3.68565121293068 0.549543708562851 131.486178189516 350.133649900556 0 792.771910429001 522.271964967251 33.9701102674007 3.99262005090714 85.4153619408607 1.14628672599793 4.41401302814484 13.0384211242199 1.53346753120422 4098.22049328685 98.6588362455368 1.36957275867462 0
7.58962118625641 55.7614730596542 7.92595183849335 94.4117845743895 23.7068454623222 3.47492483258247 94.4262451827526 18.0667745620012 19.639794588089 0 22.9412351846695 0.438008487224579 57.3059304356575 12.0864324271679 0.594427585601807 0.618940740823746 221.232926011086 1362.77268245816 792.771910429001 0 1788.77561095357 164.894886881113 182.883841514587 256.187560975552 175.95985865593 1.25825500488281 187.127360850573 773.168378591537 187.431025475264 315.436209887266 0 18.7313637435436
30.4391169250011 451.54533675313 72.1657540500164 62.513437718153 461.43062633276 331.44679915905 180.462044835091 277.7416267097 0 0 4.07321971654892 0.966979205608368 88.8250364810228 135.999955430627 0.799511462450027 1.17194533348083 3414.13960325718 10092.0052243173 522.271964967251 1788.77561095357 0 541.442469805479 588.637173891068 4099.38573470712 0 0 288.702846974134 108.235185474157 467.096678435803 1661.43420484662 2.45671331882477 33.6661337614059
13.5705480277538 54.2772753834724 16.9977608323097 20.1403283625841 188.144211947918 543.03102311492 8.42694386839867 114.804367214441 0.886943221092224 0 2.04618886113167 0.73769348859787 17.4408225119114 35.0891450047493 2.40178978443146 0.899586111307144 65.7340006232262 141.88177934289 33.9701102674007 164.894886881113 541.442469805479 0 89.5954751670361 3548.25975975394 34.1460688114166 40.6029952168465 147.523164272308 40.854425996542 24.826523900032 382.657908171415 109.34032946825 60.2997388243675
0 4.19147109985352 8.21987399458885 9.61262381076813 4.5098779797554 5.75200936198235 2517.64299990237 108.819268792868 20.7359184026718 30.1362752318382 3.76361221075058 24.5346967279911 420.681352466345 54.44753241539 173.923656225204 468.091695591807 87.2000987827778 812.092580139637 3.99262005090714 182.883841514587 588.637173891068 89.5954751670361 0 3883.69283419847 375.180607736111 1781.95712867379 453.545198887587 1539.80154243112 256.256668359041 446.203489482403 12696.6164638251 11090.3891135007
12.4225530028343 189.548400104046 11.5726227015257 12.3571589291096 98.853756159544 6.95854258537292 715.573039412498 168.227603927255 0 0 2.76839768886566 2.9047669172287 29.7179964780807 26.8603489995003 10.1522066891193 44.8069452792406 706.716673433781 4294.27153840661 85.4153619408607 256.187560975552 4099.38573470712 3548.25975975394 3883.69283419847 0 0 1.25886058807373 252.561158061027 15.9716718792915 93.6455597281456 559.534263581038 146.006014764309 4451.68893879652
0 0 9.39397346973419 11.4551772475243 0 0 216.221068024635 0 74.9437659978867 192.501014590263 0 3.28305101394653 148.127805173397 2.55536699295044 654.715636730194 0 1.24017322063446 2.82754194736481 1.14628672599793 175.95985865593 0 34.1460688114166 375.180607736111 0 0 12.8116682171822 126.003553986549 409.604397892952 1013.52426129579 6.38520860671997 87.8468236923218 0
0.427190482616425 0.702943742275238 5.98080587387085 1.79116109013557 0 0.890029698610306 56.4819925129414 5.10092207789421 10.0372921228409 253.462996482849 0 2.87859258055687 82.2891094982624 5.6106094121933 710.770137548447 14.4988836050034 0 0 4.41401302814484 1.25825500488281 0 40.6029952168465 1781.95712867379 1.25886058807373 12.8116682171822 0 0 6.16037404537201 619.044428408146 5.70953562855721 391.801377773285 10.2017974555492
5.32142481207848 48.0811041891575 18.7005377858877 27.692640632391 55.7796010673046 9.59499350190163 87.7720946669579 82.28185133636 2.47626578807831 0 5.92060828208923 1.31159576773643 25.5307118147612 28.5765743106604 0 10.8845249116421 99.0155929923058 325.541630536318 13.0384211242199 187.127360850573 288.702846974134 147.523164272308 453.545198887587 252.561158061027 126.003553986549 0 0 564.056755900383 19.930474281311 213.595859855413 0.332771360874176 378.776444524527
2.7771327495575 2.967165350914 2.97805452346802 6.71712338924408 0 0 121.854543030262 0.359052211046219 23.3971791267395 2.13128250837326 4.55246713757515 6.5478575527668 49.3835787773132 4.23093202710152 13.3706601560116 29.1475201547146 13.0896759033203 56.4515842497349 1.53346753120422 773.168378591537 108.235185474157 40.854425996542 1539.80154243112 15.9716718792915 409.604397892952 6.16037404537201 564.056755900383 0 279.071979999542 83.4408776164055 33.0169941484928 51.8322944939137
4.54685589671135 13.1354180574417 11.6117042899132 6.81186988949776 17.3695236444473 2.722282320261 335.421346768737 30.6283006966114 43.8993344306946 267.259641259909 1.59521293640137 5.71089914441109 241.55651178956 16.1063561141491 685.105020418763 106.761315688491 44.6090532541275 369.717335671186 4098.22049328685 187.431025475264 467.096678435803 24.826523900032 256.256668359041 93.6455597281456 1013.52426129579 619.044428408146 19.930474281311 279.071979999542 0 2255.3951279819 2305.78502048552 140.89396160841
29.2366668879986 107.56001290679 42.9001426249743 32.059105694294 164.974520400167 17.6883435845375 182.525671854615 372.345766842365 1.22817540168762 0.213086009025574 2.49262404441833 2.57965236902237 51.6314676105976 87.0613559782505 11.8661776781082 150.261337116361 115.372943907976 557.982903748751 98.6588362455368 315.436209887266 1661.43420484662 382.657908171415 446.203489482403 559.534263581038 6.38520860671997 5.70953562855721 213.595859855413 83.4408776164055 2255.3951279819 0 9.44079956412315 704.511402487755
2.50649672746658 0.408311933279037 11.9252052605152 1.33487060666084 1.49371510744095 8.77509665489197 636.213273435831 52.0508675277233 7.39429712295532 106.08888477087 2.85555592179298 17.5640200078487 515.1367918998 25.647353887558 410.606079146266 226.993805855513 0.956755578517914 2.30328086018562 1.36957275867462 0 2.45671331882477 109.34032946825 12696.6164638251 146.006014764309 87.8468236923218 391.801377773285 0.332771360874176 33.0169941484928 2305.78502048552 9.44079956412315 0 2030.03927718103
0.37066450715065 0 2.7953810095787 0.767872035503387 0 5.6236646771431 205.585690513253 10.8061202168465 0 7.41292068362236 1.5960223376751 10.0441142767668 135.702807307243 12.1866307556629 78.2693422585726 60.6968787759542 36.843341588974 0.508152663707733 0 18.7313637435436 33.6661337614059 60.2997388243675 11090.3891135007 4451.68893879652 0 10.2017974555492 378.776444524527 51.8322944939137 140.89396160841 704.511402487755 2030.03927718103 0
