0 3080.85150048137 151.241901189089 575.58534553647 2657.44044265151 62.1042945683002 81.4499400258064 627.273937806487 3.29763147234917 0 1270.38943389058 33.1072021126747 9.11760264635086 382.119835913181 1.06590521335602 66.9342808425426 317.543767482042 54.143465846777 6.12828281521797 84.6379561126232 89.1004375517368 34.5170607566833 14.3659570217133 82.0516369044781 0 0 36.5286670774221 11.4562455415726 2.72211039066315 42.933871537447 0 0.581280410289764
3080.85150048137 0 556.160764589906 1459.32330444455 9340.60096602142 65.3560445010662 2409.93176880479 8521.70282435417 24.0138457119465 0 11.4890640079975 0.940507769584656 30.1097069084644 566.193452000618 1.59483361244202 46.7292727530003 66.3767605423927 524.564256638288 53.9254145026207 283.765831589699 541.931220978498 142.754192307591 66.6292664259672 501.779846847057 2.9234556555748 0 107.954311400652 39.0418238639831 32.0533543080091 305.459604561329 0.351599782705307 0.283498764038086
151.241901189089 556.160764589906 0 128.114406004548 847.085674762726 21.0722504109144 97.8333805501461 210.728778138757 24.9767007380724 18.6178648471832 1.43967998027801 0.936484813690186 1528.95583592355 46.0091601461172 14.4401301443577 2.37570458650589 21.7527267038822 243.199616163969 55.6210235804319 58.6417913734913 264.243059232831 64.9374057799578 5.75217798352242 117.061171904206 7.48635402321815 0 42.5393354743719 11.0271264314652 46.4692876189947 159.941525608301 0 0
575.58534553647 1459.32330444455 128.114406004548 0 1273.73703688383 344.940091699362 1959.63166862726 469.856830686331 268.406171500683 0 3381.83158358931 1229.1151958108 23.9499586224556 734.886429607868 5.34831410646439 20.0268652439117 59.0047978162766 271.716153711081 31.9154757857323 986.136938691139 356.674867272377 53.7839132249355 73.0581350922585 161.646672844887 83.3758057951927 0 145.826195210218 209.841866850853 72.1613081693649 73.6766722947359 0.315673649311066 2.36464476585388
2657.44044265151 9340.60096602142 847.085674762726 1273.73703688383 0 130.103779017925 768.686295419931 2234.71048329771 74.0797616243362 0 13.6263686418533 1.0858381986618 81.3241125047207 413.627718418837 0.611415803432465 11.3545554578304 75.4697130322456 598.7882463485 132.813725724816 235.446780383587 658.973610252142 199.013566046953 40.1122195124626 319.621858239174 16.0163423717022 0 123.300188869238 31.2240249365568 97.9340299367905 436.657169878483 0 0.890499114990234
62.1042945683002 65.3560445010662 21.0722504109144 344.940091699362 130.103779017925 0 415.119961172342 3367.85279157758 2.54088932275772 6.21314722299576 170.47856298089 184.082420885563 42.9749921858311 480.183414846659 23.4580660462379 216.063267856836 14.0334280729294 63.2078328132629 12.1066474616528 38.0069513916969 91.2760142683983 196.763703137636 60.755406588316 191.498297557235 0 0 47.9960975944996 5.51376247406006 9.82897140085697 116.439953163266 1.80425974726677 0.77005198597908
81.4499400258064 2409.93176880479 97.8333805501461 1959.63166862726 768.686295419931 415.119961172342 0 5259.9570453614 40.8088310658932 186.728192746639 190.444302722812 1320.80272436142 986.585319817066 743.585763156414 3713.20690906048 3828.71184369922 25.5207838714123 480.690800309181 28.721587523818 174.751227885485 183.103761777282 66.7459544539452 3620.36968488991 2474.91725315154 17.8414049446583 3.69639119505882 88.0719022750854 47.2009488940239 200.62721799314 226.86216083169 193.689348816872 380.654671996832
627.273937806487 8521.70282435417 210.728778138757 469.856830686331 2234.71048329771 3367.85279157758 5259.9570453614 0 21.9624192416668 5.44984877109528 288.844613522291 8.58753627538681 58.7361295521259 547.06225605309 157.844093590975 2589.98577588797 39.6035888195038 288.064223200083 65.9016890227795 112.926931574941 284.097558304667 165.189398825169 346.620083317161 320.899430245161 9.79843902587891 0.452337712049484 70.0191178321838 7.91057229042053 53.7472833245993 251.738853275776 20.8558994084597 34.3479635715485
3.29763147234917 24.0138457119465 24.9767007380724 268.406171500683 74.0797616243362 2.54088932275772 40.8088310658932 21.9624192416668 0 10.2197492718697 0.557496011257172 0.586907982826233 947.653425127268 83.316747367382 6.66591382026672 0.263906747102737 5.01200315356255 38.0767654776573 11.8112141638994 120.00867035985 46.826892092824 6.09596031904221 2.30781215429306 10.6451511085033 52.9327995181084 2.34606432914734 16.5377058386803 22.0559918284416 41.5450868308544 52.0762443989515 2.49237442016602 0
0 0 18.6178648471832 0 0 6.21314722299576 186.728192746639 5.44984877109528 10.2197492718697 0 1.36682343482971 2.09261500835419 1640.87266790867 0.61970317363739 328.898354530334 6.88309812545776 0 0 0 0 0 0 0.893060743808746 0.304888516664505 217.999302744865 93.4799893498421 0 0 1.14010059833527 0 18.3999160528183 1.18980288505554
1270.38943389058 11.4890640079975 1.43967998027801 3381.83158358931 13.6263686418533 170.47856298089 190.444302722812 288.844613522291 0.557496011257172 1.36682343482971 0 6.09832489490509 5.51591145992279 1709.34578278661 1.60030671954155 270.181400895119 7.04241940379143 26.1646935045719 1.27352330088615 48.0960415005684 35.4337916076183 26.862157791853 67.937407836318 38.848050147295 0.856914937496185 0 22.8190612494945 7.41135847568512 2.99704006314278 31.6566509306431 0.395803898572922 9.98257422447205
33.1072021126747 0.940507769584656 0.936484813690186 1229.1151958108 1.0858381986618 184.082420885563 1320.80272436142 8.58753627538681 0.586907982826233 2.09261500835419 6.09832489490509 0 639.261803686619 529.93505269289 27.5752460956573 45.6026345491409 4.29874205589294 0 0 3.00687700510025 0.943386673927307 0 6.63373869657516 1.38665783405304 0.77922111749649 0.511531174182892 2.77495586872101 9.96340990066528 2.63464200496674 2.17048239707947 2.26529359817505 6.81213417649269
9.11760264635086 30.1097069084644 1528.95583592355 23.9499586224556 81.3241125047207 42.9749921858311 986.585319817066 58.7361295521259 947.653425127268 1640.87266790867 5.51591145992279 639.261803686619 0 615.880412846804 1825.53871786594 351.751063376665 18.9276600331068 174.104381203651 50.5289125740528 204.733993783593 174.946888998151 31.5592593550682 436.757852613926 75.6561003178358 71.7350733280182 7.82946094870567 46.023113027215 54.5677108168602 153.966894894838 144.454416960478 152.135237723589 165.34211602807
382.119835913181 566.193452000618 46.0091601461172 734.886429607868 413.627718418837 480.183414846659 743.585763156414 547.06225605309 83.316747367382 0.61970317363739 1709.34578278661 529.93505269289 615.880412846804 0 18.3476956784725 971.355264812708 37.6775916516781 218.674931138754 50.4692276269198 74.3476749956608 268.909508094192 119.11929744482 225.219107463956 184.755844414234 10.0070717334747 0 78.7055579572916 17.6969390213489 54.4199051111937 288.494173675776 4.58685249090195 65.5657460391521
1.06590521335602 1.59483361244202 14.4401301443577 5.34831410646439 0.611415803432465 23.4580660462379 3713.20690906048 157.844093590975 6.66591382026672 328.898354530334 1.60030671954155 27.5752460956573 1825.53871786594 18.3476956784725 0 450.119240656495 0 0 1.72082769870758 1.83135813474655 0 1.10472199320793 338.968446522951 8.95282888412476 167.06282389164 146.369261801243 0.315582990646362 11.2214226722717 244.456671118736 23.8931204080582 325.35226559639 177.328853815794
66.9342808425426 46.7292727530003 2.37570458650589 20.0268652439117 11.3545554578304 216.063267856836 3828.71184369922 2589.98577588797 0.263906747102737 6.88309812545776 270.181400895119 45.6026345491409 351.751063376665 971.355264812708 450.119240656495 0 0.662846744060516 0.481403201818466 1.3673141002655 0 1.1744424700737 3.91742089390755 396.387343376875 61.4572495222092 0 0 0.454645961523056 6.70134165883064 74.0012183487415 51.7567746341228 67.0355898290873 148.054281637073
317.543767482042 66.3767605423927 21.7527267038822 59.0047978162766 75.4697130322456 14.0334280729294 25.5207838714123 39.6035888195038 5.01200315356255 0 7.04241940379143 4.29874205589294 18.9276600331068 37.6775916516781 0 0.662846744060516 0 2526.9819560945 207.892892092466 467.554989188909 3322.92480662465 53.6525221765041 50.8659663796425 957.930553138256 18.6910916566849 0 490.553925305605 29.8264099359512 19.3864188790321 105.631769150496 1.55477273464203 56.2610445320606
54.143465846777 524.564256638288 243.199616163969 271.716153711081 598.7882463485 63.2078328132629 480.690800309181 288.064223200083 38.0767654776573 0 26.1646935045719 0 174.104381203651 218.674931138754 0 0.481403201818466 2526.9819560945 0 509.106002017856 2028.3636110872 13429.3906686902 73.6715828478336 860.164521455765 8846.79242017865 48.8273989856243 0 318.687520831823 48.3636327087879 129.307598307729 186.561793580651 0 1.10137748718262
6.12828281521797 53.9254145026207 55.6210235804319 31.9154757857323 132.813725724816 12.1066474616528 28.721587523818 65.9016890227795 11.8112141638994 0 1.27352330088615 0 50.5289125740528 50.4692276269198 1.72082769870758 1.3673141002655 207.892892092466 509.106002017856 0 1154.75195027888 1206.31500297785 82.4233331084251 18.6476675868034 234.67483253777 24.5826345086098 17.9006485342979 15.3022318929434 13.7594836652279 7520.07742504776 134.110865682364 5.83778953552246 0
84.6379561126232 283.765831589699 58.6417913734913 986.136938691139 235.446780383587 38.0069513916969 174.751227885485 112.926931574941 120.00867035985 0 48.0960415005684 3.00687700510025 204.733993783593 74.3476749956608 1.83135813474655 0 467.554989188909 2028.3636110872 1154.75195027888 0 2449.52669842541 197.58304464817 305.986691147089 861.128797903657 353.015503227711 0 919.033664792776 718.18939563632 81.4931503087282 208.727950721979 2.92602074146271 54.91683781147
89.1004375517368 541.931220978498 264.243059232831 356.674867272377 658.973610252142 91.2760142683983 183.103761777282 284.097558304667 46.826892092824 0 35.4337916076183 0.943386673927307 174.946888998151 268.909508094192 0 1.1744424700737 3322.92480662465 13429.3906686902 1206.31500297785 2449.52669842541 0 204.519024342299 334.646558791399 1877.73803249002 61.1909951269627 0 237.770544290543 75.7807438671589 226.556805402041 457.489317849279 1.68868315219879 3.72414255142212
34.5170607566833 142.754192307591 64.9374057799578 53.7839132249355 199.013566046953 196.763703137636 66.7459544539452 165.189398825169 6.09596031904221 0 26.862157791853 0 31.5592593550682 119.11929744482 1.10472199320793 3.91742089390755 53.6525221765041 73.6715828478336 82.4233331084251 197.58304464817 204.519024342299 0 275.103452205658 1356.28201669455 2.35020819306374 87.4923406839371 182.180442601442 259.744419395924 26.168399721384 202.982894420624 159.659511566162 346.64128357172
14.3659570217133 66.6292664259672 5.75217798352242 73.0581350922585 40.1122195124626 60.755406588316 3620.36968488991 346.620083317161 2.30781215429306 0.893060743808746 67.937407836318 6.63373869657516 436.757852613926 225.219107463956 338.968446522951 396.387343376875 50.8659663796425 860.164521455765 18.6476675868034 305.986691147089 334.646558791399 275.103452205658 0 4343.8494040966 8.78371250629425 1689.02815139294 394.468251883984 2276.53387820721 402.035379171372 767.040575712919 8584.92503741384 6222.8373131156
82.0516369044781 501.779846847057 117.061171904206 161.646672844887 319.621858239174 191.498297557235 2474.91725315154 320.899430245161 10.6451511085033 0.304888516664505 38.848050147295 1.38665783405304 75.6561003178358 184.755844414234 8.95282888412476 61.4572495222092 957.930553138256 8846.79242017865 234.67483253777 861.128797903657 1877.73803249002 1356.28201669455 4343.8494040966 0 7.51209345459938 1.49235960841179 298.725930482149 52.4737908244133 66.989315867424 516.956472828984 312.075852930546 3602.05063432455
0 2.9234556555748 7.48635402321815 83.3758057951927 16.0163423717022 0 17.8414049446583 9.79843902587891 52.9327995181084 217.999302744865 0.856914937496185 0.77922111749649 71.7350733280182 10.0070717334747 167.06282389164 0 18.6910916566849 48.8273989856243 24.5826345086098 353.015503227711 61.1909951269627 2.35020819306374 8.78371250629425 7.51209345459938 0 29.5517914295196 15.6282725334167 1038.44208562374 144.747417032719 96.2916367948055 10.8352453708649 0
0 0 0 0 0 0 3.69639119505882 0.452337712049484 2.34606432914734 93.4799893498421 0 0.511531174182892 7.82946094870567 0 146.369261801243 0 0 0 17.9006485342979 0 0 87.4923406839371 1689.02815139294 1.49235960841179 29.5517914295196 0 1.23260378837585 0.832455039024353 203.363044261932 2.30651831626892 282.928982764482 1.99081790447235
36.5286670774221 107.954311400652 42.5393354743719 145.826195210218 123.300188869238 47.9960975944996 88.0719022750854 70.0191178321838 16.5377058386803 0 22.8190612494945 2.77495586872101 46.023113027215 78.7055579572916 0.315582990646362 0.454645961523056 490.553925305605 318.687520831823 15.3022318929434 919.033664792776 237.770544290543 182.180442601442 394.468251883984 298.725930482149 15.6282725334167 1.23260378837585 0 479.94396969676 6.26138699054718 1652.49186053872 1.97297543287277 171.903067737818
11.4562455415726 39.0418238639831 11.0271264314652 209.841866850853 31.2240249365568 5.51376247406006 47.2009488940239 7.91057229042053 22.0559918284416 0 7.41135847568512 9.96340990066528 54.5677108168602 17.6969390213489 11.2214226722717 6.70134165883064 29.8264099359512 48.3636327087879 13.7594836652279 718.18939563632 75.7807438671589 259.744419395924 2276.53387820721 52.4737908244133 1038.44208562374 0.832455039024353 479.94396969676 0 534.52046340704 359.546551033854 37.3504544496536 92.4715182185173
2.72211039066315 32.0533543080091 46.4692876189947 72.1613081693649 97.9340299367905 9.82897140085697 200.62721799314 53.7472833245993 41.5450868308544 1.14010059833527 2.99704006314278 2.63464200496674 153.966894894838 54.4199051111937 244.456671118736 74.0012183487415 19.3864188790321 129.307598307729 7520.07742504776 81.4931503087282 226.556805402041 26.168399721384 402.035379171372 66.989315867424 144.747417032719 203.363044261932 6.26138699054718 534.52046340704 0 1633.89057478309 1395.61454708874 110.570594340563
42.933871537447 305.459604561329 159.941525608301 73.6766722947359 436.657169878483 116.439953163266 226.86216083169 251.738853275776 52.0762443989515 0 31.6566509306431 2.17048239707947 144.454416960478 288.494173675776 23.8931204080582 51.7567746341228 105.631769150496 186.561793580651 134.110865682364 208.727950721979 457.489317849279 202.982894420624 767.040575712919 516.956472828984 96.2916367948055 2.30651831626892 1652.49186053872 359.546551033854 1633.89057478309 0 23.9946589171886 679.781238555908
0 0.351599782705307 0 0.315673649311066 0 1.80425974726677 193.689348816872 20.8558994084597 2.49237442016602 18.3999160528183 0.395803898572922 2.26529359817505 152.135237723589 4.58685249090195 325.35226559639 67.0355898290873 1.55477273464203 0 5.83778953552246 2.92602074146271 1.68868315219879 159.659511566162 8584.92503741384 312.075852930546 10.8352453708649 282.928982764482 1.97297543287277 37.3504544496536 1395.61454708874 23.9946589171886 0 1501.69376961887
0.581280410289764 0.283498764038086 0 2.36464476585388 0.890499114990234 0.77005198597908 380.654671996832 34.3479635715485 0 1.18980288505554 9.98257422447205 6.81213417649269 165.34211602807 65.5657460391521 177.328853815794 148.054281637073 56.2610445320606 1.10137748718262 0 54.91683781147 3.72414255142212 346.64128357172 6222.8373131156 3602.05063432455 0 1.99081790447235 171.903067737818 92.4715182185173 110.570594340563 679.781238555908 1501.69376961887 0
