0 3906.88564549387 127.423375979066 1645.59432569146 1460.35712149739 81.1769658327103 53.1673843860626 477.217692375183 0 4.21054518222809 654.198373615742 258.490766704082 110.70419536531 930.798341408372 6.31393402814865 178.902517259121 5.36029762029648 33.7985179126263 1.34791852533817 8.56882613897324 38.0488533079624 16.0138291269541 3.74825343489647 26.5468214154244 1.73411631584168 0 7.59569072723389 0.74220484495163 1.47152483463287 27.2687597870827 0 0
3906.88564549387 0 404.374895513058 2549.16415286064 14388.3901509494 186.205302670598 1923.36590519548 7489.82065558434 1.49436464905739 2.32460337877274 16.6468667984009 32.071051299572 107.180825650692 949.502339243889 196.046393811703 46.2304551899433 38.7652401924133 831.349402830005 34.8613842874765 49.1456141024828 447.620007440448 142.80739441514 37.2690482437611 467.628143891692 0 0 172.327192857861 12.9429929256439 2.63094127178192 455.6067314744 0 0.977224707603455
127.423375979066 404.374895513058 0 304.159525960684 566.632809251547 8.37923312187195 12.1386718153954 56.1818891763687 1.39779567718506 18.6640258431435 3.69534754753113 47.6180747151375 2756.40774446726 462.578927338123 2.52839428186417 1.51249027252197 11.6687079668045 110.270195275545 10.0239427685738 42.13301846385 91.6855916082859 30.4707143753767 2.99037119746208 68.2793252319098 0 0 36.5545286089182 38.8772500157356 19.6310618519783 119.520750328898 0 0
1645.59432569146 2549.16415286064 304.159525960684 0 525.306567788124 281.24164134264 1322.33958640695 144.159884154797 4.2147850394249 5.48920375108719 867.203675627708 2257.90078049898 186.063967764378 648.795097380877 5.17984145879745 71.5341807305813 6.77686709165573 29.6529935151339 10.369308590889 109.652805581689 13.6555953621864 25.0424612462521 3.18607631325722 15.2154331058264 3.56177496910095 0 23.9515250325203 116.445344984531 45.4492220878601 57.3903596997261 0.452673196792602 0.376392960548401
1460.35712149739 14388.3901509494 566.632809251547 525.306567788124 0 301.05914054811 1143.54459807277 4006.44018946588 2.83395940065384 0.354096114635467 15.2872243523598 24.5572109222412 117.190583109856 1108.94987812638 142.799438983202 68.0788806080818 27.7801100462675 563.509714841843 50.9951734691858 46.3104832470417 370.092853590846 180.523926123977 35.7880910634995 257.629790514708 0 0 145.770459741354 14.1182407140732 0.590224087238312 503.684508085251 0 0.985612094402313
81.1769658327103 186.205302670598 8.37923312187195 281.24164134264 301.05914054811 0 243.110236883164 1100.28196978569 93.408088684082 131.487259060144 138.412197291851 224.450227826834 277.006006985903 667.25126761198 381.032181739807 893.033304452896 5.08666595816612 53.264018535614 2.4391413629055 3.75499549508095 49.2113593965769 307.065676897764 189.902183204889 126.627679497004 0 0 31.8471352756023 0 0.981387883424759 72.4550920277834 1.01934134960175 6.63484144210815
53.1673843860626 1923.36590519548 12.1386718153954 1322.33958640695 1143.54459807277 243.110236883164 0 3302.12977567315 991.096705436707 1102.03610348701 317.926587492228 1083.75334203243 2758.88619169593 1099.95291677117 6885.13638207316 2668.50994956493 31.2985430061817 342.674602478743 5.38303270936012 17.2363350093365 176.939072355628 92.4005264937878 1325.2152788043 893.135975301266 5.89964866638184 14.9290806353092 107.241123974323 12.2693943381309 24.5395481586456 223.503454297781 50.7562175691128 82.6874056607485
477.217692375183 7489.82065558434 56.1818891763687 144.159884154797 4006.44018946588 1100.28196978569 3302.12977567315 0 26.4643284082413 68.3176469802856 229.390652686357 41.4885993152857 275.040152058005 730.51916436851 1839.11611327529 2535.50282032788 61.7870639115572 640.436370715499 38.0950293391943 26.0151366144419 278.539146065712 274.263308092952 190.8262706846 713.332575112581 0 0 133.321760103106 0 15.1845821142197 579.955010965466 8.43075653910637 24.9594170153141
0 1.49436464905739 1.39779567718506 4.2147850394249 2.83395940065384 93.408088684082 991.096705436707 26.4643284082413 0 47.3338218331337 4.79488849639893 1.03214633464813 600.233817189932 21.8517833948135 96.9714914560318 3.97698247432709 1.46301352977753 0 1.14031231403351 18.6088921427727 1.25030553340912 0 0 0.933136224746704 6.74486005306244 14.6934403181076 1.07458364963531 14.8395100831985 8.31553220748901 22.8850079774857 6.23600161075592 0
4.21054518222809 2.32460337877274 18.6640258431435 5.48920375108719 0.354096114635467 131.487259060144 1102.03610348701 68.3176469802856 47.3338218331337 0 10.7482246160507 5.62909245491028 1010.63003492355 27.2503873109818 368.731683731079 17.2476019859314 0 0 0 0 0.447723478078842 0 6.66166308522224 0 54.1391121149063 436.339020848274 0 1.07103884220123 20.5627053976059 0.797485172748566 105.580737113953 2.88511443138123
654.198373615742 16.6468667984009 3.69534754753113 867.203675627708 15.2872243523598 138.412197291851 317.926587492228 229.390652686357 4.79488849639893 10.7482246160507 0 127.105630457401 33.2869154214859 627.729148060083 20.327245682478 283.732195258141 0.83388340473175 10.0100167691708 0 2.96695828437805 8.27721932530403 4.55361893773079 8.42493179440498 9.3504444360733 0 2.22846341133118 11.4636776149273 3.30110335350037 0.928411692380905 10.2206945568323 1.50133076310158 2.59891071915626
258.490766704082 32.071051299572 47.6180747151375 2257.90078049898 24.5572109222412 224.450227826834 1083.75334203243 41.4885993152857 1.03214633464813 5.62909245491028 127.105630457401 0 317.314588904381 534.452796220779 78.5571975708008 38.0625029504299 0 4.74126529693604 0 36.286520421505 1.3959371894598 1.18542420864105 6.21077647805214 2.72947078943253 0 0 4.6653790473938 29.3047603368759 11.3686637580395 21.9856875389814 2.76326331496239 4.36623334884644
110.70419536531 107.180825650692 2756.40774446726 186.063967764378 117.190583109856 277.006006985903 2758.88619169593 275.040152058005 600.233817189932 1010.63003492355 33.2869154214859 317.314588904381 0 1286.44965982437 693.59061935544 274.765068739653 5.39371305704117 64.8102713227272 17.8688539266586 107.395994484425 42.6468885242939 24.9334007799625 45.4093295037746 38.3587042689323 1.18500244617462 0.623669981956482 30.9564704746008 116.513844639063 89.3679097294807 129.941306009889 17.9015641510487 33.4625848829746
930.798341408372 949.502339243889 462.578927338123 648.795097380877 1108.94987812638 667.25126761198 1099.95291677117 730.51916436851 21.8517833948135 27.2503873109818 627.729148060083 534.452796220779 1286.44965982437 0 57.1323685348034 1350.38939574361 19.7178281992674 180.642962172627 22.6794303804636 83.8844008147717 128.685180544853 63.0402858555317 29.2961997389793 132.578927069902 0 0.748732626438141 59.8276129662991 92.7038889229298 52.2831102013588 250.016744688153 0.411483585834503 10.8770099282265
6.31393402814865 196.046393811703 2.52839428186417 5.17984145879745 142.799438983202 381.032181739807 6885.13638207316 1839.11611327529 96.9714914560318 368.731683731079 20.327245682478 78.5571975708008 693.59061935544 57.1323685348034 0 676.026029899716 2.49876546859741 92.0769430994987 0 2.36574441194534 51.2860671281815 3.03731697797775 327.154807835817 238.879318207502 72.3105714321136 431.3075478971 0.582887083292007 6.12391409277916 120.439089894295 9.06709742546082 232.963390856981 61.4695756733418
178.902517259121 46.2304551899433 1.51249027252197 71.5341807305813 68.0788806080818 893.033304452896 2668.50994956493 2535.50282032788 3.97698247432709 17.2476019859314 283.732195258141 38.0625029504299 274.765068739653 1350.38939574361 676.026029899716 0 4.27925717830658 8.53769797086716 0.789332926273346 1.74028638005257 4.65242654085159 30.0195297896862 255.839112609625 50.734407544136 0 0 19.2454141676426 12.1438514590263 42.1635550260544 99.8330083340406 21.7747446596623 113.585482954979
5.36029762029648 38.7652401924133 11.6687079668045 6.77686709165573 27.7801100462675 5.08666595816612 31.2985430061817 61.7870639115572 1.46301352977753 0 0.83388340473175 0 5.39371305704117 19.7178281992674 2.49876546859741 4.27925717830658 0 4725.46843004227 504.702709719539 1542.48873522878 2885.29730984569 84.3847019374371 86.7877551913261 1104.51894798875 0 0 3038.56449231505 78.6663853526115 4.21586921811104 284.169218182564 1.3943447470665 346.397095024586
33.7985179126263 831.349402830005 110.270195275545 29.6529935151339 563.509714841843 53.264018535614 342.674602478743 640.436370715499 0 0 10.0100167691708 4.74126529693604 64.8102713227272 180.642962172627 92.0769430994987 8.53769797086716 4725.46843004227 0 1255.24975375831 1940.04786652327 6823.62430262566 114.265023231506 1078.15744227171 6096.75483062863 0 0 113.93416801095 9.70947268605232 5.38591668009758 486.535665184259 1.04476076364517 0.599161148071289
1.34791852533817 34.8613842874765 10.0239427685738 10.369308590889 50.9951734691858 2.4391413629055 5.38303270936012 38.0950293391943 1.14031231403351 0 0 0 17.8688539266586 22.6794303804636 0 0.789332926273346 504.702709719539 1255.24975375831 0 216.330926954746 1052.96086727083 26.6539760828018 8.59553134441376 165.185089930892 6.93905115127563 24.165314912796 7.02929355204105 35.2750808000565 6822.14686667919 361.057152628899 0 0
8.56882613897324 49.1456141024828 42.13301846385 109.652805581689 46.3104832470417 3.75499549508095 17.2363350093365 26.0151366144419 18.6088921427727 0 2.96695828437805 36.286520421505 107.395994484425 83.8844008147717 2.36574441194534 1.74028638005257 1542.48873522878 1940.04786652327 216.330926954746 0 1379.74684636295 323.799749881029 113.593370378017 744.754488319159 66.6390326619148 0 2772.77974586189 1271.06402277946 103.464617431164 354.418030425906 10.4872005581856 96.8174089789391
38.0488533079624 447.620007440448 91.6855916082859 13.6555953621864 370.092853590846 49.2113593965769 176.939072355628 278.539146065712 1.25030553340912 0.447723478078842 8.27721932530403 1.3959371894598 42.6468885242939 128.685180544853 51.2860671281815 4.65242654085159 2885.29730984569 6823.62430262566 1052.96086727083 1379.74684636295 0 906.741932541132 550.967648327351 4639.32850748301 2.26593852043152 0 153.072291135788 9.34650653600693 10.6326839327812 1815.06405597925 3.9035711735487 51.8839024305344
16.0138291269541 142.80739441514 30.4707143753767 25.0424612462521 180.523926123977 307.065676897764 92.4005264937878 274.263308092952 0 0 4.55361893773079 1.18542420864105 24.9334007799625 63.0402858555317 3.03731697797775 30.0195297896862 84.3847019374371 114.265023231506 26.6539760828018 323.799749881029 906.741932541132 0 1340.61071968079 2523.46537023783 36.6040909290314 197.3459174335 379.844338715076 63.0454635024071 16.2251240313053 706.427105754614 636.207052707672 2365.06976240873
3.74825343489647 37.2690482437611 2.99037119746208 3.18607631325722 35.7880910634995 189.902183204889 1325.2152788043 190.8262706846 0 6.66166308522224 8.42493179440498 6.21077647805214 45.4093295037746 29.2961997389793 327.154807835817 255.839112609625 86.7877551913261 1078.15744227171 8.59553134441376 113.593370378017 550.967648327351 1340.61071968079 0 3239.21813347936 340.615048229694 2480.2276134789 348.796610206366 1809.45944842696 427.339080244303 1006.89181531966 14896.9646521509 17424.5225570798
26.5468214154244 467.628143891692 68.2793252319098 15.2154331058264 257.629790514708 126.627679497004 893.135975301266 713.332575112581 0.933136224746704 0 9.3504444360733 2.72947078943253 38.3587042689323 132.578927069902 238.879318207502 50.734407544136 1104.51894798875 6096.75483062863 165.185089930892 744.754488319159 4639.32850748301 2523.46537023783 3239.21813347936 0 3.45689076185226 77.8418174982071 478.272310614586 16.6722870469093 17.8168207705021 553.919932171702 974.575308531523 7592.14848685265
1.73411631584168 0 0 3.56177496910095 0 0 5.89964866638184 0 6.74486005306244 54.1391121149063 0 0 1.18500244617462 0 72.3105714321136 0 0 0 6.93905115127563 66.6390326619148 2.26593852043152 36.6040909290314 340.615048229694 3.45689076185226 0 555.023216843605 3.16108644008637 13.5220338702202 1207.77408671379 96.5852583646774 7.21348202228546 3.86284321546555
0 0 0 0 0 0 14.9290806353092 0 14.6934403181076 436.339020848274 2.22846341133118 0 0.623669981956482 0.748732626438141 431.3075478971 0 0 0 24.165314912796 0 0 197.3459174335 2480.2276134789 77.8418174982071 555.023216843605 0 1.82187050580978 25.6640896201134 1053.59376913309 12.1512380242348 257.205433666706 16.3016481697559
7.59569072723389 172.327192857861 36.5545286089182 23.9515250325203 145.770459741354 31.8471352756023 107.241123974323 133.321760103106 1.07458364963531 0 11.4636776149273 4.6653790473938 30.9564704746008 59.8276129662991 0.582887083292007 19.2454141676426 3038.56449231505 113.93416801095 7.02929355204105 2772.77974586189 153.072291135788 379.844338715076 348.796610206366 478.272310614586 3.16108644008637 1.82187050580978 0 221.572433769703 10.1460890769958 1635.6268658638 4.49721038341522 427.827715873718
0.74220484495163 12.9429929256439 38.8772500157356 116.445344984531 14.1182407140732 0 12.2693943381309 0 14.8395100831985 1.07103884220123 3.30110335350037 29.3047603368759 116.513844639063 92.7038889229298 6.12391409277916 12.1438514590263 78.6663853526115 9.70947268605232 35.2750808000565 1271.06402277946 9.34650653600693 63.0454635024071 1809.45944842696 16.6722870469093 13.5220338702202 25.6640896201134 221.572433769703 0 772.165187567472 538.716334789991 103.316124379635 143.859688341618
1.47152483463287 2.63094127178192 19.6310618519783 45.4492220878601 0.590224087238312 0.981387883424759 24.5395481586456 15.1845821142197 8.31553220748901 20.5627053976059 0.928411692380905 11.3686637580395 89.3679097294807 52.2831102013588 120.439089894295 42.1635550260544 4.21586921811104 5.38591668009758 6822.14686667919 103.464617431164 10.6326839327812 16.2251240313053 427.339080244303 17.8168207705021 1207.77408671379 1053.59376913309 10.1460890769958 772.165187567472 0 1868.93059925735 272.412513077259 165.036047548056
27.2687597870827 455.6067314744 119.520750328898 57.3903596997261 503.684508085251 72.4550920277834 223.503454297781 579.955010965466 22.8850079774857 0.797485172748566 10.2206945568323 21.9856875389814 129.941306009889 250.016744688153 9.06709742546082 99.8330083340406 284.169218182564 486.535665184259 361.057152628899 354.418030425906 1815.06405597925 706.427105754614 1006.89181531966 553.919932171702 96.5852583646774 12.1512380242348 1635.6268658638 538.716334789991 1868.93059925735 0 17.4614815413952 921.312333226204
0 0 0 0.452673196792602 0 1.01934134960175 50.7562175691128 8.43075653910637 6.23600161075592 105.580737113953 1.50133076310158 2.76326331496239 17.9015641510487 0.411483585834503 232.963390856981 21.7747446596623 1.3943447470665 1.04476076364517 0 10.4872005581856 3.9035711735487 636.207052707672 14896.9646521509 974.575308531523 7.21348202228546 257.205433666706 4.49721038341522 103.316124379635 272.412513077259 17.4614815413952 0 895.792073756456
0 0.977224707603455 0 0.376392960548401 0.985612094402313 6.63484144210815 82.6874056607485 24.9594170153141 0 2.88511443138123 2.59891071915626 4.36623334884644 33.4625848829746 10.8770099282265 61.4695756733418 113.585482954979 346.397095024586 0.599161148071289 0 96.8174089789391 51.8839024305344 2365.06976240873 17424.5225570798 7592.14848685265 3.86284321546555 16.3016481697559 427.827715873718 143.859688341618 165.036047548056 921.312333226204 895.792073756456 0
