0 1980.99865713716 537.35720589757 660.109916687012 2448.93110749125 48.8974846601486 51.7886881828308 562.205800503492 8.25837618112564 0.340530514717102 589.395199775696 100.22250649333 33.119322270155 392.998358234763 17.3993278443813 159.873510465026 12.0362534224987 39.3797575831413 1.6344507932663 10.2340682446957 44.6416665017605 10.267810434103 15.2853901386261 15.758426040411 1.00515547394753 1.68949520587921 29.3516904115677 1.16183018684387 4.12495350837708 44.8550853282213 0.963460475206375 2.82195538282394
1980.99865713716 0 1430.35171484947 1624.61481359601 9608.28530697525 166.390589386225 1992.93897020817 8358.79394058883 58.3137667775154 25.0919571369886 12.1553721129894 21.5268856883049 83.6676216423512 732.317920789123 144.771771043539 27.3151645511389 177.298911035061 456.630530789495 18.5898564755917 46.8886173516512 345.85888774693 88.4090074449778 50.721604347229 139.043794125318 16.569037348032 0 113.573596060276 23.0515222847462 14.7527123093605 256.769407019019 0.298386365175247 0.346186071634293
537.35720589757 1430.35171484947 0 562.826755613089 1521.41888134181 5.56260247528553 32.2479179650545 183.730465888977 318.938705712557 403.956521689892 8.3470686674118 38.3554453551769 1397.79918563366 41.916158631444 44.9924786984921 6.06168557703495 19.8590888082981 55.5057233422995 5.00674915313721 20.6393618732691 56.4481419920921 17.9572217613459 1.96000570058823 8.5231542289257 68.1930928826332 16.927493929863 38.6536647379398 19.0819615125656 30.791821539402 71.0470320880413 4.01014000177383 0
660.109916687012 1624.61481359601 562.826755613089 0 1525.76367391646 526.773109719157 2643.42772251368 465.844607517123 43.7667517662048 0 1786.09702348709 919.07994684577 86.7095658779144 466.280995219946 18.5494664311409 247.996519103646 71.8797792494297 73.8648470789194 3.90992556512356 197.885016158223 114.292475253344 33.233955770731 27.5134582817555 19.6801412850618 13.3829426169395 0 49.7758133262396 72.0922400355339 25.3442670106888 130.214065283537 1.2210727930069 5.00317996740341
2448.93110749125 9608.28530697525 1521.41888134181 1525.76367391646 0 419.364905163646 291.128201052547 1276.95950332284 97.7021485716105 53.4558328837156 19.4957504570484 96.1625677645206 294.605135679245 1544.80549252033 49.7884368747473 46.5253525823355 175.133667111397 469.097782969475 20.6509012430906 185.259147569537 399.361278414726 89.7817144393921 10.677340477705 109.547448262572 65.4383931159973 0.62939864397049 181.352884560823 107.154943048954 60.9425966143608 415.592891797423 1.4444591999054 0.523253500461578
48.8974846601486 166.390589386225 5.56260247528553 526.773109719157 419.364905163646 0 466.92580473423 310.734928444028 57.7975693643093 74.5630965828896 77.628785431385 130.507726371288 316.675355106592 184.774410545826 121.68413823843 588.778743743896 10.7269646823406 40.472884491086 2.15955549478531 4.3329384624958 43.117602199316 25.8440067470074 44.0821589827537 18.0607162117958 0 0.699693560600281 32.6601997613907 2.85361380875111 11.4083518087864 44.3251153379679 3.87710186839104 7.17902302742004
51.7886881828308 1992.93897020817 32.2479179650545 2643.42772251368 291.128201052547 466.92580473423 0 4173.32839427888 1148.3917632699 1116.31317466497 303.99545879662 948.266808658838 3073.18020305037 358.448699146509 4933.79007558525 2142.27871869504 84.7282252013683 136.38197876513 9.7950078099966 94.4833587557077 156.939224824309 42.3274489343166 2119.36476296186 951.716590821743 29.793155580759 21.5665730237961 307.268833145499 154.613528251648 238.715556398034 360.456014603376 219.173517018557 285.122316300869
562.205800503492 8358.79394058883 183.730465888977 465.844607517123 1276.95950332284 310.734928444028 4173.32839427888 0 204.673066824675 208.958232626319 114.228179037571 127.151173830032 411.934757292271 247.458788529038 1397.82024885714 1890.22879752517 299.316401124 678.443350017071 44.3641737699509 54.9099592417479 333.354310691357 100.502146333456 321.905951872468 208.857256144285 6.42787286639214 2.4261312186718 218.879350930452 39.1853020489216 78.2554634511471 404.899801000953 38.9921810477972 82.0479511022568
8.25837618112564 58.3137667775154 318.938705712557 43.7667517662048 97.7021485716105 57.7975693643093 1148.3917632699 204.673066824675 0 36.3281266987324 6.19381612539291 17.5455918312073 2032.20940026641 82.977688908577 72.2130287587643 35.5958198606968 26.9882081151009 8.95808094739914 4.39609429240227 30.3300852030516 16.0648078024387 0.678865984082222 2.20837390422821 2.03262096643448 87.9800311326981 2.43329000473023 25.5833332538605 17.6015027761459 27.9597769379616 38.1177079677582 9.14323529601097 2.34303936362266
0.340530514717102 25.0919571369886 403.956521689892 0 53.4558328837156 74.5630965828896 1116.31317466497 208.958232626319 36.3281266987324 0 0 7.61051449179649 1141.14738339186 33.7696601450443 205.809053719044 43.2552709877491 1.06060856580734 4.57279565930367 3.44713968038559 0.557576268911362 2.25148832798004 3.8457108438015 15.8286475539207 2.23161494731903 59.6517840623856 10.6584339439869 3.50230027735233 4.36249041557312 98.7857881188393 6.88453298807144 33.7053043246269 6.35846084356308
589.395199775696 12.1553721129894 8.3470686674118 1786.09702348709 19.4957504570484 77.628785431385 303.99545879662 114.228179037571 6.19381612539291 0 0 59.9909557104111 10.4442406892777 727.409723579884 15.6214874088764 406.963920772076 6.1554069519043 3.64953568577766 0 14.100763887167 7.00306847691536 6.70476761460304 27.9662589728832 7.05462402105331 0.721452057361603 0 18.9253838658333 9.46173071861267 3.80620193481445 28.40042501688 0 7.23152005672455
100.22250649333 21.5268856883049 38.3554453551769 919.07994684577 96.1625677645206 130.507726371288 948.266808658838 127.151173830032 17.5455918312073 7.61051449179649 59.9909557104111 0 608.703210949898 185.638768002391 22.6815518736839 53.3564965724945 29.5847823023796 11.3103123009205 2.88625025749206 56.3277020156384 13.729883864522 1.83252519369125 16.9527461826801 1.4107551574707 7.10017246007919 0 29.6895506978035 28.673265337944 8.15804547071457 46.1461715996265 6.11678782105446 8.05260252952576
33.119322270155 83.6676216423512 1397.79918563366 86.7095658779144 294.605135679245 316.675355106592 3073.18020305037 411.934757292271 2032.20940026641 1141.14738339186 10.4442406892777 608.703210949898 0 658.905375987291 736.790277183056 207.505511447787 225.919522821903 73.6380072832108 11.1522090137005 261.962333068252 93.7451583892107 20.6838706880808 225.021788537502 22.6005332916975 272.695789217949 27.5916396081448 127.023825436831 112.179915487766 279.218907356262 467.691649243236 97.2456740736961 91.3127097785473
392.998358234763 732.317920789123 41.916158631444 466.280995219946 1544.80549252033 184.774410545826 358.448699146509 247.458788529038 82.977688908577 33.7696601450443 727.409723579884 185.638768002391 658.905375987291 0 83.6325790286064 637.191364631057 98.9888156056404 221.950669676065 12.234845250845 166.613319844007 216.784685388207 73.2784223109484 112.024023473263 75.1989679187536 50.3035418391228 0 185.140959829092 83.9575160741806 50.2978181988001 391.253864854574 6.9698096960783 25.3605637252331
17.3993278443813 144.771771043539 44.9924786984921 18.5494664311409 49.7884368747473 121.68413823843 4933.79007558525 1397.82024885714 72.2130287587643 205.809053719044 15.6214874088764 22.6815518736839 736.790277183056 83.6325790286064 0 744.468447968364 10.9054525196552 109.89272364974 11.4107955396175 1.975302323699 112.106578618288 5.06024387478828 1056.93316885829 843.320545643568 495.448176652193 74.5964248776436 4.65031696856022 31.7349606752396 475.451710373163 23.3560512959957 265.10917891562 154.507454127073
159.873510465026 27.3151645511389 6.06168557703495 247.996519103646 46.5253525823355 588.778743743896 2142.27871869504 1890.22879752517 35.5958198606968 43.2552709877491 406.963920772076 53.3564965724945 207.505511447787 637.191364631057 744.468447968364 0 2.61522248387337 12.4335916638374 0.950735256075859 3.35572595894337 10.9279191792011 11.8351915925741 433.860913082957 65.0358276367188 1.7417927980423 1.29557165503502 43.8618809133768 53.0247708857059 101.599413782358 119.327303349972 64.3549278229475 119.98719471693
12.0362534224987 177.298911035061 19.8590888082981 71.8797792494297 175.133667111397 10.7269646823406 84.7282252013683 299.316401124 26.9882081151009 1.06060856580734 6.1554069519043 29.5847823023796 225.919522821903 98.9888156056404 10.9054525196552 2.61522248387337 0 2788.20242330432 912.447955071926 2037.04144057631 4798.96445989609 196.181573837996 93.9684579074383 1307.20789647102 187.839716970921 0 884.039552658796 107.118873029947 105.426714807749 296.036577761173 2.51386421918869 54.9691663086414
39.3797575831413 456.630530789495 55.5057233422995 73.8648470789194 469.097782969475 40.472884491086 136.38197876513 678.443350017071 8.95808094739914 4.57279565930367 3.64953568577766 11.3103123009205 73.6380072832108 221.950669676065 109.89272364974 12.4335916638374 2788.20242330432 0 517.956033393741 1394.7820584178 11719.1373461634 162.53545331955 392.585289657116 6179.56969493627 25.8456029593945 0.470473229885101 303.442262977362 80.3456048369408 97.4510642439127 542.924389839172 3.37488237023354 2.50689303874969
1.6344507932663 18.5898564755917 5.00674915313721 3.90992556512356 20.6509012430906 2.15955549478531 9.7950078099966 44.3641737699509 4.39609429240227 3.44713968038559 0 2.88625025749206 11.1522090137005 12.234845250845 11.4107955396175 0.950735256075859 912.447955071926 517.956033393741 0 1002.15153738856 1906.73677301407 48.8345480561256 26.1146528720856 325.387783825397 9.14660012722015 10.2675407528877 10.3583192825317 10.9827111363411 1753.52353513241 342.228089794517 8.35513308644295 3.25353150069714
10.2340682446957 46.8886173516512 20.6393618732691 197.885016158223 185.259147569537 4.3329384624958 94.4833587557077 54.9099592417479 30.3300852030516 0.557576268911362 14.100763887167 56.3277020156384 261.962333068252 166.613319844007 1.975302323699 3.35572595894337 2037.04144057631 1394.7820584178 1002.15153738856 0 1796.89977678657 696.503123193979 1751.44042682648 283.258845955133 418.954947710037 0 628.313841849566 871.258351147175 110.32166326046 947.782432705164 3.60038411617279 44.3805600404739
44.6416665017605 345.85888774693 56.4481419920921 114.292475253344 399.361278414726 43.117602199316 156.939224824309 333.354310691357 16.0648078024387 2.25148832798004 7.00306847691536 13.729883864522 93.7451583892107 216.784685388207 112.106578618288 10.9279191792011 4798.96445989609 11719.1373461634 1906.73677301407 1796.89977678657 0 1309.59048128128 463.402120351791 4170.8738797307 80.1067703664303 1.22277295589447 298.397216975689 160.819168329239 357.73289000988 1766.98007042706 9.12016236782074 12.5475663542747
10.267810434103 88.4090074449778 17.9572217613459 33.233955770731 89.7817144393921 25.8440067470074 42.3274489343166 100.502146333456 0.678865984082222 3.8457108438015 6.70476761460304 1.83252519369125 20.6838706880808 73.2784223109484 5.06024387478828 11.8351915925741 196.181573837996 162.53545331955 48.8345480561256 696.503123193979 1309.59048128128 0 188.544307306409 1749.64818331599 65.2568599581718 270.347974777222 361.599979072809 142.740285873413 14.963936984539 414.255755513906 261.59519726038 102.160337626934
15.2853901386261 50.721604347229 1.96000570058823 27.5134582817555 10.677340477705 44.0821589827537 2119.36476296186 321.905951872468 2.20837390422821 15.8286475539207 27.9662589728832 16.9527461826801 225.021788537502 112.024023473263 1056.93316885829 433.860913082957 93.9684579074383 392.585289657116 26.1146528720856 1751.44042682648 463.402120351791 188.544307306409 0 2809.53828057647 736.863855719566 3552.66229408979 1112.90636849403 2159.58089375496 249.502973616123 230.883358716965 10746.4930809885 7790.03268784285
15.758426040411 139.043794125318 8.5231542289257 19.6801412850618 109.547448262572 18.0607162117958 951.716590821743 208.857256144285 2.03262096643448 2.23161494731903 7.05462402105331 1.4107551574707 22.6005332916975 75.1989679187536 843.320545643568 65.0358276367188 1307.20789647102 6179.56969493627 325.387783825397 283.258845955133 4170.8738797307 1749.64818331599 2809.53828057647 0 11.3911900520325 129.939395070076 295.594775944948 49.88210105896 97.6383957564831 547.196175813675 673.118512392044 2674.4203106761
1.00515547394753 16.569037348032 68.1930928826332 13.3829426169395 65.4383931159973 0 29.793155580759 6.42787286639214 87.9800311326981 59.6517840623856 0.721452057361603 7.10017246007919 272.695789217949 50.3035418391228 495.448176652193 1.7417927980423 187.839716970921 25.8456029593945 9.14660012722015 418.954947710037 80.1067703664303 65.2568599581718 736.863855719566 11.3911900520325 0 162.556108653545 321.031737804413 623.332211136818 1248.59404408932 512.556924790144 251.603115320206 0
1.68949520587921 0 16.927493929863 0 0.62939864397049 0.699693560600281 21.5665730237961 2.4261312186718 2.43329000473023 10.6584339439869 0 0 27.5916396081448 0 74.5964248776436 1.29557165503502 0 0.470473229885101 10.2675407528877 0 1.22277295589447 270.347974777222 3552.66229408979 129.939395070076 162.556108653545 0 0 86.7825235128403 960.976094633341 0.896336495876312 509.27679798007 16.1846580207348
29.3516904115677 113.573596060276 38.6536647379398 49.7758133262396 181.352884560823 32.6601997613907 307.268833145499 218.879350930452 25.5833332538605 3.50230027735233 18.9253838658333 29.6895506978035 127.023825436831 185.140959829092 4.65031696856022 43.8618809133768 884.039552658796 303.442262977362 10.3583192825317 628.313841849566 298.397216975689 361.599979072809 1112.90636849403 295.594775944948 321.031737804413 0 0 468.111640691757 71.4299034178257 722.872183084488 14.8088450431824 564.625158727169
1.16183018684387 23.0515222847462 19.0819615125656 72.0922400355339 107.154943048954 2.85361380875111 154.613528251648 39.1853020489216 17.6015027761459 4.36249041557312 9.46173071861267 28.673265337944 112.179915487766 83.9575160741806 31.7349606752396 53.0247708857059 107.118873029947 80.3456048369408 10.9827111363411 871.258351147175 160.819168329239 142.740285873413 2159.58089375496 49.88210105896 623.332211136818 86.7825235128403 468.111640691757 0 335.960277318955 401.279994368553 159.563476920128 1681.19433549046
4.12495350837708 14.7527123093605 30.791821539402 25.3442670106888 60.9425966143608 11.4083518087864 238.715556398034 78.2554634511471 27.9597769379616 98.7857881188393 3.80620193481445 8.15804547071457 279.218907356262 50.2978181988001 475.451710373163 101.599413782358 105.426714807749 97.4510642439127 1753.52353513241 110.32166326046 357.73289000988 14.963936984539 249.502973616123 97.6383957564831 1248.59404408932 960.976094633341 71.4299034178257 335.960277318955 0 1954.67591631413 844.555141746998 167.181024760008
44.8550853282213 256.769407019019 71.0470320880413 130.214065283537 415.592891797423 44.3251153379679 360.456014603376 404.899801000953 38.1177079677582 6.88453298807144 28.40042501688 46.1461715996265 467.691649243236 391.253864854574 23.3560512959957 119.327303349972 296.036577761173 542.924389839172 342.228089794517 947.782432705164 1766.98007042706 414.255755513906 230.883358716965 547.196175813675 512.556924790144 0.896336495876312 722.872183084488 401.279994368553 1954.67591631413 0 27.1532129049301 789.365104228258
0.963460475206375 0.298386365175247 4.01014000177383 1.2210727930069 1.4444591999054 3.87710186839104 219.173517018557 38.9921810477972 9.14323529601097 33.7053043246269 0 6.11678782105446 97.2456740736961 6.9698096960783 265.10917891562 64.3549278229475 2.51386421918869 3.37488237023354 8.35513308644295 3.60038411617279 9.12016236782074 261.59519726038 10746.4930809885 673.118512392044 251.603115320206 509.27679798007 14.8088450431824 159.563476920128 844.555141746998 27.1532129049301 0 821.169515535235
2.82195538282394 0.346186071634293 0 5.00317996740341 0.523253500461578 7.17902302742004 285.122316300869 82.0479511022568 2.34303936362266 6.35846084356308 7.23152005672455 8.05260252952576 91.3127097785473 25.3605637252331 154.507454127073 119.98719471693 54.9691663086414 2.50689303874969 3.25353150069714 44.3805600404739 12.5475663542747 102.160337626934 7790.03268784285 2674.4203106761 0 16.1846580207348 564.625158727169 1681.19433549046 167.181024760008 789.365104228258 821.169515535235 0
