0 5608.14549309015 218.54826143384 2132.03864094615 1995.89984434843 154.456601411104 438.383074581623 1809.49284672737 17.7535437643528 5.18250298500061 848.351302087307 233.273845285177 127.920616537333 483.190271496773 7.25411915779114 345.427084133029 55.0646659433842 427.376807034016 10.5134888589382 36.5857351869345 158.942566812038 67.3710605800152 65.9366875886917 140.174061387777 2.45876696705818 9.29956549406052 56.9803405702114 24.1637522876263 32.2217147052288 167.418898165226 32.3470538854599 8.82367497682571
5608.14549309015 0 773.3523683846 2927.42619973421 11163.9837460965 507.57228666544 1627.23976238072 9275.64314633608 171.871775507927 12.3379316627979 36.3964141607284 30.980859875679 147.42816093564 1017.72071813047 26.3122271001339 42.9990338236094 253.28953436017 1833.76241020858 42.8718951940536 81.9085904359818 483.25962395966 97.568207398057 50.2389163523912 453.620022431016 41.0101155638695 3.37933528423309 68.3356942683458 13.9891169667244 113.946335121989 383.928672924638 7.85898619890213 1.13066518306732
218.54826143384 773.3523683846 0 168.130063086748 1029.7814848721 17.6046169698238 52.2119011133909 310.527990564704 31.8046767115593 83.2295118868351 1.27673375606537 5.93252247571945 311.377065852284 61.2284750938416 12.6996613144875 2.92174984514713 4.56114956736565 76.8454940915108 0 18.3823153674603 30.8834552466869 4.27229896187782 3.69390985369682 20.6377865821123 11.4440803229809 1.54184198379517 10.0505502671003 3.0390782058239 13.2958881855011 44.0685403943062 0 0
2132.03864094615 2927.42619973421 168.130063086748 0 2165.54664933681 362.279170751572 1639.77071171999 1276.73406139016 128.043546617031 0 4020.52882984281 877.080074071884 47.878990739584 980.353885889053 10.0296247303486 215.764425218105 24.4459312409162 112.37787258625 7.66898488998413 258.242040976882 195.087757110596 25.5589969009161 24.9905671477318 46.8034878522158 30.7065680623055 2.96510607004166 71.4330125153065 27.9661903977394 27.6952999234199 75.6694454699755 6.51262354850769 5.48155069351196
1995.89984434843 11163.9837460965 1029.7814848721 2165.54664933681 0 695.732925862074 573.356479331851 2648.14251467586 293.488513767719 14.2411165833473 36.5436314344406 43.2039073109627 255.878173083067 1760.39929570258 72.3280888199806 58.9056227505207 101.766055896878 941.393521919847 20.3137706816196 122.687349632382 505.458485201001 167.322688281536 65.5193720161915 384.164257377386 66.2948857843876 0.367215692996979 123.746430844068 21.2919018864632 104.057879135013 606.64309720695 3.72428295016289 9.26036143302917
154.456601411104 507.57228666544 17.6046169698238 362.279170751572 695.732925862074 0 667.206489652395 833.554815322161 168.631453126669 296.372835099697 217.742593705654 130.593565821648 659.608092993498 282.057441741228 548.922420084476 275.910042509437 16.8658114224672 177.743942081928 0.970876783132553 17.1916573047638 116.187913998961 135.750757217407 34.9010551571846 107.524036869407 3.10865992307663 0.369092345237732 38.4831653535366 1.24921691417694 16.2824778556824 163.707637369633 4.88010320067406 7.99674379825592
438.383074581623 1627.23976238072 52.2119011133909 1639.77071171999 573.356479331851 667.206489652395 0 6224.32787506282 600.599499225616 591.079174518585 1190.14765661955 1701.10158342123 1297.74469777942 812.128839209676 4089.04349777103 4220.41969577968 49.9155381023884 294.769017159939 13.5283183157444 94.5237504690886 292.470833465457 43.073724642396 2930.92073844373 1868.66451142728 11.424640417099 15.6154043972492 191.89907027781 155.090801417828 95.0237782150507 323.732266589999 235.798121735454 100.340721279383
1809.49284672737 9275.64314633608 310.527990564704 1276.73406139016 2648.14251467586 833.554815322161 6224.32787506282 0 220.835286945105 85.6283185482025 913.340188145638 178.513299614191 274.394204944372 1043.49172250926 907.756806969643 2246.91688685119 209.528450354934 1010.69027149677 27.845576941967 97.3298500329256 519.891423895955 229.723480463028 537.57173807919 549.71084100008 26.8993473649025 0 230.198812454939 8.25526849925518 90.1589332222939 855.331292510033 49.5216013491154 24.0163427293301
17.7535437643528 171.871775507927 31.8046767115593 128.043546617031 293.488513767719 168.631453126669 600.599499225616 220.835286945105 0 32.0618076920509 70.5020884275436 2.57545411586762 2853.92582732439 458.541172474623 4.16027224063873 98.2267211675644 14.6263120174408 21.1205446571112 10.7495597600937 36.8376966118813 24.9879879653454 4.69228407740593 3.88944578170776 7.5115362405777 11.2940378189087 3.16455161571503 16.5177170932293 28.328672349453 25.4856160879135 47.5656519234181 0 0
5.18250298500061 12.3379316627979 83.2295118868351 0 14.2411165833473 296.372835099697 591.079174518585 85.6283185482025 32.0618076920509 0 1.00829973816872 2.23179635405541 1028.65079590678 0.661151051521301 197.727456688881 52.1275356113911 0 1.37877583503723 65.5112354159355 0 0.585373938083649 0 3.44239467382431 0.83110773563385 147.139586806297 213.416959345341 1.03399729728699 0 1066.54892209172 0 73.0743989944458 0.73620194196701
848.351302087307 36.3964141607284 1.27673375606537 4020.52882984281 36.5436314344406 217.742593705654 1190.14765661955 913.340188145638 70.5020884275436 1.00829973816872 0 389.637703210115 39.5228917300701 1559.24379760027 2.5177201628685 484.4697663486 6.126863270998 17.6112150549889 0 30.9708978831768 19.3158836364746 11.2751772105694 62.6201219856739 11.5632424354553 3.12343448400497 2.80163261294365 17.051986604929 12.8785055875778 5.83417153358459 30.1182802468538 3.80524981021881 2.87357690930367
233.273845285177 30.980859875679 5.93252247571945 877.080074071884 43.2039073109627 130.593565821648 1701.10158342123 178.513299614191 2.57545411586762 2.23179635405541 389.637703210115 0 382.848357766867 271.641462922096 16.4848171770573 68.1831178069115 0 3.0788488984108 0 3.0219144821167 8.03729939460754 0.300520926713943 12.0384287238121 3.59049814939499 0 1.022873878479 3.42792880535126 9.85853028297424 5.73220404982567 7.61703929305077 3.7068350315094 5.25367701053619
127.920616537333 147.42816093564 311.377065852284 47.878990739584 255.878173083067 659.608092993498 1297.74469777942 274.394204944372 2853.92582732439 1028.65079590678 39.5228917300701 382.848357766867 0 926.737088620663 817.400655865669 503.213762640953 15.6686218231916 92.7396592348814 3.47185516357422 56.6149159967899 62.2612795233727 14.0463495105505 118.300252139568 44.5711560845375 60.4032043218613 8.40368893742561 36.8983135521412 37.0066057443619 91.7889109253883 149.424200981855 35.6838167309761 24.4315010309219
483.190271496773 1017.72071813047 61.2284750938416 980.353885889053 1760.39929570258 282.057441741228 812.128839209676 1043.49172250926 458.541172474623 0.661151051521301 1559.24379760027 271.641462922096 926.737088620663 0 39.3790953159332 3114.91687256098 81.7550946176052 710.005330756307 19.1666629165411 151.025369927287 529.294625833631 164.090540021658 177.255861997604 304.027754813433 74.3268955945969 1.78715512156486 184.832395702601 74.2478954792023 118.287606328726 800.011128932238 4.62727001309395 20.4881380647421
7.25411915779114 26.3122271001339 12.6996613144875 10.0296247303486 72.3280888199806 548.922420084476 4089.04349777103 907.756806969643 4.16027224063873 197.727456688881 2.5177201628685 16.4848171770573 817.400655865669 39.3790953159332 0 782.184575885534 0 18.198711335659 9.97706711292267 0.429072797298431 23.1214831471443 3.939572930336 334.880553722382 217.378347545862 418.175904035568 168.762718826532 2.53522011637688 1.88776436448097 721.682176500559 6.20174157619476 99.8353805840015 26.5963781774044
345.427084133029 42.9990338236094 2.92174984514713 215.764425218105 58.9056227505207 275.910042509437 4220.41969577968 2246.91688685119 98.2267211675644 52.1275356113911 484.4697663486 68.1831178069115 503.213762640953 3114.91687256098 782.184575885534 0 2.09027403593063 12.3149980604649 0 0.974113628268242 8.87716722488403 8.98275923728943 161.350821241736 21.2753305733204 0 1.26647114753723 6.2975897192955 4.74908238649368 35.8573858737946 10.888926371932 37.6872398853302 25.6569290012121
55.0646659433842 253.28953436017 4.56114956736565 24.4459312409162 101.766055896878 16.8658114224672 49.9155381023884 209.528450354934 14.6263120174408 0 6.126863270998 0 15.6686218231916 81.7550946176052 0 2.09027403593063 0 4444.43855476379 508.83296173811 314.143557965756 3400.90943849087 147.586166799069 164.947251558304 2072.54051192105 48.3951574265957 5.81687352061272 864.900459259748 24.7832215726376 113.924739956856 352.641437545419 8.03754863142967 98.2790476083755
427.376807034016 1833.76241020858 76.8454940915108 112.37787258625 941.393521919847 177.743942081928 294.769017159939 1010.69027149677 21.1205446571112 1.37877583503723 17.6112150549889 3.0788488984108 92.7396592348814 710.005330756307 18.198711335659 12.3149980604649 4444.43855476379 0 454.697861790657 1812.4967675209 11104.6070940495 117.187199831009 626.375081539154 5199.33149716258 66.4907818138599 0 190.734082370997 75.1251221895218 495.162381380796 453.469106271863 17.5666395425797 14.4225927889347
10.5134888589382 42.8718951940536 0 7.66898488998413 20.3137706816196 0.970876783132553 13.5283183157444 27.845576941967 10.7495597600937 65.5112354159355 0 0 3.47185516357422 19.1666629165411 9.97706711292267 0 508.83296173811 454.697861790657 0 445.76559484005 1233.16215744615 62.6040845811367 49.5361631214619 422.864798009396 27.8232802152634 12.6459850668907 4.96627587080002 5.98447370529175 2251.1780718565 89.1145286560059 6.34559899568558 0
36.5857351869345 81.9085904359818 18.3823153674603 258.242040976882 122.687349632382 17.1916573047638 94.5237504690886 97.3298500329256 36.8376966118813 0 30.9708978831768 3.0219144821167 56.6149159967899 151.025369927287 0.429072797298431 0.974113628268242 314.143557965756 1812.4967675209 445.76559484005 0 4289.81468039751 513.936692506075 560.532916724682 807.768905252218 357.211596727371 4.65961879491806 2202.37179841101 760.93780502677 31.4997634887695 440.005265012384 31.4143349528313 48.1748061180115
158.942566812038 483.25962395966 30.8834552466869 195.087757110596 505.458485201001 116.187913998961 292.470833465457 519.891423895955 24.9879879653454 0.585373938083649 19.3158836364746 8.03729939460754 62.2612795233727 529.294625833631 23.1214831471443 8.87716722488403 3400.90943849087 11104.6070940495 1233.16215744615 4289.81468039751 0 499.450697004795 731.075908914208 4002.25840656459 102.087096691132 0.401588976383209 440.92933960259 325.64734685421 895.329555094242 3042.73103839159 38.2194228768349 21.0267870426178
67.3710605800152 97.568207398057 4.27229896187782 25.5589969009161 167.322688281536 135.750757217407 43.073724642396 229.723480463028 4.69228407740593 0 11.2751772105694 0.300520926713943 14.0463495105505 164.090540021658 3.939572930336 8.98275923728943 147.586166799069 117.187199831009 62.6040845811367 513.936692506075 499.450697004795 0 545.429992824793 1179.85460317135 10.1611338853836 92.6522173881531 187.509231865406 187.946092545986 53.6402458250523 770.064619809389 610.765286922455 112.577558040619
65.9366875886917 50.2389163523912 3.69390985369682 24.9905671477318 65.5193720161915 34.9010551571846 2930.92073844373 537.57173807919 3.88944578170776 3.44239467382431 62.6201219856739 12.0384287238121 118.300252139568 177.255861997604 334.880553722382 161.350821241736 164.947251558304 626.375081539154 49.5361631214619 560.532916724682 731.075908914208 545.429992824793 0 4248.63567304611 60.7889100909233 559.073096483946 716.146768704057 1934.11788761616 265.158270180225 724.596836984158 9138.10859084129 6347.38249751925
140.174061387777 453.620022431016 20.6377865821123 46.8034878522158 384.164257377386 107.524036869407 1868.66451142728 549.71084100008 7.5115362405777 0.83110773563385 11.5632424354553 3.59049814939499 44.5711560845375 304.027754813433 217.378347545862 21.2753305733204 2072.54051192105 5199.33149716258 422.864798009396 807.768905252218 4002.25840656459 1179.85460317135 4248.63567304611 0 43.8121638596058 9.82436299324036 916.889789521694 59.1220406889915 414.728666514158 1458.56278590858 847.589844882488 3318.0841870606
2.45876696705818 41.0101155638695 11.4440803229809 30.7065680623055 66.2948857843876 3.10865992307663 11.424640417099 26.8993473649025 11.2940378189087 147.139586806297 3.12343448400497 0 60.4032043218613 74.3268955945969 418.175904035568 0 48.3951574265957 66.4907818138599 27.8232802152634 357.211596727371 102.087096691132 10.1611338853836 60.7889100909233 43.8121638596058 0 170.960655093193 104.359501808882 669.199439704418 657.308760821819 363.795427843928 183.040372490883 0
9.29956549406052 3.37933528423309 1.54184198379517 2.96510607004166 0.367215692996979 0.369092345237732 15.6154043972492 0 3.16455161571503 213.416959345341 2.80163261294365 1.022873878479 8.40368893742561 1.78715512156486 168.762718826532 1.26647114753723 5.81687352061272 0 12.6459850668907 4.65961879491806 0.401588976383209 92.6522173881531 559.073096483946 9.82436299324036 170.960655093193 0 26.4089819788933 20.7006770372391 821.580391645432 14.4563378095627 192.456256389618 12.6336944699287
56.9803405702114 68.3356942683458 10.0505502671003 71.4330125153065 123.746430844068 38.4831653535366 191.89907027781 230.198812454939 16.5177170932293 1.03399729728699 17.051986604929 3.42792880535126 36.8983135521412 184.832395702601 2.53522011637688 6.2975897192955 864.900459259748 190.734082370997 4.96627587080002 2202.37179841101 440.92933960259 187.509231865406 716.146768704057 916.889789521694 104.359501808882 26.4089819788933 0 360.851707428694 31.2793498933315 902.972518190742 77.2559418976307 640.727097451687
24.1637522876263 13.9891169667244 3.0390782058239 27.9661903977394 21.2919018864632 1.24921691417694 155.090801417828 8.25526849925518 28.328672349453 0 12.8785055875778 9.85853028297424 37.0066057443619 74.2478954792023 1.88776436448097 4.74908238649368 24.7832215726376 75.1251221895218 5.98447370529175 760.93780502677 325.64734685421 187.946092545986 1934.11788761616 59.1220406889915 669.199439704418 20.7006770372391 360.851707428694 0 329.69107350707 293.775615811348 126.645271211863 25.6916082799435
32.2217147052288 113.946335121989 13.2958881855011 27.6952999234199 104.057879135013 16.2824778556824 95.0237782150507 90.1589332222939 25.4856160879135 1066.54892209172 5.83417153358459 5.73220404982567 91.7889109253883 118.287606328726 721.682176500559 35.8573858737946 113.924739956856 495.162381380796 2251.1780718565 31.4997634887695 895.329555094242 53.6402458250523 265.158270180225 414.728666514158 657.308760821819 821.580391645432 31.2793498933315 329.69107350707 0 1003.79090431333 376.472989529371 250.165137439966
167.418898165226 383.928672924638 44.0685403943062 75.6694454699755 606.64309720695 163.707637369633 323.732266589999 855.331292510033 47.5656519234181 0 30.1182802468538 7.61703929305077 149.424200981855 800.011128932238 6.20174157619476 10.888926371932 352.641437545419 453.469106271863 89.1145286560059 440.005265012384 3042.73103839159 770.064619809389 724.596836984158 1458.56278590858 363.795427843928 14.4563378095627 902.972518190742 293.775615811348 1003.79090431333 0 58.7145965397358 1931.40219396353
32.3470538854599 7.85898619890213 0 6.51262354850769 3.72428295016289 4.88010320067406 235.798121735454 49.5216013491154 0 73.0743989944458 3.80524981021881 3.7068350315094 35.6838167309761 4.62727001309395 99.8353805840015 37.6872398853302 8.03754863142967 17.5666395425797 6.34559899568558 31.4143349528313 38.2194228768349 610.765286922455 9138.10859084129 847.589844882488 183.040372490883 192.456256389618 77.2559418976307 126.645271211863 376.472989529371 58.7145965397358 0 784.78870767355
8.82367497682571 1.13066518306732 0 5.48155069351196 9.26036143302917 7.99674379825592 100.340721279383 24.0163427293301 0 0.73620194196701 2.87357690930367 5.25367701053619 24.4315010309219 20.4881380647421 26.5963781774044 25.6569290012121 98.2790476083755 14.4225927889347 0 48.1748061180115 21.0267870426178 112.577558040619 6347.38249751925 3318.0841870606 0 12.6336944699287 640.727097451687 25.6916082799435 250.165137439966 1931.40219396353 784.78870767355 0
