0 3282.17769113183 112.159077763557 712.003308802843 2348.52886795998 32.6588329672813 59.3785280883312 642.933741018176 0.531261503696442 0 242.582735866308 89.9847609996796 37.7502999305725 269.175409257412 0 20.7991372346878 42.7362276315689 70.8654086589813 15.9065393954515 16.2958002686501 90.276207998395 35.3496213555336 8.03783223032951 45.4652399420738 0 1.51764571666718 21.7416907548904 47.7003123760223 22.8365137279034 58.0982321202755 1.65860331058502 0.313754022121429
3282.17769113183 0 394.107708007097 2845.73165056109 9675.82952108979 63.2485362887383 2334.86093774438 9288.8032142818 2.32276833057404 4.6743129491806 44.4403771460056 13.2294591665268 169.401480287313 795.915683448315 59.8766092658043 23.5386611819267 101.584887206554 895.739699035883 124.607312679291 34.8033950328827 621.096466600895 98.7469691932201 63.7056083679199 438.877659142017 0 0 82.6978727579117 1.19286811351776 143.406902074814 344.638678222895 0 0
112.159077763557 394.107708007097 0 10.3602077960968 870.703881859779 8.19327059388161 15.3506979048252 173.718739777803 7.35632157325745 134.964172542095 2.71961057186127 0 1198.53045538068 52.8386426270008 0.651331126689911 5.69204208254814 18.3124962747097 124.884610235691 28.9958133101463 3.77864953875542 106.326241776347 23.7930107116699 2.42028561234474 31.5185197889805 0 0 21.2960706949234 0 36.4178124070167 80.3510821759701 0.664894104003906 0
712.003308802843 2845.73165056109 10.3602077960968 0 1321.58477118611 124.773469060659 1267.70201054215 368.2254139781 48.5566657781601 1.10543215274811 1247.3857870698 1452.8587423563 180.756432443857 320.265260577202 9.84093856811523 46.9732883870602 5.92142575979233 14.5474484860897 5.21428909897804 5.60298371315002 30.8953632414341 5.77356761693954 3.21885403990746 8.67190712690353 0 0 6.43062615394592 7.04826474189758 9.47504687309265 17.5276367664337 3.89934378862381 0.73528927564621
2348.52886795998 9675.82952108979 870.703881859779 1321.58477118611 0 979.368542402983 661.389419823885 3013.65378955007 0 12.4830168485641 10.8406250476837 1.04078269004822 557.42115816474 804.727317631245 17.6062636971474 36.5748978853226 71.4019615501165 368.891804158688 83.0543696284294 30.7197962701321 411.728315263987 129.119994610548 20.841750562191 166.297627270222 0 0 80.7664175629616 1.2467582821846 97.407099366188 334.581718429923 0 0
32.6588329672813 63.2485362887383 8.19327059388161 124.773469060659 979.368542402983 0 186.563798516989 1127.10412251949 36.7416796088219 254.951906383038 68.7963632941246 324.117408931255 696.296685546637 248.489196777344 271.753784060478 943.517445623875 33.6578341424465 116.625466704369 33.4072534143925 5.58000749349594 201.472909644246 189.857452571392 59.9358865320683 76.0320561677217 0.569271385669708 0 40.9822959452868 0 31.6294157207012 129.282734930515 7.15611749887466 5.49724014103413
59.3785280883312 2334.86093774438 15.3506979048252 1267.70201054215 661.389419823885 186.563798516989 0 5158.7160320878 235.066339790821 1149.54777896404 193.061445116997 2319.38150751591 5042.48735326528 538.464177042246 6797.93491598964 5358.5032632947 4.37546268105507 327.060673445463 8.87976226210594 8.98073419928551 417.261978626251 46.9657796919346 2889.1579311043 2030.42208838463 12.8574835658073 15.8656602203846 24.8214069008827 22.2374209463596 103.280246883631 86.2141097187996 177.654248058796 128.74295887351
642.933741018176 9288.8032142818 173.718739777803 368.2254139781 3013.65378955007 1127.10412251949 5158.7160320878 0 13.6041174530983 27.3069472908974 187.529697448015 20.7103645801544 326.119160354137 278.744841620326 1004.90961411595 3151.23940554261 73.6824099719524 626.872246444225 47.6902009546757 21.719207495451 414.659069538117 149.910680249333 255.415548056364 250.320009559393 1.22048699855804 0 71.1161855310202 0.965154498815536 63.7259618043899 232.310542136431 12.4993522763252 10.0346209704876
0.531261503696442 2.32276833057404 7.35632157325745 48.5566657781601 0 36.7416796088219 235.066339790821 13.6041174530983 0 42.3868183493614 0 49.4893229603767 2111.0182261467 1.29008167982101 30.7820186018944 6.08912146091461 0.609824001789093 0 0 0 0 0 2.34793627262115 6.98963594436646 499.527050733566 519.736260473728 0 0 379.394818603993 0 185.106575220823 0
0 4.6743129491806 134.964172542095 1.10543215274811 12.4830168485641 254.951906383038 1149.54777896404 27.3069472908974 42.3868183493614 0 2.30732476711273 26.9320396184921 1975.64970085025 22.2994945943356 221.629985928535 19.5563625693321 1.05239674448967 2.30783131718636 0 0 1.93262836337089 0.379946500062943 18.0326564013958 0.490564733743668 165.145251512527 545.797531157732 1.59514725208282 2.93751055002212 302.93682873249 1.38217568397522 143.860446989536 5.85242402553558
242.582735866308 44.4403771460056 2.71961057186127 1247.3857870698 10.8406250476837 68.7963632941246 193.061445116997 187.529697448015 0 2.30732476711273 0 336.422272503376 10.2076055109501 1194.67140069604 3.24944913387299 247.398180037737 21.5006490945816 5.9076229929924 4.5077640414238 9.160773396492 21.1404007971287 13.5398014187813 16.0784164071083 13.2570165395737 0 0 18.9031812846661 44.6230480670929 3.02640497684479 26.725154787302 3.34815272688866 0.948840782046318
89.9847609996796 13.2294591665268 0 1452.8587423563 1.04078269004822 324.117408931255 2319.38150751591 20.7103645801544 49.4893229603767 26.9320396184921 336.422272503376 0 2733.38901895285 459.371358335018 20.5472338199616 38.6784084439278 7.68896424770355 0 0 5.72743356227875 0 0.965123236179352 19.0436959266663 5.01724863052368 2.05152678489685 2.31333193182945 7.32771897315979 18.7128142118454 2.22501894831657 2.70237183570862 15.7719921767712 8.14524346590042
37.7502999305725 169.401480287313 1198.53045538068 180.756432443857 557.42115816474 696.296685546637 5042.48735326528 326.119160354137 2111.0182261467 1975.64970085025 10.2076055109501 2733.38901895285 0 805.068384587765 1317.52012595534 386.386375188828 19.8007838428021 163.585107058287 42.6929539442062 9.62122017145157 172.015752613544 46.8948887586594 287.638869434595 57.9602917432785 2.21805095672607 59.7047238647938 47.3939667344093 27.4336826503277 211.160531997681 156.041965246201 370.090243905783 165.060785681009
269.175409257412 795.915683448315 52.8386426270008 320.265260577202 804.727317631245 248.489196777344 538.464177042246 278.744841620326 1.29008167982101 22.2994945943356 1194.67140069604 459.371358335018 805.068384587765 0 13.5680140852928 613.334658741951 38.5119558274746 154.827308684588 47.1785901933909 16.0065897107124 237.044786915183 112.448432996869 54.8733702450991 95.1840334832668 0 0.598674416542053 57.632460296154 8.42798167467117 56.4213918149471 216.000816896558 1.86587950587273 3.98766238987446
0 59.8766092658043 0.651331126689911 9.84093856811523 17.6062636971474 271.753784060478 6797.93491598964 1004.90961411595 30.7820186018944 221.629985928535 3.24944913387299 20.5472338199616 1317.52012595534 13.5680140852928 0 727.376974135637 1.25701147317886 8.50189074873924 1.04280135035515 1.53553754091263 10.7775510549545 2.80769917368889 390.242106556892 80.2996312975883 115.013718366623 357.866222411394 0.33616304397583 36.8489010632038 317.981679081917 0 505.681590512395 168.084613367915
20.7991372346878 23.5386611819267 5.69204208254814 46.9732883870602 36.5748978853226 943.517445623875 5358.5032632947 3151.23940554261 6.08912146091461 19.5563625693321 247.398180037737 38.6784084439278 386.386375188828 613.334658741951 727.376974135637 0 0.477017849683762 3.26052987575531 0.350669234991074 0 2.82377788424492 1.55079889297485 139.53452116251 7.20761673152447 0 15.0914626121521 2.12716406583786 12.0182174742222 72.9072837531567 8.59536269307137 188.934642523527 83.0366280376911
42.7362276315689 101.584887206554 18.3124962747097 5.92142575979233 71.4019615501165 33.6578341424465 4.37546268105507 73.6824099719524 0.609824001789093 1.05239674448967 21.5006490945816 7.68896424770355 19.8007838428021 38.5119558274746 1.25701147317886 0.477017849683762 0 2857.71412453055 908.491017967463 530.873236089945 1635.30782872438 112.786147743464 26.7460729181767 358.386364996433 0 0.550410136580467 480.312590450048 18.0428095757961 27.8762314915657 153.116286575794 2.95828035473824 2.32758957147598
70.8654086589813 895.739699035883 124.884610235691 14.5474484860897 368.891804158688 116.625466704369 327.060673445463 626.872246444225 0 2.30783131718636 5.9076229929924 0 163.585107058287 154.827308684588 8.50189074873924 3.26052987575531 2857.71412453055 0 1042.01773884893 1088.0216216743 13158.0449787974 110.142963707447 833.510302692652 4978.58695849776 1.25000333786011 2.49656575918198 73.2266176939011 7.77670738101006 350.635559618473 322.986101746559 2.28245389461517 8.45106190443039
15.9065393954515 124.607312679291 28.9958133101463 5.21428909897804 83.0543696284294 33.4072534143925 8.87976226210594 47.6902009546757 0 0 4.5077640414238 0 42.6929539442062 47.1785901933909 1.04280135035515 0.350669234991074 908.491017967463 1042.01773884893 0 220.057642966509 2196.63080120087 48.1528162360191 9.52330166101456 299.306370988488 0 10.3626971840858 8.4086067378521 2.35262632369995 6337.84541073442 96.8366261124611 0.626441955566406 0
16.2958002686501 34.8033950328827 3.77864953875542 5.60298371315002 30.7197962701321 5.58000749349594 8.98073419928551 21.719207495451 0 0 9.160773396492 5.72743356227875 9.62122017145157 16.0065897107124 1.53553754091263 0 530.873236089945 1088.0216216743 220.057642966509 0 3203.5433985889 358.737921118736 135.793772041798 140.841056108475 15.8510054349899 0 778.380493938923 389.699606001377 60.5242154896259 152.60973405838 1.19341731071472 10.6146123409271
90.276207998395 621.096466600895 106.326241776347 30.8953632414341 411.728315263987 201.472909644246 417.261978626251 414.659069538117 0 1.93262836337089 21.1404007971287 0 172.015752613544 237.044786915183 10.7775510549545 2.82377788424492 1635.30782872438 13158.0449787974 2196.63080120087 3203.5433985889 0 1645.94096207619 894.584555149078 3277.33692835271 0 2.66183638572693 288.122046470642 27.4940129816532 768.318462759256 1564.40772101283 4.06142801046371 4.19847583770752
35.3496213555336 98.7469691932201 23.7930107116699 5.77356761693954 129.119994610548 189.857452571392 46.9657796919346 149.910680249333 0 0.379946500062943 13.5398014187813 0.965123236179352 46.8948887586594 112.448432996869 2.80769917368889 1.55079889297485 112.786147743464 110.142963707447 48.1528162360191 358.737921118736 1645.94096207619 0 343.499890863895 1416.70788988471 1.03673231601715 58.8746112585068 71.742679387331 10.0452566146851 20.3011471629143 317.35829141736 129.73321646452 684.917384624481
8.03783223032951 63.7056083679199 2.42028561234474 3.21885403990746 20.841750562191 59.9358865320683 2889.1579311043 255.415548056364 2.34793627262115 18.0326564013958 16.0784164071083 19.0436959266663 287.638869434595 54.8733702450991 390.242106556892 139.53452116251 26.7460729181767 833.510302692652 9.52330166101456 135.793772041798 894.584555149078 343.499890863895 0 3511.51718768477 698.000564396381 3399.2485178411 517.204525947571 2098.01862734556 436.558663100004 230.43415568769 11932.4550656676 7245.7169521153
45.4652399420738 438.877659142017 31.5185197889805 8.67190712690353 166.297627270222 76.0320561677217 2030.42208838463 250.320009559393 6.98963594436646 0.490564733743668 13.2570165395737 5.01724863052368 57.9602917432785 95.1840334832668 80.2996312975883 7.20761673152447 358.386364996433 4978.58695849776 299.306370988488 140.841056108475 3277.33692835271 1416.70788988471 3511.51718768477 0 1.17864179611206 1.61805045604706 72.5811657309532 6.3581280708313 203.303541958332 486.032782465219 272.517937779427 1961.15027475357
0 0 0 0 0 0.569271385669708 12.8574835658073 1.22048699855804 499.527050733566 165.145251512527 0 2.05152678489685 2.21805095672607 0 115.013718366623 0 0 1.25000333786011 0 15.8510054349899 0 1.03673231601715 698.000564396381 1.17864179611206 0 67.2876223921776 17.7454777956009 1433.40320271254 936.173580288887 0 105.278811573982 1.94126582145691
1.51764571666718 0 0 0 0 0 15.8656602203846 0 519.736260473728 545.797531157732 0 2.31333193182945 59.7047238647938 0.598674416542053 357.866222411394 15.0914626121521 0.550410136580467 2.49656575918198 10.3626971840858 0 2.66183638572693 58.8746112585068 3399.2485178411 1.61805045604706 67.2876223921776 0 0 77.3985404372215 1823.20005857945 1.52822721004486 637.657099336386 9.52703619003296
21.7416907548904 82.6978727579117 21.2960706949234 6.43062615394592 80.7664175629616 40.9822959452868 24.8214069008827 71.1161855310202 0 1.59514725208282 18.9031812846661 7.32771897315979 47.3939667344093 57.632460296154 0.33616304397583 2.12716406583786 480.312590450048 73.2266176939011 8.4086067378521 778.380493938923 288.122046470642 71.742679387331 517.204525947571 72.5811657309532 17.7454777956009 0 0 195.434244632721 6.99599048495293 733.874100580812 0 33.016444683075
47.7003123760223 1.19286811351776 0 7.04826474189758 1.2467582821846 0 22.2374209463596 0.965154498815536 0 2.93751055002212 44.6230480670929 18.7128142118454 27.4336826503277 8.42798167467117 36.8489010632038 12.0182174742222 18.0428095757961 7.77670738101006 2.35262632369995 389.699606001377 27.4940129816532 10.0452566146851 2098.01862734556 6.3581280708313 1433.40320271254 77.3985404372215 195.434244632721 0 1220.82743865251 356.67872440815 552.923262178898 63.6496146023273
22.8365137279034 143.406902074814 36.4178124070167 9.47504687309265 97.407099366188 31.6294157207012 103.280246883631 63.7259618043899 379.394818603993 302.93682873249 3.02640497684479 2.22501894831657 211.160531997681 56.4213918149471 317.981679081917 72.9072837531567 27.8762314915657 350.635559618473 6337.84541073442 60.5242154896259 768.318462759256 20.3011471629143 436.558663100004 203.303541958332 936.173580288887 1823.20005857945 6.99599048495293 1220.82743865251 0 1061.69965553284 366.524200111628 264.695752710104
58.0982321202755 344.638678222895 80.3510821759701 17.5276367664337 334.581718429923 129.282734930515 86.2141097187996 232.310542136431 0 1.38217568397522 26.725154787302 2.70237183570862 156.041965246201 216.000816896558 0 8.59536269307137 153.116286575794 322.986101746559 96.8366261124611 152.60973405838 1564.40772101283 317.35829141736 230.43415568769 486.032782465219 0 1.52822721004486 733.874100580812 356.67872440815 1061.69965553284 0 0.780858933925629 154.115941166878
1.65860331058502 0 0.664894104003906 3.89934378862381 0 7.15611749887466 177.654248058796 12.4993522763252 185.106575220823 143.860446989536 3.34815272688866 15.7719921767712 370.090243905783 1.86587950587273 505.681590512395 188.934642523527 2.95828035473824 2.28245389461517 0.626441955566406 1.19341731071472 4.06142801046371 129.73321646452 11932.4550656676 272.517937779427 105.278811573982 637.657099336386 0 552.923262178898 366.524200111628 0.780858933925629 0 1605.89497202635
0.313754022121429 0 0 0.73528927564621 0 5.49724014103413 128.74295887351 10.0346209704876 0 5.85242402553558 0.948840782046318 8.14524346590042 165.060785681009 3.98766238987446 168.084613367915 83.0366280376911 2.32758957147598 8.45106190443039 0 10.6146123409271 4.19847583770752 684.917384624481 7245.7169521153 1961.15027475357 1.94126582145691 9.52703619003296 33.016444683075 63.6496146023273 264.695752710104 154.115941166878 1605.89497202635 0
