0 2473.15863579512 458.406715065241 952.055791825056 714.094446316361 33.750139862299 36.2870221734047 320.470665961504 3.14477801322937 0.729995906352997 2868.21947544813 72.4744302034378 39.5182482004166 1351.70241481066 8.61706602573395 26.4586958289146 30.1018689274788 92.3809294402599 4.70321050286293 10.5158484876156 41.9741266667843 11.6778717637062 9.31347900629044 26.8480653166771 0.462681114673615 0.403647899627685 7.33489787578583 3.59504070878029 3.17387467622757 22.0334972441196 1.33204898238182 0
2473.15863579512 0 285.263661623001 2788.11680743098 5635.73341660201 45.0939080119133 1375.07163256407 7006.50450032949 31.3562495112419 4.94140654802322 11.7815390229225 23.0635775178671 48.1450077295303 400.418827146292 11.2782882004976 188.025275021791 47.4857884794474 1335.5772331357 49.8038466870785 72.5301033258438 480.722235813737 28.9996512532234 8.30896760523319 254.428603470325 17.1970604360104 0 31.9912701845169 37.7211236059666 50.7706169784069 147.870241701603 1.40725040435791 3.73772946000099
458.406715065241 285.263661623001 0 1681.19134452939 183.186442643404 1.99732118844986 207.342522025108 46.200711235404 25.3465182185173 7.31687200069427 6.49130487442017 77.7675252556801 166.202549159527 28.1987642943859 3.69287610054016 32.7812733799219 40.469533264637 108.258613243699 16.8484695851803 399.488891899586 30.5224742442369 1.94669330120087 9.21874728798866 16.5114530622959 29.5998503565788 0 38.5714831501245 263.737233623862 14.1195888668299 122.318635120988 0 0
952.055791825056 2788.11680743098 1681.19134452939 0 1619.05222819745 99.0350793004036 3470.11893567443 298.463896527886 24.475904583931 0.898274004459381 7722.33241161704 1096.78868287802 241.041146397591 2319.54035033286 31.3473308384418 288.196079000831 29.0621091127396 38.409440279007 8.06453755497932 239.378721058369 14.8813674896956 7.65109992027283 17.6127741336823 3.84298929572105 33.0475485920906 0.968000829219818 21.4041167497635 169.525966227055 5.95326548814774 84.3034498393536 2.19249695539474 1.40769335627556
714.094446316361 5635.73341660201 183.186442643404 1619.05222819745 0 90.2071564793587 404.703448027372 2214.2645676434 12.8778736889362 2.20376670360565 10.3861459940672 17.6324527263641 46.9116195440292 350.870174974203 1.49637192487717 10.6420419365168 14.462785422802 581.472743541002 38.5069505572319 26.3854453265667 365.209349542856 37.2990379631519 0.397673845291138 112.480053901672 1.35129818320274 0 22.3899114429951 4.94258639216423 39.2978629916906 116.650632470846 0 1.37869280576706
33.750139862299 45.0939080119133 1.99732118844986 99.0350793004036 90.2071564793587 0 81.7405840456486 367.548409312963 2.57711446285248 5.48723471164703 80.5737251639366 23.6006919443607 45.1656406223774 150.421870201826 16.306944578886 175.763026118279 4.16415433585644 251.911797404289 2.29804155230522 4.38174685835838 60.0317539125681 23.3047122657299 12.2743816077709 45.608377635479 0.948608934879303 0 9.07239831984043 1.03341862559318 11.0942012667656 26.3642732948065 1.01390093564987 1.99084356427193
36.2870221734047 1375.07163256407 207.342522025108 3470.11893567443 404.703448027372 81.7405840456486 0 4645.40198600292 224.154436349869 160.649431198835 291.502668380737 2565.38697442412 985.366464078426 336.866077274084 1185.5402957499 1084.54973055422 38.4736630916596 464.972664937377 12.5154445469379 219.476238489151 540.050756707788 39.4442553520203 2259.44437691569 2624.70310974121 2.79432114958763 0.951525986194611 61.3564888685942 257.763478934765 20.1689686626196 64.1888799071312 21.6028247475624 60.0740388035774
320.470665961504 7006.50450032949 46.200711235404 298.463896527886 2214.2645676434 367.548409312963 4645.40198600292 0 18.2186414897442 7.69422221183777 141.955627709627 70.3581862300634 53.5667094141245 282.36310480535 180.486477702856 683.097851425409 69.4599207341671 1143.00738413632 64.3232863247395 40.6472520530224 358.591366529465 97.4013482928276 86.4274054169655 425.727087303996 14.9862090051174 0.488351821899414 50.6713689267635 9.50638987123966 57.4957127869129 237.152467563748 11.639792650938 8.01300072669983
3.14477801322937 31.3562495112419 25.3465182185173 24.475904583931 12.8778736889362 2.57711446285248 224.154436349869 18.2186414897442 0 100.904792696238 1.34356480836868 230.94169485569 2331.99795603752 40.4357588887215 195.26006424427 124.133637279272 25.4445188641548 20.1501744091511 3.34465888142586 134.252623319626 4.79797750711441 0 0 3.11343389749527 114.216389298439 4.44493198394775 32.0117552280426 114.871027112007 17.1510194540024 97.813130736351 13.2404311895371 0
0.729995906352997 4.94140654802322 7.31687200069427 0.898274004459381 2.20376670360565 5.48723471164703 160.649431198835 7.69422221183777 100.904792696238 0 0 4.80137014389038 330.644633948803 18.3812710642815 827.528499692678 3.84132131934166 0 1.79559981822968 12.8733140230179 0 2.19489479064941 0 14.7688691318035 0 132.200565099716 162.251864075661 0 0 356.150108873844 2.67100167274475 153.130534976721 1.07319375872612
2868.21947544813 11.7815390229225 6.49130487442017 7722.33241161704 10.3861459940672 80.5737251639366 291.502668380737 141.955627709627 1.34356480836868 0 0 105.601925253868 42.4503878951073 2021.70407727361 8.00880563259125 82.2017546892166 0 5.47835209965706 0 5.09279775619507 0.951515138149261 0 7.01257100701332 0.749469101428986 0 0 0.686763525009155 4.49523338675499 0.595483124256134 1.39043810963631 0.667219489812851 2.84646654129028
72.4744302034378 23.0635775178671 77.7675252556801 1096.78868287802 17.6324527263641 23.6006919443607 2565.38697442412 70.3581862300634 230.94169485569 4.80137014389038 105.601925253868 0 296.543714731932 337.344440981746 189.826295554638 286.575992554426 18.1436546444893 35.5581064522266 0.414207994937897 97.2088923454285 2.54912868142128 3.70334184169769 16.961334079504 2.94566413760185 16.2107703387737 1.27345648407936 15.9074764251709 148.772505611181 2.32529324293137 37.6858579516411 4.74985307455063 0
39.5182482004166 48.1450077295303 166.202549159527 241.041146397591 46.9116195440292 45.1656406223774 985.366464078426 53.5667094141245 2331.99795603752 330.644633948803 42.4503878951073 296.543714731932 0 510.912043198943 610.793927654624 186.758161708713 58.8439871072769 182.546871945262 40.8999624252319 438.684619277716 65.9289297014475 10.5864042192698 19.9433677792549 21.0812911987305 216.622423708439 13.0488446056843 76.0960492193699 222.479715287685 51.6876862645149 327.574226289988 22.1401649415493 1.92581427097321
1351.70241481066 400.418827146292 28.1987642943859 2319.54035033286 350.870174974203 150.421870201826 336.866077274084 282.36310480535 40.4357588887215 18.3812710642815 2021.70407727361 337.344440981746 510.912043198943 0 89.3451229035854 412.494071945548 17.4469903260469 349.926372587681 10.7513401806355 81.5066921114922 154.32757088542 32.583730340004 19.0293314009905 54.1493156552315 35.0479321479797 0.720261216163635 25.8807812184095 65.2825057506561 19.2373761385679 117.889965206385 3.01933801174164 7.18317240476608
8.61706602573395 11.2782882004976 3.69287610054016 31.3473308384418 1.49637192487717 16.306944578886 1185.5402957499 180.486477702856 195.26006424427 827.528499692678 8.00880563259125 189.826295554638 610.793927654624 89.3451229035854 0 668.111802220345 0 5.45749896764755 4.55717000365257 0.367543697357178 0.385243803262711 1.78821143507958 284.999587148428 6.27587023377419 746.588532209396 369.843258470297 0.271076679229736 2.91047871112823 532.781179964542 4.31127974390984 587.880988240242 87.5568535625935
26.4586958289146 188.025275021791 32.7812733799219 288.196079000831 10.6420419365168 175.763026118279 1084.54973055422 683.097851425409 124.133637279272 3.84132131934166 82.2017546892166 286.575992554426 186.758161708713 412.494071945548 668.111802220345 0 2.06594371795654 17.1115127205849 0.218519195914268 1.21683697402477 8.3430937230587 6.1141214966774 390.340632349253 21.8709204494953 1.27063703536987 3.0166058242321 1.9704070687294 0.63840252161026 24.7811307758093 16.0162851065397 40.7272364497185 172.010592997074
30.1018689274788 47.4857884794474 40.469533264637 29.0621091127396 14.462785422802 4.16415433585644 38.4736630916596 69.4599207341671 25.4445188641548 0 0 18.1436546444893 58.8439871072769 17.4469903260469 0 2.06594371795654 0 4580.17351043224 125.78699426353 1770.18301811814 2384.33406977355 63.6626300215721 63.7219575047493 735.663676410913 107.834947824478 0.362722158432007 313.738446891308 49.149164557457 30.3193578720093 531.354638144374 1.42374740540981 15.505393832922
92.3809294402599 1335.5772331357 108.258613243699 38.409440279007 581.472743541002 251.911797404289 464.972664937377 1143.00738413632 20.1501744091511 1.79559981822968 5.47835209965706 35.5581064522266 182.546871945262 349.926372587681 5.45749896764755 17.1115127205849 4580.17351043224 0 510.047995865345 1223.31111162901 9251.97389553487 83.2822556495667 347.826276421547 6390.98367238045 125.151539772749 1.48875784873962 89.5912606716156 109.459803789854 237.984033644199 685.916479676962 14.2017304897308 9.29465267062187
4.70321050286293 49.8038466870785 16.8484695851803 8.06453755497932 38.5069505572319 2.29804155230522 12.5154445469379 64.3232863247395 3.34465888142586 12.8733140230179 0 0.414207994937897 40.8999624252319 10.7513401806355 4.55717000365257 0.218519195914268 125.78699426353 510.047995865345 0 778.212869763374 258.5904610008 22.4129455387592 2.4975171983242 117.042033314705 28.1750648915768 4.40031290054321 8.21887183189392 10.4738328754902 3142.1617179811 258.508872032166 8.5144385099411 0.270021945238113
10.5158484876156 72.5301033258438 399.488891899586 239.378721058369 26.3854453265667 4.38174685835838 219.476238489151 40.6472520530224 134.252623319626 0 5.09279775619507 97.2088923454285 438.684619277716 81.5066921114922 0.367543697357178 1.21683697402477 1770.18301811814 1223.31111162901 778.212869763374 0 3075.11357440054 96.8967889249325 357.016935318708 350.058951810002 625.563695937395 0 372.955358937383 1445.88556355238 61.0355718433857 218.848134800792 0 14.7008593678474
41.9741266667843 480.722235813737 30.5224742442369 14.8813674896956 365.209349542856 60.0317539125681 540.050756707788 358.591366529465 4.79797750711441 2.19489479064941 0.951515138149261 2.54912868142128 65.9289297014475 154.32757088542 0.385243803262711 8.3430937230587 2384.33406977355 9251.97389553487 258.5904610008 3075.11357440054 0 279.000460579991 396.061294436455 3538.26919002831 13.2352749109268 0.349768608808518 81.2278505265713 237.895399644971 71.8577630221844 298.450664550066 13.7604644149542 12.2648546844721
11.6778717637062 28.9996512532234 1.94669330120087 7.65109992027283 37.2990379631519 23.3047122657299 39.4442553520203 97.4013482928276 0 0 0 3.70334184169769 10.5864042192698 32.583730340004 1.78821143507958 6.1141214966774 63.6626300215721 83.2822556495667 22.4129455387592 96.8967889249325 279.000460579991 0 332.491388350725 1459.46376861632 1.12817698717117 6.64202898740768 58.8008200526237 10.0508671700954 41.6768198013306 271.219854459167 18.0600901246071 216.678363591433
9.31347900629044 8.30896760523319 9.21874728798866 17.6127741336823 0.397673845291138 12.2743816077709 2259.44437691569 86.4274054169655 0 14.7688691318035 7.01257100701332 16.961334079504 19.9433677792549 19.0293314009905 284.999587148428 390.340632349253 63.7219575047493 347.826276421547 2.4975171983242 357.016935318708 396.061294436455 332.491388350725 0 2370.60851728916 124.396613538265 665.960432618856 509.986472517252 1335.03319844603 514.675800919533 160.52882373333 9065.3702301383 6240.80604751408
26.8480653166771 254.428603470325 16.5114530622959 3.84298929572105 112.480053901672 45.608377635479 2624.70310974121 425.727087303996 3.11343389749527 0 0.749469101428986 2.94566413760185 21.0812911987305 54.1493156552315 6.27587023377419 21.8709204494953 735.663676410913 6390.98367238045 117.042033314705 350.058951810002 3538.26919002831 1459.46376861632 2370.60851728916 0 7.64756816625595 3.36349898576736 129.546243876219 13.7448931932449 114.455514460802 486.411037668586 57.3141066730022 1461.50986215472
0.462681114673615 17.1970604360104 29.5998503565788 33.0475485920906 1.35129818320274 0.948608934879303 2.79432114958763 14.9862090051174 114.216389298439 132.200565099716 0 16.2107703387737 216.622423708439 35.0479321479797 746.588532209396 1.27063703536987 107.834947824478 125.151539772749 28.1750648915768 625.563695937395 13.2352749109268 1.12817698717117 124.396613538265 7.64756816625595 0 48.1482962369919 304.138801455498 416.974175930023 1988.62764117122 1216.31495085359 63.6413426399231 0
0.403647899627685 0 0 0.968000829219818 0 0 0.951525986194611 0.488351821899414 4.44493198394775 162.251864075661 0 1.27345648407936 13.0488446056843 0.720261216163635 369.843258470297 3.0166058242321 0.362722158432007 1.48875784873962 4.40031290054321 0 0.349768608808518 6.64202898740768 665.960432618856 3.36349898576736 48.1482962369919 0 0 0 1212.0794608593 3.65546154975891 195.089998066425 8.51283749938011
7.33489787578583 31.9912701845169 38.5714831501245 21.4041167497635 22.3899114429951 9.07239831984043 61.3564888685942 50.6713689267635 32.0117552280426 0 0.686763525009155 15.9074764251709 76.0960492193699 25.8807812184095 0.271076679229736 1.9704070687294 313.738446891308 89.5912606716156 8.21887183189392 372.955358937383 81.2278505265713 58.8008200526237 509.986472517252 129.546243876219 304.138801455498 0 0 811.354964315891 25.8250160962343 422.101282760501 4.11004510521889 27.7866610586643
3.59504070878029 37.7211236059666 263.737233623862 169.525966227055 4.94258639216423 1.03341862559318 257.763478934765 9.50638987123966 114.871027112007 0 4.49523338675499 148.772505611181 222.479715287685 65.2825057506561 2.91047871112823 0.63840252161026 49.149164557457 109.459803789854 10.4738328754902 1445.88556355238 237.895399644971 10.0508671700954 1335.03319844603 13.7448931932449 416.974175930023 0 811.354964315891 0 5.97535115480423 60.9623669534922 9.88533076643944 5.00712588429451
3.17387467622757 50.7706169784069 14.1195888668299 5.95326548814774 39.2978629916906 11.0942012667656 20.1689686626196 57.4957127869129 17.1510194540024 356.150108873844 0.595483124256134 2.32529324293137 51.6876862645149 19.2373761385679 532.781179964542 24.7811307758093 30.3193578720093 237.984033644199 3142.1617179811 61.0355718433857 71.8577630221844 41.6768198013306 514.675800919533 114.455514460802 1988.62764117122 1212.0794608593 25.8250160962343 5.97535115480423 0 3372.72803646326 842.950070381165 102.215992376208
22.0334972441196 147.870241701603 122.318635120988 84.3034498393536 116.650632470846 26.3642732948065 64.1888799071312 237.152467563748 97.813130736351 2.67100167274475 1.39043810963631 37.6858579516411 327.574226289988 117.889965206385 4.31127974390984 16.0162851065397 531.354638144374 685.916479676962 258.508872032166 218.848134800792 298.450664550066 271.219854459167 160.52882373333 486.411037668586 1216.31495085359 3.65546154975891 422.101282760501 60.9623669534922 3372.72803646326 0 51.8722691833973 64.8801369816065
1.33204898238182 1.40725040435791 0 2.19249695539474 0 1.01390093564987 21.6028247475624 11.639792650938 13.2404311895371 153.130534976721 0.667219489812851 4.74985307455063 22.1401649415493 3.01933801174164 587.880988240242 40.7272364497185 1.42374740540981 14.2017304897308 8.5144385099411 0 13.7604644149542 18.0600901246071 9065.3702301383 57.3141066730022 63.6413426399231 195.089998066425 4.11004510521889 9.88533076643944 842.950070381165 51.8722691833973 0 930.749226987362
0 3.73772946000099 0 1.40769335627556 1.37869280576706 1.99084356427193 60.0740388035774 8.01300072669983 0 1.07319375872612 2.84646654129028 0 1.92581427097321 7.18317240476608 87.5568535625935 172.010592997074 15.505393832922 9.29465267062187 0.270021945238113 14.7008593678474 12.2648546844721 216.678363591433 6240.80604751408 1461.50986215472 0 8.51283749938011 27.7866610586643 5.00712588429451 102.215992376208 64.8801369816065 930.749226987362 0
