0 3354.15061059594 143.286332160235 559.153470247984 1788.15218156576 44.29200476408 31.4157519638538 715.045187219977 1.17999261617661 0.292058944702148 1626.35948723555 53.5378900766373 6.78933921456337 761.312505051494 1.14435312151909 55.4024054408073 85.3201559484005 150.420497059822 17.9323357045651 11.8517944812775 135.799144238234 19.8409279286861 0.947973906993866 93.3372092247009 0.70166015625 0 25.7687172591686 0.894909739494324 16.7138827741146 102.890022218227 0 0
3354.15061059594 0 383.210117533803 2220.03000712395 4819.67429542542 169.309979617596 893.179658919573 9451.18951532245 1.88812351226807 3.45388695597649 25.3433847427368 3.10277897119522 60.5848959088326 1418.05864147842 0 76.0531351566315 559.092845395207 1141.35910543799 79.2445549964905 76.7741791009903 521.970332562923 64.8686113059521 13.2494423389435 303.059144586325 5.56984692811966 3.3150609433651 98.1816437542439 30.0263227522373 110.98351174593 391.907952994108 0.694773495197296 0
143.286332160235 383.210117533803 0 821.975209563971 322.41801379621 0.8592649102211 153.728792309761 50.6674344688654 61.885825574398 54.3814989030361 15.3958758115768 413.792330890894 455.819932162762 135.521190673113 13.9777756631374 1.842494815588 21.5242588222027 61.6877429336309 53.3517124652862 48.3197637200356 50.2168821245432 7.12471716105938 99.130137771368 8.4015347212553 22.452543258667 10.6540738046169 14.2509709745646 380.422637522221 34.505731344223 74.9136467427015 3.73066860437393 0
559.153470247984 2220.03000712395 821.975209563971 0 574.434033364058 37.4511004388332 1828.7574698031 256.977704942226 2.25445735454559 0 3300.94830608368 1164.44303375483 180.189878076315 727.253169536591 1.9317981004715 95.9183140695095 40.5888572484255 126.649906247854 8.68626743555069 109.096940606833 57.1014587283135 18.606121301651 20.3458141088486 39.4020245075226 4.16604650020599 0 75.3890998661518 48.5130970478058 5.1237773001194 53.9049299657345 1.63076648116112 0
1788.15218156576 4819.67429542542 322.41801379621 574.434033364058 0 389.79976657033 65.4057929366827 880.852942585945 7.15567064285278 12.8862167000771 33.9765841960907 17.8243064880371 187.222761467099 888.147406309843 2.50494699180126 1.35739409923553 220.743837282062 753.520798757672 56.5031694769859 50.5473807901144 648.97799372673 80.7992099821568 5.80555960536003 103.560505077243 3.16573202610016 0 113.487845614552 5.2582368850708 137.990593358874 696.562552422285 1.81693306565285 0.38460037112236
44.29200476408 169.309979617596 0.8592649102211 37.4511004388332 389.79976657033 0 286.734252005816 730.511288881302 0 1.17264056205749 79.7791990339756 51.674386292696 22.8855193853378 404.000456959009 12.5354248285294 779.803589791059 7.46955549716949 38.0000677704811 3.03042274713516 1.56737893819809 41.6026629507542 14.2265662550926 15.2546678483486 11.2045228779316 0 0 10.7990617454052 0.62101337313652 12.8561056554317 60.3451334238052 5.50773438811302 6.94929736852646
31.4157519638538 893.179658919573 153.728792309761 1828.7574698031 65.4057929366827 286.734252005816 0 5192.49335046113 205.090597450733 526.750164538622 530.017488390207 1071.36449685693 1338.17699500918 970.91880248487 2121.70328490436 2101.96303424239 6.64847883582115 26.9202387928963 76.856468886137 72.014051169157 17.0248268842697 33.1193648576737 2523.50353768468 1263.72706350684 21.1483514308929 21.6003090143204 59.6275593042374 414.770674079657 182.422814115882 80.7926660776138 335.731498748064 150.258446708322
715.045187219977 9451.18951532245 50.6674344688654 256.977704942226 880.852942585945 730.511288881302 5192.49335046113 0 1.29785290360451 2.82168708741665 133.093619555235 9.4098379611969 69.8296531736851 365.672689542174 79.2340529859066 1621.77609342337 217.008878573775 554.775776177645 45.8109443187714 28.4216443896294 381.116788685322 69.8273665904999 215.87448450923 140.025372549892 0.819720268249512 0.913566201925278 79.2163240015507 13.6697511970997 82.8263638466597 463.05611717701 51.723680973053 26.4002252221107
1.17999261617661 1.88812351226807 61.885825574398 2.25445735454559 7.15567064285278 0 205.090597450733 1.29785290360451 0 8.99979478120804 0 168.093036413193 828.212814450264 49.7499156594276 8.0521148443222 0 1.55672931671143 4.954260379076 32.5703267455101 13.9694011807442 4.41679972410202 0.641381323337555 18.4507989287376 1.63759613037109 37.2410043478012 0 0.385318279266357 128.953872978687 12.3510011434555 9.10702961683273 1.43752145767212 0
0.292058944702148 3.45388695597649 54.3814989030361 0 12.8862167000771 1.17264056205749 526.750164538622 2.82168708741665 8.99979478120804 0 0 5.2632777094841 594.74837911129 24.5665740966797 297.559493616223 5.87381660938263 3.47251880168915 7.05029474198818 25.8193969130516 1.14764162898064 10.4849998354912 1.54808136820793 8.91312354803085 2.83187709748745 171.256367325783 309.922332942486 2.44846040010452 0 463.108861923218 6.78664650022984 131.911412000656 2.08152624964714
1626.35948723555 25.3433847427368 15.3958758115768 3300.94830608368 33.9765841960907 79.7791990339756 530.017488390207 133.093619555235 0 0 0 163.154741704464 15.8266523182392 2315.31565868855 3.33898803591728 270.804884433746 5.54085928201675 16.2247897386551 1.23494851589203 16.0686301589012 5.16881176829338 3.5989299416542 18.8023759424686 2.90045857429504 1.83467978239059 0 15.3654851615429 21.0530420541763 1.99006354808807 11.4683319479227 6.56057274341583 3.33831775188446
53.5378900766373 3.10277897119522 413.792330890894 1164.44303375483 17.8243064880371 51.674386292696 1071.36449685693 9.4098379611969 168.093036413193 5.2632777094841 163.154741704464 0 1775.9306743145 982.014679133892 48.1226691603661 53.2027102708817 7.17102372646332 11.4893609583378 56.6871023178101 35.5309109687805 4.32912060618401 0.478374242782593 121.310733556747 3.28983074426651 34.4997389912605 0 1.65157389640808 308.358120441437 13.3002743422985 12.9274062812328 8.71786564588547 5.11278918385506
6.78933921456337 60.5848959088326 455.819932162762 180.189878076315 187.222761467099 22.8855193853378 1338.17699500918 69.8296531736851 828.212814450264 594.74837911129 15.8266523182392 1775.9306743145 0 1135.69808341563 503.140702262521 166.393706053495 52.6476601958275 204.894212961197 123.606898769736 93.3545319885015 186.945778310299 21.708564132452 156.303114116192 30.1703512966633 62.0862449109554 41.6717672348023 31.7405232042074 477.611287772655 173.386638760567 193.805861398578 205.114656969905 47.2835844606161
761.312505051494 1418.05864147842 135.521190673113 727.253169536591 888.147406309843 404.000456959009 970.91880248487 365.672689542174 49.7499156594276 24.5665740966797 2315.31565868855 982.014679133892 1135.69808341563 0 57.5350099354982 689.931786209345 42.3287660628557 177.49871750176 44.8238608241081 28.8825911134481 185.454868897796 43.1180502474308 109.634253397584 65.0658821165562 8.37565356492996 1.89459025859833 45.4200082421303 120.785498917103 55.5397144109011 260.784094557166 19.2087184041739 31.0088574439287
1.14435312151909 0 13.9777756631374 1.9317981004715 2.50494699180126 12.5354248285294 2121.70328490436 79.2340529859066 8.0521148443222 297.559493616223 3.33898803591728 48.1226691603661 503.140702262521 57.5350099354982 0 424.844681665301 0.287477105855942 0.734583854675293 36.7868371605873 0 1.7901645898819 0.528490602970123 141.471349954605 5.85390794277191 804.54684689641 249.332823008299 0 11.408975020051 783.663867950439 4.89112104475498 429.442163601518 55.4201887249947
55.4024054408073 76.0531351566315 1.842494815588 95.9183140695095 1.35739409923553 779.803589791059 2101.96303424239 1621.77609342337 0 5.87381660938263 270.804884433746 53.2027102708817 166.393706053495 689.931786209345 424.844681665301 0 1.60069182515144 0 0.6729936003685 0 4.14748749136925 1.80804491043091 187.476962342858 6.14546817541122 0 7.37318450212479 6.34982670843601 14.7843378782272 76.7940303236246 16.2837625145912 178.566680088639 55.4487918168306
85.3201559484005 559.092845395207 21.5242588222027 40.5888572484255 220.743837282062 7.46955549716949 6.64847883582115 217.008878573775 1.55672931671143 3.47251880168915 5.54085928201675 7.17102372646332 52.6476601958275 42.3287660628557 0.287477105855942 1.60069182515144 0 2023.64673449099 546.808115541935 663.353611916304 2109.58103886247 25.5053583085537 31.3455620706081 1556.98966699839 48.3664060235023 0.75038754940033 1671.05065648258 135.73823812604 127.52967953682 173.968205571175 2.00749540328979 83.0833081007004
150.420497059822 1141.35910543799 61.6877429336309 126.649906247854 753.520798757672 38.0000677704811 26.9202387928963 554.775776177645 4.954260379076 7.05029474198818 16.2247897386551 11.4893609583378 204.894212961197 177.49871750176 0.734583854675293 0 2023.64673449099 0 827.82705399394 1563.48047214746 4944.03118528426 48.6679042726755 25.0649784803391 8173.70008216798 54.6690864562988 5.81612753868103 194.122357934713 83.6435504853725 529.483455121517 350.467235848308 4.29477944970131 0.649294078350067
17.9323357045651 79.2445549964905 53.3517124652862 8.68626743555069 56.5031694769859 3.03042274713516 76.856468886137 45.8109443187714 32.5703267455101 25.8193969130516 1.23494851589203 56.6871023178101 123.606898769736 44.8238608241081 36.7868371605873 0.6729936003685 546.808115541935 827.82705399394 0 2324.55367562175 1658.59563669562 106.39915907383 10.4929051399231 500.599525094032 185.543879926205 122.47937476635 58.5063848793507 1662.31443634629 4909.32856652141 147.846692755818 14.076553106308 0
11.8517944812775 76.7741791009903 48.3197637200356 109.096940606833 50.5473807901144 1.56737893819809 72.014051169157 28.4216443896294 13.9694011807442 1.14764162898064 16.0686301589012 35.5309109687805 93.3545319885015 28.8825911134481 0 0 663.353611916304 1563.48047214746 2324.55367562175 0 809.153619006276 149.687425851822 44.5140043497086 527.90574195981 458.037756204605 1.43689250946045 1498.97543740272 2197.98371997476 117.209414944053 159.562036156654 1.20637607574463 37.0214075446129
135.799144238234 521.970332562923 50.2168821245432 57.1014587283135 648.97799372673 41.6026629507542 17.0248268842697 381.116788685322 4.41679972410202 10.4849998354912 5.16881176829338 4.32912060618401 186.945778310299 185.454868897796 1.7901645898819 4.14748749136925 2109.58103886247 4944.03118528426 1658.59563669562 809.153619006276 0 1008.54990050197 22.9591830223799 1744.13591307402 23.7691161036491 6.73661103844643 219.125301286578 53.8156841993332 691.460616856813 1559.86248148978 1.9945842474699 2.01265716552734
19.8409279286861 64.8686113059521 7.12471716105938 18.606121301651 80.7992099821568 14.2265662550926 33.1193648576737 69.8273665904999 0.641381323337555 1.54808136820793 3.5989299416542 0.478374242782593 21.708564132452 43.1180502474308 0.528490602970123 1.80804491043091 25.5053583085537 48.6679042726755 106.39915907383 149.687425851822 1008.54990050197 0 324.179202646017 1888.86204022169 3.86422109603882 2.89166286587715 78.996574729681 5.30152550339699 3.74229300022125 323.854124799371 3.96174815297127 601.046124637127
0.947973906993866 13.2494423389435 99.130137771368 20.3458141088486 5.80555960536003 15.2546678483486 2523.50353768468 215.87448450923 18.4507989287376 8.91312354803085 18.8023759424686 121.310733556747 156.303114116192 109.634253397584 141.471349954605 187.476962342858 31.3455620706081 25.0649784803391 10.4929051399231 44.5140043497086 22.9591830223799 324.179202646017 0 2991.50036486983 521.594001889229 1762.40439462662 262.965910315514 930.36077272892 370.046536326408 97.1492833048105 13980.9753288031 11332.3427917063
93.3372092247009 303.059144586325 8.4015347212553 39.4020245075226 103.560505077243 11.2045228779316 1263.72706350684 140.025372549892 1.63759613037109 2.83187709748745 2.90045857429504 3.28983074426651 30.1703512966633 65.0658821165562 5.85390794277191 6.14546817541122 1556.98966699839 8173.70008216798 500.599525094032 527.90574195981 1744.13591307402 1888.86204022169 2991.50036486983 0 11.5825566053391 0 492.728916049004 37.1866333186626 125.192268013954 545.918577805161 81.6723213493824 1467.79488509893
0.70166015625 5.56984692811966 22.452543258667 4.16604650020599 3.16573202610016 0 21.1483514308929 0.819720268249512 37.2410043478012 171.256367325783 1.83467978239059 34.4997389912605 62.0862449109554 8.37565356492996 804.54684689641 0 48.3664060235023 54.6690864562988 185.543879926205 458.037756204605 23.7691161036491 3.86422109603882 521.594001889229 11.5825566053391 0 107.419623076916 1.02362954616547 387.470032155514 1149.19754460454 42.8291197121143 96.6402289271355 0
0 3.3150609433651 10.6540738046169 0 0 0 21.6003090143204 0.913566201925278 0 309.922332942486 0 0 41.6717672348023 1.89459025859833 249.332823008299 7.37318450212479 0.75038754940033 5.81612753868103 122.47937476635 1.43689250946045 6.73661103844643 2.89166286587715 1762.40439462662 0 107.419623076916 0 0.335359841585159 13.2385696172714 895.918360948563 1.80974805355072 447.782808512449 3.6722511947155
25.7687172591686 98.1816437542439 14.2509709745646 75.3890998661518 113.487845614552 10.7990617454052 59.6275593042374 79.2163240015507 0.385318279266357 2.44846040010452 15.3654851615429 1.65157389640808 31.7405232042074 45.4200082421303 0 6.34982670843601 1671.05065648258 194.122357934713 58.5063848793507 1498.97543740272 219.125301286578 78.996574729681 262.965910315514 492.728916049004 1.02362954616547 0.335359841585159 0 307.713147670031 7.95100477337837 724.72391179204 2.40589213371277 554.12586556375
0.894909739494324 30.0263227522373 380.422637522221 48.5130970478058 5.2582368850708 0.62101337313652 414.770674079657 13.6697511970997 128.953872978687 0 21.0530420541763 308.358120441437 477.611287772655 120.785498917103 11.408975020051 14.7843378782272 135.73823812604 83.6435504853725 1662.31443634629 2197.98371997476 53.8156841993332 5.30152550339699 930.36077272892 37.1866333186626 387.470032155514 13.2385696172714 307.713147670031 0 375.844521731138 212.318395912647 205.004078745842 15.0341785848141
16.7138827741146 110.98351174593 34.505731344223 5.1237773001194 137.990593358874 12.8561056554317 182.422814115882 82.8263638466597 12.3510011434555 463.108861923218 1.99006354808807 13.3002743422985 173.386638760567 55.5397144109011 783.663867950439 76.7940303236246 127.52967953682 529.483455121517 4909.32856652141 117.209414944053 691.460616856813 3.74229300022125 370.046536326408 125.192268013954 1149.19754460454 895.918360948563 7.95100477337837 375.844521731138 0 216.006937921047 689.151067599654 96.0234752297401
102.890022218227 391.907952994108 74.9136467427015 53.9049299657345 696.562552422285 60.3451334238052 80.7926660776138 463.05611717701 9.10702961683273 6.78664650022984 11.4683319479227 12.9274062812328 193.805861398578 260.784094557166 4.89112104475498 16.2837625145912 173.968205571175 350.467235848308 147.846692755818 159.562036156654 1559.86248148978 323.854124799371 97.1492833048105 545.918577805161 42.8291197121143 1.80974805355072 724.72391179204 212.318395912647 216.006937921047 0 10.7204606533051 218.736215949059
0 0.694773495197296 3.73066860437393 1.63076648116112 1.81693306565285 5.50773438811302 335.731498748064 51.723680973053 1.43752145767212 131.911412000656 6.56057274341583 8.71786564588547 205.114656969905 19.2087184041739 429.442163601518 178.566680088639 2.00749540328979 4.29477944970131 14.076553106308 1.20637607574463 1.9945842474699 3.96174815297127 13980.9753288031 81.6723213493824 96.6402289271355 447.782808512449 2.40589213371277 205.004078745842 689.151067599654 10.7204606533051 0 1102.13805010915
0 0 0 0 0.38460037112236 6.94929736852646 150.258446708322 26.4002252221107 0 2.08152624964714 3.33831775188446 5.11278918385506 47.2835844606161 31.0088574439287 55.4201887249947 55.4487918168306 83.0833081007004 0.649294078350067 0 37.0214075446129 2.01265716552734 601.046124637127 11332.3427917063 1467.79488509893 0 3.6722511947155 554.12586556375 15.0341785848141 96.0234752297401 218.736215949059 1102.13805010915 0
