0 4.470355171039 6.82932663082523 9.68191822916173 8.62453948920502 7.39166894146925 4.95395695707782 0 0 0 0 0 6.93887484661238 5.43143200567622 3.8876466693477 4.41728214461769 3.51751802327057 4.77763607864966 4.53745201193314 5.14806779764169 5.29403952212203 5.24100888142395 4.35303909780063 0 0 0 0 0 0 0 4.34362871218721 0 0 0 0 0 0 0 0 0 0 0 0 0 0 0 0 0 0 0 0 0 0 0 0 0 0 0 0 0 0 0 0 0 0 0 0 0 0 0 0 0 0 0 0 0 0 0 0 0 0 0 0 0 0 0 0 0 0 0 0 0 0 0 0 0 0 0 0 0 0 0 4.4097013568301 0 0 2.33570402557811 2.94192956756101 0 0 3.25744221620268 0 2.50232771414364 0 0 0 0 0 0 4.01901484281806 6.13732292312761 6.79758351012845 3.06710326744591 3.26279505880304 2.94210902023085 3.81980328333138 4.16090060461741 4.67321022271977 4.70467686664366 4.57632269533032 4.2085434551184 5.01811293565286 4.94166671774663 4.69595561142749 5.2361343456842 5.2170409049157 4.92520584392638 3.38150359198036 5.20853778312933 0 0 0 5.47674814411284 4.35840806244255 0 0 3.74267811085997 0 0 0 0 2.61121959165389 4.29376215376793 6.45154452456643 4.50452265859976 3.65892856821492 4.61279411109875 4.44688398253183 4.78601673258667 4.74815084100051 5.88606623784105 0 0 4.47953754508207 0 0 0 4.47179427204387 0 0 0 0 4.07632605671942 2.96639453531137 2.48999571929547 3.43738279348628 5.08336719842562 4.69271996676522 4.32214843914399 0 0 5.16089112966197 0 3.38864730250787 4.63284490814431 3.92473103098341 2.90089817088315 0 0 0 0 0 0 3.68862431952906 3.30161505065262 3.854912609643 0 2.85066717864338 0 0 0 0 0 0 0 0 0 0 0 0 0 2.85086377748408 0 0 0 0 0 0 0 0 0 0 0 0 0 0 0 0 0 0 2.65161181609452 0 0 0 0 0 0 0 0 0 0 0 0 0 0 0 0 0 0 0 0 0 0 0 0 0 0 0 0 0 0 0 0 0 0 0 0 0 0 0 0 0 0 0 0 0 0 0 0 0 0 0 0 0 0 0 0 0 0 0 0 0 0 0 0 0 0 0 0 0 3.98652448615304 3.44413957594916 0 0 0 0 0 0 0 0 0 0 0 0 0 0 0 0 0 0 0 0 3.76159554454129 0 0 2.58078356239299 0 0 0 0 0 0 0 0 0 0 0 0 0 0 0 0 0 0 0 0 0 0 0 0 0 0 0 0 0 0 0 0 0 0 0
4.470355171039 0 0 3.38254375387709 3.40436695642343 3.90025333350239 0 2.52382206603767 0 0 0 0 3.02901572041004 2.57432442612699 0 0 0 3.97840930816126 3.34763393874007 3.74822274316917 3.98646134088734 0 5.59775406152731 0 0 0 0 0 0 0 0 0 0 0 0 0 0 0 0 0 0 0 0 0 0 0 0 0 0 0 0 0 0 0 0 0 0 0 0 0 0 0 0 0 0 0 3.03639098943889 0 0 0 0 0 2.85145334220589 0 0 0 0 0 0 0 0 0 0 0 0 0 0 0 0 0 0 0 0 0 0 2.40036593495694 0 0 0 0 0 0 2.62066769773979 0 0 0 0 0 0 0 0 0 0 0 0 0 0 0 0 2.94139101625099 0 0 0 0 0 0 0 2.56521096635773 3.24876480177514 2.82032552975062 2.52871737089109 2.66424757844382 4.05897583108196 3.29116484538405 3.30048716031436 3.98012659273021 4.75575767386817 5.55761571139369 0 5.22439252780752 5.46192753716029 0 5.2124370750574 0 3.25390146107736 3.60907764712671 0 0 3.51620509069798 4.95254006703398 5.02738761121342 0 0 0 0 4.83097685472178 5.97566867794324 3.60464714329457 5.04861242951294 0 0 0 3.34487895107193 0 0 0 2.37252989220638 0 0 0 0 0 0 0 0 2.81524576671937 2.94157056558265 1.98123601794705 0 0 0 0 0 0 0 0 0 0 0 0 0 0 0 0 0 0 0 0 0 0 0 0 0 0 0 0 0 0 0 0 0 0 0 0 0 0 0 0 0 0 0 0 0 0 0 0 0 0 0 0 0 0 0 0 0 0 0 0 0 0 0 0 0 0 0 0 0 0 0 0 0 0 0 0 0 0 0 0 0 0 0 0 0 0 0 0 0 0 0 0 0 0 0 0 0 0 0 0 0 0 0 0 0 0 0 0 0 0 0 0 0 0 0 0 0 0 0 0 0 0 0 0 0 0 0 0 0 0 0 0 0 0 0 0 0 0 0 0 0 0 0 0 0 0 0 0 0 0 0 0 0 0 0 0 0 0 0 0 0 0 0 0 0 0 0 0 0 0 0 0 0 0 0 0 0 0 0 0 0 0
6.82932663082523 0 0 6.86494363635615 6.63198833319243 4.88437252939507 3.19700575576381 0 0 0 0 0 6.21950087116895 4.58898549585322 4.19990913869076 5.28830138728155 4.34256779793333 2.75001440020124 4.44958991335124 3.33994898257068 3.37349286823428 3.25992636469856 0 0 0 0 0 0 0 0 4.00361570883234 0 0 0 0 0 0 0 0 0 0 0 0 0 0 0 0 0 0 0 0 0 0 0 0 0 0 0 0 0 0 0 0 0 0 0 0 0 0 0 0 0 0 0 0 0 0 0 0 0 0 0 0 0 0 0 0 0 0 0 0 0 0 0 0 0 0 0 0 0 0 0 2.60243770106608 0 0 0 0 0 0 0 0 0 0 0 0 0 0 0 0 3.73831728669979 4.33470860067462 0 0 0 1.85757268779763 0 0 2.06099004201581 2.42263313528128 0 1.66950215317675 0 2.14843441316679 1.97228425027738 0 0 0 2.71775353798302 0 0 0 6.29759779383848 2.71954846778958 0 0 2.64680180201074 0 0 0 0 0 5.76708724183497 3.1908681998813 0 0 0 0 3.68964446753898 0 2.60771608456673 0 0 0 0 0 0 1.93712531949958 0 0 0 0 0 0 0 0 1.8754584881047 0 0 0 0 3.01075492082997 0 0 2.59306935808318 2.45819243731777 0 0 0 0 0 0 0 0 2.36998940179586 2.70509800184213 0 0 0 0 0 0 0 0 0 0 0 0 0 0 0 0 0 0 0 0 0 0 0 0 0 0 0 0 0 0 0 0 0 0 0 0 0 0 0 0 0 0 0 0 0 0 0 0 0 0 0 0 0 0 0 0 0 0 0 0 0 0 0 0 0 0 0 0 0 0 0 0 0 0 0 0 0 0 0 0 0 0 0 0 0 0 0 0 0 0 0 0 0 0 0 0 0 0 0 0 0 0 0 0 2.89808944326192 0 0 0 0 0 0 0 0 0 0 0 0 0 0 0 0 0 0 0 0 0 2.66543143083732 0 0 0 0 0 0 0 0 0 0 0 0 0 0 0 0 0 0 0 0 0 0 0 0 0 0 0 0 0 0 0 0 0 0 0 0 0 0
9.68191822916173 3.38254375387709 6.86494363635615 0 8.72099219825341 7.50052948539529 4.75829993668124 0 0 0 0 0 6.797705023271 5.34457760818485 3.7368594424309 4.19628085456629 3.35502284138319 4.52256467332393 4.29982740837332 4.4650085038637 4.7174049787521 4.93508550157814 0 0 0 0 0 0 0 0 4.58117715856292 0 0 0 0 0 0 0 0 0 0 0 0 0 0 0 0 0 0 0 0 0 0 0 0 0 0 0 0 0 0 0 0 0 0 0 0 0 0 0 0 0 0 0 0 0 0 0 0 0 0 0 0 0 0 0 0 0 0 0 0 0 0 0 0 0 0 0 0 0 0 0 3.90642915770166 0 0 0 2.33339797942358 0 0 2.83879995076486 0 0 0 0 0 0 0 0 4.40076994425505 5.91341107274921 6.3412827035835 3.21273455684612 2.8193116393667 2.48801971300678 3.24532564494619 5.78094295840338 4.56285898791637 4.0852900884725 4.00330529442662 3.59619337935284 4.66180124991916 4.47687288498717 4.19438482796636 4.83309142161701 5.00358099245676 4.57499146374469 2.89752674982121 4.63165313126276 0 0 0 5.52760526792873 3.79503047356782 0 0 3.43069013588677 0 0 0 0 2.36584728977201 4.17736556193177 6.75209552456644 4.58135134121128 3.74942404071483 3.51408055148013 3.4380386745767 4.31585412624466 3.6940531224117 5.86093157019073 0 0 4.5063265600247 0 0 0 3.98822790286095 0 0 0 0 3.82797569137187 2.46775357056175 2.17235243237993 2.97337536645271 4.50071628870606 4.17929410231215 3.74283925822959 0 0 4.79255261110225 0 2.96006984803011 4.82853140068674 3.56867000771471 0 0 0 0 0 0 0 3.30274167028734 3.07984830661516 3.4187298604238 0 2.39013487377118 0 0 0 0 0 0 0 0 0 0 0 0 0 2.57354651865875 0 0 0 0 0 0 0 0 0 0 0 0 0 0 0 0 0 0 2.17002504575916 0 0 0 0 0 0 0 0 0 0 0 0 0 0 0 0 0 0 0 0 0 0 0 0 0 0 0 0 0 0 0 0 0 0 0 0 0 0 0 0 0 0 0 0 0 0 0 0 0 0 0 0 0 0 0 0 0 0 0 0 0 0 0 0 0 0 0 0 0 3.61751496790597 3.07042316615558 0 0 0 0 0 0 0 0 0 0 0 0 0 0 0 0 0 0 0 0 3.35644666696782 0 0 0 0 0 0 0 0 0 0 0 0 0 0 0 0 0 0 0 0 0 0 0 0 0 0 0 0 0 0 0 0 0 0 0 0 0 0
8.62453948920502 3.40436695642343 6.63198833319243 8.72099219825341 0 8.35078756683462 5.3359997437462 0 0 0 0 0 7.40853881258316 4.88753200852631 3.37976758089684 4.39880682519007 3.11018399177462 4.76987719608106 4.70196349546732 5.17507301645366 5.52926710484321 5.7868452118994 0 0 0 0 0 0 0 0 3.79112287176767 0 0 0 0 0 0 0 0 0 0 0 0 0 0 0 0 0 0 0 0 0 0 0 0 0 0 0 0 0 0 0 0 0 0 0 0 0 0 0 0 0 0 0 0 0 0 0 0 0 0 0 0 0 0 0 0 0 0 0 0 0 0 0 0 0 0 0 0 0 0 0 3.94770528359405 0 0 0 2.26762738913429 0 0 2.6319867162256 0 0 0 0 0 0 0 0 3.15656611061126 5.43585856628279 5.4115245673138 2.5769130892345 2.6253584852571 2.71528023711569 3.30760907459283 3.27701637152611 4.5789798537359 3.99601395249253 4.06056029196331 3.56694239427033 4.47016053899027 4.28583596531155 4.14124329401376 4.65690385958496 4.86570126937392 4.44441041254929 2.97563368409798 4.71041845044803 0 0 0 5.1034893576619 3.28175480646616 0 0 2.6594981038307 0 0 0 0 0 4.14005255994798 5.69866737398943 4.83341634309718 2.94551251657496 3.97917290985283 3.48207699701086 4.81973280852602 3.84084115094381 6.04773396046189 0 0 4.6892549490169 0 0 0 3.87233415550506 0 0 0 0 3.64178428120628 2.62683522684961 2.43492530024842 3.10409847170082 4.33546612583172 4.05456133260945 3.59740544420683 0 0 3.91453684987458 0 2.86083941033115 3.64409909705473 3.34379884295612 0 0 0 0 0 0 0 3.20820686851863 2.84948677323385 3.46094126360021 0 2.40651601584228 0 0 0 0 0 0 0 0 0 0 0 0 0 2.41201893403951 0 0 0 0 0 0 0 0 0 0 0 0 0 0 0 0 0 0 0 0 0 0 0 0 0 0 0 0 0 0 0 0 0 0 0 0 0 0 0 0 0 0 0 0 0 0 0 0 0 0 0 0 0 0 0 0 0 0 0 0 0 0 0 0 0 0 0 0 0 0 0 0 0 0 0 0 0 0 0 0 0 0 0 0 0 0 0 0 3.43530299414867 2.92144113444308 0 0 0 0 0 0 0 0 0 0 0 0 0 0 0 0 0 0 0 0 3.36353554353453 0 0 0 0 0 0 0 0 0 0 0 0 0 0 0 0 0 0 0 0 0 0 0 0 0 0 0 0 0 0 0 0 0 0 0 0 0 0
7.39166894146925 3.90025333350239 4.88437252939507 7.50052948539529 8.35078756683462 0 6.54801928941661 0 0 0 0 0 6.78549155676041 4.08820329420002 3.33317585556484 4.56193598738934 3.64578731105914 5.56975857333802 6.01925506074043 6.42940672340905 6.62344167651971 6.77280402557661 4.0575653107188 0 0 0 0 0 0 0 3.02274507280006 0 0 0 0 0 0 0 0 0 0 0 0 0 0 0 0 0 0 0 0 0 0 0 0 0 0 0 0 0 0 0 0 0 0 0 0 0 0 0 0 0 0 0 0 0 0 0 0 0 0 0 0 0 0 0 0 0 0 0 0 0 0 0 0 0 0 0 0 0 0 0 3.69717825692863 0 0 0 2.01490302054226 0 0 2.39789527279837 0 0 0 0 0 0 0 0 2.71932427767543 5.11990652029462 4.66613088577778 2.51478462262894 2.39541849134647 2.43522322964135 3.02588531172468 2.76297634447812 4.81099455431619 3.72240962164232 3.88338554732619 3.35632809223596 4.25874380898264 4.06378015248597 3.98639819163406 4.52407817515403 4.92495883276022 4.4392440981687 2.97736738772225 5.24383244656476 0 0 0 4.26335034304028 4.49810754225973 0 0 3.82099615605912 0 0 0 0 0 4.11831792943581 4.86826678296726 5.79066723743255 2.57432442612699 5.06242279740821 3.90793302017662 6.59299327945087 4.83314558252909 5.92154194326227 0 0 5.4714128199687 0 0 0 3.63094042354717 0 0 0 0 3.50164790382243 2.32312107810169 0 2.83919780237146 4.09717501981515 3.86530212738009 3.31270067205633 0 0 3.01092243904797 0 0 2.54779627823529 0 0 0 0 0 0 0 0 0 0 2.60871833972454 0 0 0 0 0 0 0 0 0 0 0 0 0 0 0 0 0 0 0 0 0 0 0 0 0 0 0 0 0 0 0 0 0 0 0 0 0 0 0 0 0 0 0 0 0 0 0 0 0 0 0 0 0 0 0 0 0 0 0 0 0 0 0 0 0 0 0 0 0 0 0 0 0 0 0 0 0 0 0 0 0 0 0 0 0 0 0 0 0 0 0 0 0 0 0 0 0 0 0 0 0 0 0 0 2.87782167874188 0 0 0 0 0 0 0 0 0 0 0 0 0 0 0 0 0 0 0 0 0 2.53142666542289 0 0 0 0 0 0 0 0 0 0 0 0 0 0 0 0 0 0 0 0 0 0 0 0 0 0 0 0 0 0 0 0 0 0 0 0 0 0
4.95395695707782 0 3.19700575576381 4.75829993668124 5.3359997437462 6.54801928941661 0 0 0 0 0 0 4.40360339754455 2.48999571929547 0 3.18483351733332 0 6.11388533781083 4.1034863221802 4.11909247995863 4.28067357352001 5.43668822054236 0 0 0 0 0 0 0 0 0 0 0 0 0 0 0 0 0 0 0 0 0 0 0 0 0 0 0 0 0 0 0 0 0 0 0 0 0 0 0 0 0 0 0 0 0 0 0 0 0 0 0 0 0 0 0 0 0 0 0 0 0 0 0 0 0 0 0 0 0 0 0 0 0 0 0 0 0 0 0 0 0 0 0 0 0 0 0 0 0 0 0 0 0 0 0 0 0 3.77891912102024 3.38899167489261 0 0 0 0 0 4.32782004239184 0 0 0 2.72513694774147 2.27359755612079 1.91029807726644 2.98993317833251 3.98829093667861 3.30161505065262 0 4.83892391641432 0 0 0 2.98976210656749 4.03086368264267 0 0 3.4814493819275 0 0 0 0 0 0 3.64222985444362 5.80288877956919 0 3.50369666503895 0 4.45612549599893 3.58785570399731 4.56243309353174 0 0 6.18424706972113 0 0 0 0 0 0 0 0 0 0 0 0 2.09922749550101 1.90828194755125 0 0 0 0 0 0 0 0 0 0 0 0 0 0 0 0 0 0 0 0 0 0 0 0 0 0 0 0 0 0 0 0 0 0 0 0 0 0 0 0 0 0 0 0 0 0 0 0 0 0 0 0 0 0 0 0 0 0 0 0 0 0 0 0 0 0 0 0 0 0 0 0 0 0 0 0 0 0 0 0 0 0 0 0 0 0 0 0 0 0 0 0 0 0 0 0 0 0 0 0 0 0 0 0 0 0 0 0 0 0 0 0 0 0 0 0 0 0 0 0 0 0 0 0 0 0 0 0 0 0 0 0 0 0 0 0 0 0 0 0 0 0 0 0 0 0 0 0 0 0 0 0 0 0 0 0 0 0 0 0 0 0 0 0 0 0 0 0 0 0 0 0 0 0 0 0 0 0 0 0 0 0 0
0 2.52382206603767 0 0 0 0 0 0 6.30546806913546 6.47091006821414 5.35464304524934 6.22202271892975 0 5.73448541660759 0 0 0 0 0 0 0 0 0 0 2.71550533559723 2.90332603648886 0 2.28992019668595 0 0 0 0 0 0 0 6.37780808846258 5.83508917225861 4.7613596025052 4.76004946329749 7.00056387851499 3.80128144681146 4.90786652906827 4.64664502858115 4.86790068375028 3.73856005425105 2.63002737197888 4.53021936789701 3.52626047959582 3.50216048776927 3.0690017018082 5.90567691083807 6.03010457102409 7.36490453478996 7.53311694928015 7.34743118799566 6.65684455928742 0 0 0 0 0 0 0 0 0 0 3.87233415550506 2.11330057544484 0 1.57834732536407 0 0 4.04757616243284 3.05963283613723 2.22774425162467 0 1.64156919061689 5.67172065585937 3.21287144001655 4.39562424293927 2.49112311513078 2.37790709953264 2.32545091773105 1.84528948930357 0 1.98076686475994 0 0 0 0 0 0 0 0 3.51235737432676 5.85654248921997 3.44815020405559 0 5.33209419389267 5.45768763673366 4.22350132070758 4.89796670833592 3.01242884154222 3.51103764417226 3.44630948023987 4.68527568603865 0 3.29520678596332 3.00335619866465 0 2.08241331206899 0 3.4855218566209 2.90797850603286 3.90957102218086 5.19384458976442 5.13108546768478 0 3.39881359030688 6.02005696219912 0 0 0 0 0 0 0 0 2.75348737959827 2.89207099364912 2.05447253035063 0 4.07129176086866 2.89808944326192 2.4780806847176 3.20531490203291 4.08047328920587 3.82121966136831 2.85027386497066 3.20944372705603 2.68302306544505 0 2.93779324298722 4.22970959016971 3.70012550338856 2.51092574242696 4.8870959265873 4.76380061266763 4.81196310419612 4.04638738435656 4.2148952433739 0 0 0 0 0 3.17847891005679 0 0 0 0 0 0 0 0 0 4.32002457653222 5.29583128561087 2.07304356720018 0 1.93516261033173 0 0 0 0 1.91331467080586 2.5360156868384 0 0 0 0 0 0 0 0 0 0 6.21382547933058 4.44520900706546 4.09542108007444 0 3.18483351733332 0 4.9577414833798 0 0 0 0 0 0 0 0 0 0 0 0 0 0 0 0 0 0 0 0 0 3.57536027447356 3.64888973787056 3.43967649773039 2.20250163443706 5.30575562041442 4.02711156010947 1.86075234071501 4.05296733044179 4.21308455984932 0 0 0 0 0 0 4.17286858719166 4.01060550007172 4.51388251727225 4.78416990505261 5.66069033160141 0 0 0 0 0 0 0 0 0 0 0 0 0 0 0 0 0 0 0 0 0 0 0 0 0 0 0 0 0 0 0 0 0 0 0 0 0 0 0 0 4.01005057820897 0 0 0 0 0 0 0 0 0 0 0 0 0 0 0 0 0 0 0 2.94836966137574 0 0 0 1.84044164786744 0 0 0 0 0 0 0 0 0 0 0 0 0 0 0 0 0 0 0 0 0 0 0 0 0 0 0 0 0 0 0 0 0 0 0 0 0 0 0 0 0 0 0 0 0 0 0 0 0 0 0 0 0 0 0 0 0 0 0 0
0 0 0 0 0 0 0 6.30546806913546 0 3.65726241270166 2.95121866615182 3.73214743436245 0 4.46187309075224 0 0 0 0 0 0 0 0 0 0 0 1.91180751151529 0 0 0 0 0 0 0 0 0 6.12416225898393 4.65502877821312 3.65796429025285 5.13991161498348 4.50437218649324 0 3.42228858304079 2.48914933752679 3.36529993851088 0 0 2.97996232041269 0 0 0 8.10982627601848 7.10587262465503 7.07381148235853 4.54286047173115 4.57232367221579 4.05780053565373 0 0 0 0 0 0 0 0 0 0 3.61303003978968 0 0 0 0 0 3.60935390294135 2.99556219106357 0 0 0 4.17809571738301 2.65830720217751 3.75006414315308 0 0 0 0 0 0 0 0 0 0 0 0 0 0 0 4.01852572566475 2.79860781487874 0 4.02224921539325 5.66047724071734 4.31907415669195 4.90997522823047 2.89883920899526 4.0445419809695 3.59665973201717 3.77330813373073 0 2.75044918281679 0 0 0 0 2.53682333259505 2.07901628120139 2.73555948360217 5.48235230726878 4.48300255201388 0 3.07089653894548 5.34623251243209 0 0 0 0 0 0 0 0 0 0 0 0 2.44883290716222 0 0 0 0 0 0 0 0 0 0 2.9697165070699 0 0 5.36285588768561 4.03742621560213 3.40842741767564 0 2.81218547666394 0 0 0 0 0 0 0 0 0 0 0 0 0 0 0 4.21900737995428 4.36949090673694 0 0 0 0 0 0 0 0 0 0 0 0 0 0 0 0 0 0 0 4.61265908088554 4.06559042481309 0 0 0 0 3.78581169429013 0 0 0 0 0 0 0 0 0 0 0 0 0 0 0 0 0 0 0 0 0 3.56598131779078 3.52154703758461 3.14080396291738 2.9212579339296 3.46616098250857 0 2.427448070855 0 0 0 0 0 0 0 0 4.11599067177767 4.2794965766091 3.66460767132963 0 3.24081036503048 0 0 0 0 0 0 0 0 0 0 0 0 0 0 0 0 0 0 0 0 0 0 0 0 0 0 0 0 0 0 0 0 0 0 0 0 0 0 0 0 0 0 0 0 0 0 0 0 0 0 0 0 0 0 0 0 0 0 0 0 3.27598888620582 0 0 0 0 0 0 0 0 0 0 0 0 0 0 0 0 0 0 0 0 0 0 0 0 0 0 0 0 0 0 0 3.04840217100901 0 0 0 0 0 0 0 0 0 0 0 0 0 0 0 0 0 0 0 0 0 0 0 0 0 0 0 0 0 0 0 0
0 0 0 0 0 0 0 6.47091006821414 3.65726241270166 0 5.29903139728169 6.43581235555443 0 2.65376879715849 0 0 0 0 0 0 0 0 0 0 0 0 0 0 0 0 0 0 0 0 0 0 0 0 0 0 0 0 3.54046625169361 4.65133299497514 0 0 3.01359892107396 0 0 0 3.51741708963435 3.52395667730477 4.35273267830995 5.84813801081068 4.11526923108488 4.56714331774143 0 2.59814422307271 0 0 0 0 0 0 0 0 5.09702100298523 0 0 0 0 0 4.47818679327991 0 0 0 0 4.24800921530832 0 0 0 0 0 0 0 0 0 0 0 0 0 0 0 0 2.65137186408377 6.52004989654035 5.5224672140974 0 2.96919271831938 0 0 0 0 0 0 2.82174325150707 0 0 2.21853777893777 0 0 0 0 2.67812852123716 2.45615251237899 0 3.69464511363369 0 0 3.44674289665147 0 0 0 0 0 0 0 0 0 0 0 0 3.02274507280006 0 0 2.62338609802989 3.28672518565307 3.43002941567773 0 2.45352362230062 0 0 0 3.45483486506591 3.22403257398045 0 0 2.48547338258866 3.9212321712708 3.19797872130029 3.74235573819438 0 0 0 0 0 2.74718369607917 0 0 0 0 0 0 0 0 0 0 2.95050717554906 0 0 0 0 0 0 0 0 0 0 0 0 0 0 0 0 0 0 0 3.55893733633272 0 4.20097977531193 0 3.40210400003795 0 2.60344525782638 0 0 0 0 0 0 0 0 0 0 0 3.66765234333498 0 0 0 0 0 0 0 0 0 0 0 0 0 3.40560940307335 3.8558485011479 0 4.3399549225069 4.61400856322656 0 0 0 0 0 0 0 0 0 3.38519704031571 4.12570698979862 0 0 0 0 0 0 0 0 0 0 0 0 0 0 0 0 0 0 0 0 0 0 0 0 0 0 0 0 0 0 0 0 0 0 0 0 0 0 0 0 4.33296857748146 3.08608274077359 0 0 0 0 0 0 0 0 0 0 0 0 0 0 0 0 0 0 0 0 0 0 0 0 0 0 0 0 0 0 0 0 0 0 0 0 0 0 0 0 0 0 0 0 0 0 0 0 0 0 0 0 0 0 0 0 0 0 0 0 0 0 0 0 0 0 0 0 0 0 0 0 0 0 0 0 0 0 0 0 0 0 0
0 0 0 0 0 0 0 5.35464304524934 2.95121866615182 5.29903139728169 0 6.14030230450523 0 0 0 0 0 0 0 0 0 0 0 0 0 2.82073079824654 0 0 0 0 0 0 0 0 0 0 0 0 0 0 0 0 3.59460615153257 4.05950426370442 0 0 0 0 0 0 2.50316301977484 2.51285704389635 3.60529448229161 3.08297038220767 2.63930025443122 5.39907034501465 0 0 0 0 0 0 0 0 0 0 4.17066501861899 0 0 0 0 0 4.99955371137401 3.26292525866 0 0 0 5.41558628669856 3.92311769371494 5.58088433833305 3.08561650407232 2.73511817732846 3.08670405175972 0 0 0 0 0 0 0 0 0 0 0 0 4.26931680545499 3.55971170477719 0 3.05771651488647 0 0 0 0 0 0 0 0 0 0 0 0 0 0 0 0 0 2.83840194080935 0 0 0 0 0 0 0 0 0 0 0 0 0 0 0 2.90295290215617 0 0 0 2.86394862387363 0 0 0 0 0 0 2.1551577922606 0 0 0 2.68302306544505 2.89188233220153 0 0 0 0 0 0 0 0 0 0 0 0 0 0 0 0 0 0 0 0 0 0 0 0 0 0 0 0 0 0 0 0 0 0 0 0 0 0 0 0 0 0 0 0 0 0 0 0 0 0 0 0 0 0 0 0 0 0 0 0 0 0 0 0 0 0 0 0 0 0 0 0 0 2.86103401965355 3.34091283806699 0 0 0 0 0 0 0 0 0 0 0 0 0 0 0 0 0 0 0 0 0 0 0 0 0 0 0 0 0 0 0 0 0 0 0 0 0 0 0 0 0 0 0 0 0 0 0 0 0 0 0 3.00099053348569 0 0 0 0 0 0 0 0 0 0 0 0 0 0 0 0 0 0 0 0 0 0 0 0 0 0 0 0 0 0 0 0 0 0 0 0 0 0 0 0 0 0 0 0 0 0 0 0 0 0 0 0 0 0 0 0 0 0 0 0 0 0 0 0 0 0 0 0 0 0 0 0 0 0 0 0 0 0 0 0 0 0 0 0
0 0 0 0 0 0 0 6.22202271892975 3.73214743436245 6.43581235555443 6.14030230450523 0 0 0 0 0 0 0 0 0 0 0 0 0 0 2.91371766831922 0 0 0 0 0 0 0 0 0 0 0 0 0 0 0 0 3.75381649277163 4.29756302976305 0 0 2.69089712187596 0 0 0 3.3616500845739 3.31146120734634 4.55812849235278 4.10830560861614 3.32145697145162 5.1716428780048 0 0 0 0 0 0 0 0 0 0 5.55367124430404 0 0 0 0 0 5.78772129793701 3.24120959319467 2.08029152048154 0 0 4.95561145517131 4.07476639952778 5.24234072712674 3.06852743099068 2.71189766539346 3.09412982845657 2.37696027919996 0 2.13645822212007 0 0 0 0 0 0 0 0 0 5.36513326697747 4.93256343214544 0 3.1384475553469 0 0 0 0 0 0 2.78316188058146 0 2.47465014962081 2.56756237175207 0 0 0 2.30156416385994 3.1428612744439 0 2.71392858113158 3.86921491293626 0 0 3.3790723317379 0 0 0 0 0 0 0 0 0 0 0 0 3.87636057990427 2.71099371052965 0 3.09274168911128 4.01128331998244 3.72356018061211 0 3.12463989777973 0 0 0 3.49465055071927 2.79902197930794 0 0 3.06868554625704 4.10123685547977 3.51478923285628 3.61358029659006 0 0 0 0 0 3.05883481518673 0 0 0 0 0 0 0 0 0 0 2.56232949743541 0 0 0 0 0 0 0 0 0 0 0 0 0 0 0 0 0 0 0 2.78882524128742 0 3.73051744215152 0 0 0 0 0 0 0 0 0 0 0 0 0 0 0 3.51580076440116 0 0 0 0 0 0 0 0 0 0 0 0 0 2.68488137027716 3.25757311482188 0 3.99557602824643 4.24893246423806 0 0 0 0 0 0 0 0 0 0 3.36365326676735 0 0 2.01716802717312 0 0 0 0 0 0 0 0 0 0 0 0 0 0 0 0 0 0 0 0 0 0 0 0 0 0 0 0 0 0 0 0 0 0 0 0 0 3.93668243346261 0 0 0 0 0 0 0 0 0 0 0 0 0 0 0 0 0 0 0 0 0 0 0 0 0 0 0 0 0 0 0 0 0 0 0 0 0 0 0 0 0 0 0 0 0 0 0 0 0 0 0 0 0 0 0 0 0 0 0 0 0 0 0 0 0 0 0 0 0 0 0 0 0 0 0 0 0 0 0 0 0 0 0 0
6.93887484661238 3.02901572041004 6.21950087116895 6.797705023271 7.40853881258316 6.78549155676041 4.40360339754455 0 0 0 0 0 0 4.51949372465205 3.5626102575312 5.83092445074476 4.17024474017835 3.98063485195335 5.90138725049652 4.86614677955596 4.76950209689179 4.65152785078246 3.22538520505372 0 0 0 0 0 0 0 3.56482680544396 0 0 0 0 0 0 0 0 0 0 0 0 0 0 0 0 0 0 2.40190700476416 0 0 0 0 0 0 0 0 0 0 0 0 0 0 0 0 0 0 0 0 0 0 0 0 0 0 0 0 0 0 0 0 0 0 0 0 0 0 0 0 0 0 0 0 0 0 0 0 0 0 0 0 3.6336399662646 0 0 0 0 0 0 0 0 0 0 0 0 0 0 0 2.20024344755347 4.36001749318209 4.14787458229762 0 0 2.8019163373343 3.10211267711256 0 2.5706890027515 3.38485135845481 3.73645410822731 2.88904813096566 2.92692160121121 2.93237219610082 3.41772668361337 3.20738144544247 2.90797850603286 2.9296506122745 2.59230590213567 3.98348900668321 0 0 0 5.09000797096519 3.59067393038115 0 0 2.6846492709376 0 0 0 0 0 5.28159671976096 2.75521935664954 3.29885573622158 0 3.6573501743411 2.92746799954918 5.03922495461308 4.10696302618131 2.89658822323894 0 0 3.64507683145554 0 0 0 3.0970540321563 0 0 0 0 0 2.57794668105779 2.66472128759526 3.10668934413997 3.27791455597092 3.08530555879618 2.65711488058639 0 0 3.30611393352188 0 0 2.91149996273463 2.84475116848801 0 0 0 0 0 0 0 2.87187213619465 2.57536069564978 3.21710555137531 0 0 0 0 0 0 0 0 0 0 0 0 0 0 0 2.12960750018273 0 0 0 0 0 0 0 0 0 0 0 0 0 0 0 0 0 0 0 0 0 0 0 0 0 0 0 0 0 0 0 0 0 0 0 0 0 0 0 0 0 0 0 0 0 0 0 0 0 0 0 0 0 0 0 0 0 0 0 0 0 0 0 0 0 0 0 0 0 0 0 0 0 0 0 0 0 0 0 0 0 0 0 0 0 0 0 0 2.99505176995509 2.50037594996627 0 0 0 0 0 0 0 0 0 0 0 0 0 0 0 0 0 0 0 0 3.0506584169299 0 0 0 0 0 0 0 0 0 0 0 0 0 0 0 0 0 0 0 0 0 0 0 0 0 0 0 0 0 0 0 0 0 0 0 0 0 0
5.43143200567622 2.57432442612699 4.58898549585322 5.34457760818485 4.88753200852631 4.08820329420002 2.48999571929547 5.73448541660759 4.46187309075224 2.65376879715849 0 0 4.51949372465205 0 6.0467447810382 3.22646599413488 3.91501173201098 3.21574166682128 3.27070638986603 2.77957953558507 2.69366146365011 2.39355687119977 0 2.48036118741633 3.65109987889311 3.16334873276034 5.47331340429153 3.10547094618237 4.82419642927314 5.57861252895797 6.82503893229181 5.51300348568653 5.89831190209627 6.02694167097662 6.11682274906796 4.13951084812542 5.64849505850759 6.56986298694028 4.40493401439853 5.84980497203292 5.16519405391285 4.93315166745651 4.45683589148227 3.92794991788288 5.30646436158482 4.22544244069592 3.88834348492882 3.80439234123578 4.22514405199269 4.30148777218987 4.25965720471473 4.91137856137645 4.0537941672477 3.4937207505593 5.33987378519041 0 4.33194098887322 5.6999656761295 3.85707103914491 3.85311035273012 3.64481027141132 3.70163785454222 3.44598429461021 3.01743385699525 2.24230054939888 0 0 2.39572842471328 4.07684540235561 3.07278779246429 2.60067203028323 3.58512384793442 0 2.13001178561375 1.82520740329559 0 1.9732303241417 2.18237564659482 0 0 0 0 0 0 1.86918231687547 2.81198112395044 3.01526809188381 2.31240070742508 1.97511979092962 2.05316391511481 0 2.47550888732923 2.79943597227597 0 3.50625172800596 3.56415272385456 0 0 0 0 2.61196874888708 0 3.33390374592816 3.79892286543125 3.58105937804488 0 0 0 0 2.00028421291775 0 0 0 0 0 3.628414258364 4.04161808951686 0 4.62883356493459 5.26599795460645 6.09346227206062 2.43581882227361 0 3.0790662623116 2.59077723941761 4.19847983778383 2.1448565918189 2.53196764460839 3.4246171309688 2.92710376716489 2.36072563965196 2.32345424485473 3.9445494624345 3.21696924659762 2.77471231615739 3.56569281463929 3.41794969877932 4.26745908705567 2.94103182084483 0 0 5.7274458536027 3.64507683145554 3.79219706814196 4.26950714568873 4.07233542073031 3.10455617252504 4.79097207395518 4.88786535468373 3.58153284048448 4.16312577109846 3.55951816887567 2.84158159372673 2.4700577190466 2.22370384208767 2.4229347489165 3.28926454709889 3.12643228063449 2.61868602753469 0 5.67840652206626 4.6940901712646 2.83720695958769 2.72691868540659 0 3.1234431885868 2.67906266422896 0 0 2.50371950281647 0 0 2.8158567024883 3.45268340124119 3.02736935849717 2.61346538174314 2.91832215200451 1.84850837620304 3.90861584710653 4.11410272630047 3.61824529475968 0 3.02158565238032 3.49299697448469 3.16679453660055 2.21408838338822 0 4.53770675655304 3.42859635585027 0 0 0 3.14564658739317 5.95315498335783 4.23060041473619 2.11617355094857 2.78189898839088 0 0 0 0 0 0 0 0 0 3.81718890275731 0 3.24346888048701 3.33753527152675 3.30623861402824 0 0 0 2.6885876520273 3.11773918032656 3.83842772233974 3.7338560715301 3.20434905166462 4.07649920190209 3.13253212845532 3.68068268690976 2.69756457961428 2.74171740937302 3.93515475225155 2.7693948517509 3.1554070261581 2.85164978656365 2.87648132430473 3.09289602200764 3.33789769980012 3.90984376185254 3.17265378880448 2.76211742237249 3.9853872608599 0 0 0 0 0 0 0 0 0 0 0 0 0 0 0 0 0 0 0 0 0 0 0 0 0 0 0 0 0 0 0 0 0 0 0 0 0 0 0 2.25057546619764 2.47264355585594 0 0 0 0 0 0 0 2.08748731872672 1.98404632424631 0 0 0 0 0 0 0 0 0 0 2.53304872579476 3.0409527438468 0 0 3.44316158076119 3.02720457312974 0 0 0 0 0 0 0 2.04483601250236 0 0 0 2.86840124956322 2.03998270493929 0 2.18696807716903 2.42414029457185 2.62634322191964 0 0 0 3.76664327195599 2.48064588492715 2.49168633677338 2.95689244023773 2.29370221941647 0 3.15728985675271 3.68128264407367 2.39541849134647 3.07042316615558 2.35267017479343 0 0 0 0 0 0 0 0 2.97407077677281 2.53439843581205 0 0 0 0 0 0 0 0 0 0 0 0 0 0 0 0 0 0
3.8876466693477 0 4.19990913869076 3.7368594424309 3.37976758089684 3.33317585556484 0 0 0 0 0 0 3.5626102575312 6.0467447810382 0 3.56241728184554 5.32549568760198 3.33147538145169 3.79869432012114 0 0 0 0 2.64583701660064 2.64824723709738 2.93959374761479 4.69131667659965 2.33866114946786 6.14547673338044 6.74923395065954 6.74617628375817 2.76469197861113 5.00827423233833 3.61806276304429 4.59803595423032 0 4.11610161647186 4.83603892310871 0 3.07765703949951 3.19811763913062 4.09903874271646 3.16536022769144 3.40119738166216 5.1083338789233 5.94100334467433 0 3.65726241270166 4.49784250619435 5.36092481518102 0 0 0 0 3.22538520505372 0 2.39106930772797 2.02886406693631 0 2.91593046656677 0 0 2.16574405070188 0 0 0 2.19873515164159 2.38419642844021 0 0 0 0 0 0 0 0 0 0 0 0 0 0 0 0 0 2.37030731627954 0 0 0 0 0 0 0 0 0 3.59675297645754 0 0 0 0 0 0 3.6892195323352 3.19044835521765 1.91080147521314 0 0 0 0 0 0 0 0 0 0 0 0 0 2.94908267388367 4.40410258637308 4.38965055978454 0 0 3.11638345216832 2.71144579010335 2.79320800944252 2.29198489115652 2.67999593541196 3.28507113603619 2.65830720217751 2.55018894187842 2.3406277184399 3.65171784404188 3.03965150748883 2.74149813516975 3.39972237146678 3.00840671445072 4.22544244069592 2.4177949038899 0 0 6.56406659010142 3.8961839413984 2.99963620790201 4.12135736146817 4.45636235057133 0 3.25600119938163 4.06097066863623 3.22511482516833 4.00467039764183 4.31503613028902 0 0 0 0 3.12822145660007 3.25232375893574 2.69158892404814 0 5.72506237936601 3.41493478945524 3.04371226187096 0 0 0 2.94192956756101 0 0 0 0 0 3.04936975695775 3.69759982432242 3.1204451350745 2.57120915881004 2.69204985975577 1.95606252051933 0 0 3.35620950344246 0 2.6501712396149 2.9161146455893 2.94676352201021 0 0 0 0 0 0 0 3.19770082773174 3.71149591265539 4.53723360773891 0 3.11033565629299 0 0 0 0 0 0 0 0 0 3.0607489966613 0 3.38600316692124 3.32084283398836 3.05851542840663 0 0 0 0 0 1.93221130469715 1.71581831599267 0 0 0 2.90257962854228 0 0 3.50890208633619 3.23721012112569 2.74346987422459 3.13578994267979 2.94497589193102 3.64880123054653 0 2.36040466388287 0 0 0 0 0 0 0 0 0 0 0 0 0 0 0 0 0 0 0 0 0 0 0 0 0 0 0 0 0 0 0 0 0 0 0 0 0 0 0 0 0 0 2.50371950281647 0 0 0 0 0 0 0 0 0 0 0 0 0 0 0 0 0 0 0 0 0 2.45440068711346 0 0 3.76048794949136 0 0 0 0 0 0 0 0 0 0 0 0 2.92673940206704 0 0 2.64366284011911 2.56364028540655 3.12553649078659 0 0 0 3.69040889616583 2.81218547666394 0 3.52184856027648 2.51505968795869 0 0 3.13075065530009 2.40712894874532 3.52945696618524 0 0 0 0 0 0 0 0 0 2.39820443959632 0 0 0 0 0 0 0 0 0 0 0 0 0 0 0 0 0 0 0
4.41728214461769 0 5.28830138728155 4.19628085456629 4.39880682519007 4.56193598738934 3.18483351733332 0 0 0 0 0 5.83092445074476 3.22646599413488 3.56241728184554 0 5.80354572214113 3.00655781905891 5.66784977409645 3.44544208345991 3.39733505719704 3.17592571718045 0 0 0 0 0 0 0 0 2.60092445991981 0 0 0 0 0 0 0 0 0 0 0 0 0 0 2.37030731627954 0 0 0 3.17791209694823 0 0 0 0 0 0 0 0 0 0 0 0 0 0 0 0 0 0 0 0 0 0 0 0 0 0 0 0 0 0 0 0 0 0 0 0 0 0 0 0 0 0 0 0 0 0 0 0 0 0 0 0 2.56390223694701 0 0 0 0 0 0 0 0 0 0 0 0 0 0 0 0 3.08825564245114 0 0 0 0 1.98498134067722 0 0 2.07986662138868 2.50760623730411 0 0 0 2.27569619277771 0 0 0 0 3.07530391267834 0 0 0 5.09224662954242 3.33910484625284 0 0 2.99929733971849 0 0 0 0 0 5.93947283487701 0 0 0 0 0 4.06850333103821 3.26305544156717 0 0 0 2.81504203849212 0 0 0 1.92429830593983 0 0 0 0 0 0 0 2.14326233081961 1.87858186388697 0 0 0 0 0 0 0 0 0 0 0 0 0 0 0 0 0 0 0 0 0 0 0 0 0 0 0 0 0 0 0 0 0 0 0 0 0 0 0 0 0 0 0 0 0 0 0 0 0 0 0 0 0 0 0 0 0 0 0 0 0 0 0 0 0 0 0 0 0 0 0 0 0 0 0 0 0 0 0 0 0 0 0 0 0 0 0 0 0 0 0 0 0 0 0 0 0 0 0 0 0 0 0 0 0 0 0 0 0 0 0 0 0 0 0 0 0 0 0 0 0 0 0 0 0 0 0 0 0 0 0 0 0 0 0 0 0 0 0 0 0 0 0 0 0 0 0 0 0 0 0 0 0 0 0 0 0 0 0 0 0 0 0 0 0 0 0 0 0 0 0 0 0 0 0 0 0 0 0 0 0 0 0 0
3.51751802327057 0 4.34256779793333 3.35502284138319 3.11018399177462 3.64578731105914 0 0 0 0 0 0 4.17024474017835 3.91501173201098 5.32549568760198 5.80354572214113 0 3.20531490203291 4.93684473188013 2.80624222728142 0 2.67672566854041 0 0 0 0 0 0 3.31430968286203 0 3.6008471479902 0 0 0 0 0 0 0 0 0 0 3.2342669751885 0 2.60243770106608 3.39744886815716 5.10017747949239 0 3.58992317959514 4.06284453461759 5.95759818130166 0 0 0 0 0 0 0 0 0 0 0 0 0 0 0 0 2.56521096635773 0 0 0 0 0 0 0 0 0 0 0 0 0 0 0 0 0 0 0 0 0 0 0 0 0 0 0 0 3.08374938045537 0 0 0 0 0 0 3.05755665556233 0 0 0 0 0 0 0 0 0 0 0 0 0 0 0 0 3.63346022329656 2.69504077421362 0 0 2.44175531937561 2.3677611659543 0 0 2.26551173249183 2.8848767180151 0 1.90626174484398 0 2.86453052671228 2.36903505147688 2.19911243895034 2.54753007298947 0 3.71713299962117 0 0 0 6.36010335208544 4.64798203616647 0 3.5940453514431 4.96486437693376 0 0 0 0 3.67120720900253 5.92113149226207 0 0 0 0 2.83640951137956 4.04906015047712 3.41549379220891 0 0 0 3.02703976060362 0 0 0 2.41079867763428 0 0 0 0 0 2.20887227618167 2.81157229320068 2.66187566082325 2.10047723530125 2.15357988266299 0 0 0 0 0 0 0 0 0 0 0 0 0 0 0 0 1.97086345913143 2.83939666883328 0 0 0 0 0 0 0 0 0 0 0 0 0 0 0 0 0 0 0 0 0 0 0 0 0 0 0 0 0 0 0 0 0 0 0 0 0 0 0 0 0 0 0 0 0 0 0 0 0 0 0 0 0 0 0 0 0 0 0 0 0 0 0 0 0 0 0 0 0 0 0 0 0 0 0 0 0 0 0 0 0 0 0 0 0 0 0 0 0 0 0 0 0 0 0 0 0 0 0 0 0 0 0 0 2.28127112010863 0 0 0 0 0 0 0 0 0 0 0 0 0 0 0 0 0 0 0 0 0 0 0 0 0 0 0 0 0 0 0 0 0 0 0 0 0 0 0 0 0 0 0 0 0 0 0 0 0 0 0 0 0 0 0 0 0 0 0 0
4.77763607864966 3.97840930816126 2.75001440020124 4.52256467332393 4.76987719608106 5.56975857333802 6.11388533781083 0 0 0 0 0 3.98063485195335 3.21574166682128 3.33147538145169 3.00655781905891 3.20531490203291 0 4.03291533675359 4.12279097441772 4.73745079671096 5.61609059406767 3.81269114405048 0 0 0 0 0 0 0 2.63613761951192 0 0 0 0 0 0 0 0 0 0 0 0 0 0 0 0 0 0 2.58078356239299 0 0 0 0 0 0 0 0 0 0 0 0 0 0 0 0 3.15424659666902 0 0 0 0 0 3.05098032261431 0 0 0 0 0 0 0 0 0 0 0 0 0 0 0 0 0 0 0 0 0 0 2.48688881099199 0 0 0 0 0 0 0 0 0 0 0 0 0 0 0 0 0 0 0 0 0 0 2.25949294993925 4.94207964479801 3.52144650981373 2.99675216145474 0 0 0 3.07671645313137 6.00224803250901 1.89660965060586 1.74890404057844 0 3.78155784975351 3.02291059460794 3.23413298979271 4.0683869775562 6.45148011094507 6.07310723002519 2.99997496129278 6.84126655812095 0 0 3.65012801858779 3.11804020380866 4.92189081441979 0 2.7979862464344 4.01889258595624 0 0 0 3.83747537619985 4.34698086776092 2.70532540377602 3.58314093807361 5.07528010210218 3.87381946185727 4.25121263502586 4.51552082422543 4.44724254113012 4.21343689406713 5.17270400888391 0 0 6.98090141846069 0 0 0 2.08748731872672 0 0 0 0 3.46019336036539 0 0 0 2.57354651865875 2.5249119844017 1.75480376270563 0 0 0 0 0 0 0 0 0 0 0 0 0 0 0 0 2.78526316313651 0 0 0 0 0 0 0 0 0 0 0 0 0 0 0 0 0 0 0 0 0 0 0 0 0 0 0 0 0 0 0 0 0 0 0 0 0 0 0 0 0 0 0 0 0 0 0 0 0 0 0 0 0 0 0 0 0 0 0 0 0 0 0 0 0 0 0 0 0 0 0 0 0 0 0 0 0 0 0 0 0 0 0 0 0 0 0 0 0 0 0 0 0 0 0 0 0 0 0 0 0 0 0 0 0 0 0 0 0 0 0 0 0 0 0 0 0 0 0 0 0 0 0 0 0 0 0 0 0 0 0 0 0 0 0 0 0 0 0 0 0 0 0 0 0 0 0 0 0 0 0 0 0 0 0 0 0 0 0 0 0 0 0 0 0
4.53745201193314 3.34763393874007 4.44958991335124 4.29982740837332 4.70196349546732 6.01925506074043 4.1034863221802 0 0 0 0 0 5.90138725049652 3.27070638986603 3.79869432012114 5.66784977409645 4.93684473188013 4.03291533675359 0 4.64615543248814 4.31957210831039 4.15648863732779 3.7330427988763 0 0 0 0 0 0 0 2.70350473873054 0 0 0 0 0 0 0 0 0 0 0 0 0 0 2.72958535365351 0 0 0 3.46944923792439 0 0 0 0 0 0 0 0 0 0 0 0 0 0 0 0 0 0 0 0 0 0 0 0 0 0 0 0 0 0 0 0 0 0 0 0 0 0 0 0 0 0 0 0 0 0 0 0 0 0 0 0 2.8465296493441 0 0 0 0 0 0 0 0 0 0 0 0 0 0 0 0 3.33693093235322 0 0 0 2.00944598107921 2.19305869363678 0 2.37221268363909 2.45381606271797 2.96534319475545 2.15041657437078 1.95172411892073 2.06055686028931 2.81890579520528 2.46254974268672 2.53951078382285 2.59179660749772 2.21483132547292 4.20174381456978 0 0 0 4.52573670313026 5.30995012318249 0 0 5.24476588527689 0 0 0 0 0 4.7530915915741 0 3.33366117467167 0 3.81666520544238 3.16922815028464 6.20844629630838 4.6179789587519 0 0 0 3.7600128901 0 0 0 2.26232983127445 0 0 0 0 0 1.82246241117944 2.07731342851234 2.33701938255829 2.33273813116473 2.27429759115113 1.65984646180869 0 0 0 0 0 0 0 0 0 0 0 0 0 0 0 0 0 0 0 0 0 0 0 0 0 0 0 0 0 0 0 0 0 0 0 0 0 0 0 0 0 0 0 0 0 0 0 0 0 0 0 0 0 0 0 0 0 0 0 0 0 0 0 0 0 0 0 0 0 0 0 0 0 0 0 0 0 0 0 0 0 0 0 0 0 0 0 0 0 0 0 0 0 0 0 0 0 0 0 0 0 0 0 0 0 0 0 0 0 0 0 0 0 0 0 0 0 0 0 0 0 0 0 0 0 0 0 0 0 0 0 0 0 0 0 0 0 0 0 0 0 0 0 0 0 0 0 0 0 0 0 0 0 0 0 0 0 0 0 0 0 0 0 0 0 0 0 0 0 0 0 0 0 0 0 0 0 0 0 0 0 0
5.14806779764169 3.74822274316917 3.33994898257068 4.4650085038637 5.17507301645366 6.42940672340905 4.11909247995863 0 0 0 0 0 4.86614677955596 2.77957953558507 0 3.44544208345991 2.80624222728142 4.12279097441772 4.64615543248814 0 5.90523208746268 4.63016141003741 4.82921129356181 0 0 0 0 0 0 0 0 0 0 0 0 0 0 0 0 0 0 0 0 0 0 0 0 0 0 0 0 0 0 0 0 0 0 0 0 0 0 0 0 0 0 0 0 0 0 0 0 0 0 0 0 0 0 0 0 0 0 0 0 0 0 0 0 0 0 0 0 0 0 0 0 0 0 0 0 0 0 0 0 0 0 0 0 0 0 0 0 0 0 0 0 0 0 0 0 2.98787838308899 0 0 0 0 0 0 0 1.92628243357487 2.29060890194733 0 0 0 2.35267017479343 2.30054219136425 2.53277856504747 2.63051756806712 0 4.46312843594083 0 0 0 3.16822679121377 3.95802340556681 0 0 3.32084283398836 0 0 0 0 0 3.17876219617767 0 0 0 5.55078192682429 3.52805976036912 5.44905113666533 5.62459446587141 0 0 0 3.66329996877633 0 0 0 0 0 0 0 0 0 0 0 0 2.1279887220065 0 0 0 0 0 0 0 0 0 0 0 0 0 0 0 0 0 0 0 0 0 0 0 0 0 0 0 0 0 0 0 0 0 0 0 0 0 0 0 0 0 0 0 0 0 0 0 0 0 0 0 0 0 0 0 0 0 0 0 0 0 0 0 0 0 0 0 0 0 0 0 0 0 0 0 0 0 0 0 0 0 0 0 0 0 0 0 0 0 0 0 0 0 0 0 0 0 0 0 0 0 0 0 0 0 0 0 0 0 0 0 0 0 0 0 0 0 0 0 0 0 0 0 0 0 0 0 0 0 0 0 0 0 0 0 0 0 0 0 0 0 0 0 0 0 0 0 0 0 0 0 0 0 0 0 0 0 0 0 0 0 0 0 0 0 0 0 0 0 0 0 0 0 0 0 0 0 0 0 0 0 0 0 0
5.29403952212203 3.98646134088734 3.37349286823428 4.7174049787521 5.52926710484321 6.62344167651971 4.28067357352001 0 0 0 0 0 4.76950209689179 2.69366146365011 0 3.39733505719704 0 4.73745079671096 4.31957210831039 5.90523208746268 0 5.90134072480269 3.99269345951276 0 0 0 0 0 0 0 0 0 0 0 0 0 0 0 0 0 0 0 0 0 0 0 0 0 0 0 0 0 0 0 0 0 0 0 0 0 0 0 0 0 0 0 0 0 0 0 0 0 0 0 0 0 0 0 0 0 0 0 0 0 0 0 0 0 0 0 0 0 0 0 0 0 0 0 0 0 0 0 2.03688192726104 0 0 0 0 0 0 0 0 0 0 0 0 0 0 0 0 3.28507113603619 3.12553649078659 0 0 0 0 0 3.15642129850471 2.19911243895034 0 1.92429830593983 2.61196874888708 2.56625671808702 2.71099371052965 3.03426593755623 3.46254203231085 3.51154543883102 0 5.46383180502561 0 0 0 3.13297700130317 4.14410607178116 0 0 3.39960881897702 0 0 0 0 0 3.15381108820602 0 3.59684621220419 0 5.80973465198243 4.39057839925054 4.97570107240766 4.31875714923962 3.31542209877305 0 0 4.26655279302049 0 0 0 2.0483509546098 0 0 0 0 0 0 0 0 2.62017264822473 2.39510846189119 1.82465900733998 0 0 0 0 0 0 0 0 0 0 0 0 0 0 0 0 0 0 0 0 0 0 0 0 0 0 0 0 0 0 0 0 0 0 0 0 0 0 0 0 0 0 0 0 0 0 0 0 0 0 0 0 0 0 0 0 0 0 0 0 0 0 0 0 0 0 0 0 0 0 0 0 0 0 0 0 0 0 0 0 0 0 0 0 0 0 0 0 0 0 0 0 0 0 0 0 0 0 0 0 0 0 0 0 0 0 0 0 0 0 0 0 0 0 0 0 0 0 0 0 0 0 0 0 0 0 0 0 0 0 0 0 0 0 0 0 0 0 0 0 0 0 0 0 0 0 0 0 0 0 0 0 0 0 0 0 0 0 0 0 0 0 0 0 0 0 0 0 0 0 0 0 0 0 0 0 0 0 0 0 0 0
5.24100888142395 0 3.25992636469856 4.93508550157814 5.7868452118994 6.77280402557661 5.43668822054236 0 0 0 0 0 4.65152785078246 2.39355687119977 0 3.17592571718045 2.67672566854041 5.61609059406767 4.15648863732779 4.63016141003741 5.90134072480269 0 0 0 0 0 0 0 0 0 0 0 0 0 0 0 0 0 0 0 0 0 0 0 0 0 0 0 0 0 0 0 0 0 0 0 0 0 0 0 0 0 0 0 0 0 0 0 0 0 0 0 0 0 0 0 0 0 0 0 0 0 0 0 0 0 0 0 0 0 0 0 0 0 0 0 0 0 0 0 0 0 0 0 0 0 0 0 0 0 0 0 0 0 0 0 0 0 0 3.30773356883513 3.13962645321406 0 0 0 0 0 3.49938940784137 1.86655557514975 0 0 2.64920970107928 2.40313815296522 2.27499713647522 2.97875218974379 3.63211112024533 3.41571730584418 0 5.35182589257203 0 0 0 2.87648132430473 3.94796781969427 0 0 3.2588811594819 0 0 0 0 0 0 0 3.99632663815219 0 4.53570344130803 0 4.66048260375237 3.55631940687905 3.70423710976826 0 0 4.6723518944996 0 0 0 1.76940256212678 0 0 0 0 0 0 0 0 2.35751123636995 2.1231166051825 0 0 0 0 0 0 0 0 0 0 0 0 0 0 0 0 0 0 0 0 0 0 0 0 0 0 0 0 0 0 0 0 0 0 0 0 0 0 0 0 0 0 0 0 0 0 0 0 0 0 0 0 0 0 0 0 0 0 0 0 0 0 0 0 0 0 0 0 0 0 0 0 0 0 0 0 0 0 0 0 0 0 0 0 0 0 0 0 0 0 0 0 0 0 0 0 0 0 0 0 0 0 0 0 0 0 0 0 0 0 0 0 0 0 0 0 0 0 0 0 0 0 0 0 0 0 0 0 0 0 0 0 0 0 0 0 0 0 0 0 0 0 0 0 0 0 0 0 0 0 0 0 0 0 0 0 0 0 0 0 0 0 0 0 0 0 0 0 0 0 0 0 0 0 0 0 0 0 0 0 0 0 0
4.35303909780063 5.59775406152731 0 0 0 4.0575653107188 0 0 0 0 0 0 3.22538520505372 0 0 0 0 3.81269114405048 3.7330427988763 4.82921129356181 3.99269345951276 0 0 0 0 0 0 0 0 0 0 0 0 0 0 0 0 0 0 0 0 0 0 0 0 0 0 0 0 0 0 0 0 0 0 0 0 0 0 0 0 0 0 0 0 0 0 0 0 0 0 0 0 0 0 0 0 0 0 0 0 0 0 0 0 0 0 0 0 0 0 0 0 0 0 0 0 0 0 0 0 0 2.48830223878914 0 0 0 0 0 0 0 0 0 0 0 0 0 0 0 0 2.92673940206704 0 0 0 0 1.85597906196235 0 0 2.33931710226278 2.85321995371647 2.29404533144591 2.29746999232728 2.35234660255311 3.24346888048701 2.75716425191415 2.86103401965355 3.20875677229933 3.28583488352749 4.69346758377095 0 0 5.29458592356993 0 4.70501552095781 0 0 3.50930921102375 0 0 0 3.58832596029566 3.73401864672149 0 0 0 0 4.97113517683392 4.45986912143782 3.91358640852673 5.94455653914221 0 0 0 3.34739467566918 0 0 0 2.28335373106616 0 0 0 0 0 0 0 0 2.57975290010129 2.51368360407565 1.73998867692049 0 0 0 0 0 0 0 0 0 0 0 0 0 0 0 0 0 0 0 0 0 0 0 0 0 0 0 0 0 0 0 0 0 0 0 0 0 0 0 0 0 0 0 0 0 0 0 0 0 0 0 0 0 0 0 0 0 0 0 0 0 0 0 0 0 0 0 0 0 0 0 0 0 0 0 0 0 0 0 0 0 0 0 0 0 0 0 0 0 0 0 0 0 0 0 0 0 0 0 0 0 0 0 0 0 0 0 0 0 0 0 0 0 0 0 0 0 0 0 0 0 0 0 0 0 0 0 0 0 0 0 0 0 0 0 0 0 0 0 0 0 0 0 0 0 0 0 0 0 0 0 0 0 0 0 0 0 0 0 0 0 0 0 0 0 0 0 0 0 0 0 0 0 0 0 0 0 0 0 0 0 0
