0 4.24421007772041 6.916016975357 9.70428554370961 8.80917468158104 7.62171498088523 5.24786510757828 0 0 0 0 0 7.14588260933497 5.88714279635776 4.3132159623311 4.76298760449277 3.81801130196631 5.18603575191877 4.3594957994045 5.32415417248265 5.49185694453248 5.54771196371397 4.39099986003985 0 0 0 0 0 0 0 4.54329478227 0 0 0 0 0 0 0 0 0 0 0 0 0 0 0 0 0 0 0 0 0 0 0 0 0 0 0 0 0 0 0 0 0 0 0 0 0 0 0 0 0 0 0 0 0 0 0 0 0 0 0 0 0 0 0 0 0 0 0 0 0 0 0 0 0 0 0 0 0 0 0 4.29459773082889 0 0 2.68232530986377 3.30748456484978 0 0 3.60168253115476 0 2.64269502005808 0 0 0 0 0 0 4.6503906562809 6.63610723697566 6.92171856150964 3.8255309740747 3.86051486519167 2.96464168648396 4.17066501861899 4.70134579206885 4.94498958428774 4.68172172025926 4.4143637546474 4.13233261294149 5.5204672270361 5.29381746122518 4.91500306697541 5.55429023957598 5.47552382267522 5.05765302135001 3.66172846504799 5.12157207020944 0 0 0 5.60151618432662 4.56940200936695 0 0 3.83350973980651 0 0 0 2.47178235298945 2.96006984803011 4.98097059055576 6.49003166803611 4.61137538366176 4.04698195004385 4.66529848617793 4.48177192462326 4.93528112451556 5.03977571853655 6.09565601234564 0 0 4.91853989598796 0 0 0 4.62186675397632 0 0 0 0 4.74437000648635 2.80315421659285 2.50037594996627 3.94494448515344 5.00385499008383 4.82872181729164 4.19904159251606 0 0 5.49059486698559 0 3.67587002722534 5.03480788875089 4.53289204051145 3.456552709594 0 0 0 0 0 0 4.31753346398189 3.79640598960313 4.09264243415157 3.03997697535175 3.19992181698453 0 0 0 0 0 0 0 0 0 0 0 0 0 3.26513606650501 0 0 0 0 0 0 0 0 0 0 0 0 0 0 0 0 0 0 2.83080949674482 0 0 0 0 0 0 0 0 0 0 0 0 0 0 0 0 0 0 0 0 0 0 0 0 0 0 0 0 0 0 0 0 0 0 0 0 0 0 0 0 0 0 0 0 0 0 0 0 0 0 0 0 0 0 0 0 0 0 0 0 0 0 0 0 0 0 0 0 0 4.72606251731354 4.15792599284157 0 0 0 0 0 0 0 0 0 0 0 0 0 0 0 0 3.0565969625904 0 0 0 4.12482757894718 3.13741487840922 0 2.85615738851245 0 0 0 0 0 2.90667799493456 3.55213591096873 0 0 0 0 0 0 0 2.6802291171782 0 0 0 0 0 0 0 0 0 0 0 0 0 0 0 0 0 0 0 0
4.24421007772041 0 0 3.51660925358113 0 3.79884668946473 0 2.72223483609417 0 0 0 0 0 0 0 0 0 3.8642323415918 0 3.54332269293648 3.62116128005899 0 4.95556353720685 0 0 0 0 0 0 0 0 0 0 0 0 0 0 0 0 0 0 0 0 0 0 0 0 0 0 0 0 0 0 0 0 0 0 0 0 0 0 0 0 0 0 0 3.00268086519309 0 0 0 0 0 2.79694943970596 0 0 0 0 0 0 0 0 0 0 0 0 0 0 0 0 0 0 0 0 0 0 0 0 0 0 0 0 0 0 0 0 0 0 0 0 0 0 0 0 0 0 0 0 0 0 3.03965150748883 0 0 0 0 0 0 0 2.2270108449178 2.84928990346256 2.42924771141269 2.49477839826715 2.60796674254523 3.87776952694961 3.21177584965771 3.11517681552116 3.61879269008399 4.49245083880642 4.94069445156081 0 4.63258019155496 4.90791678790127 0 4.94261376799894 0 3.0985896589937 3.31912123985926 0 0 3.55971170477719 4.59470747899473 4.86703720492382 0 0 0 0 4.21710385786471 5.23383326569836 3.49144425950993 4.76292950717975 0 0 0 0 0 0 0 0 0 0 0 0 0 0 0 0 2.40005743580287 2.74127881287476 0 0 0 0 0 0 0 0 0 0 0 0 0 0 0 0 0 0 0 0 0 0 0 0 0 0 0 0 0 0 0 0 0 0 0 0 0 0 0 0 0 0 0 0 0 0 0 0 0 0 0 0 0 0 0 0 0 0 0 0 0 0 0 0 0 0 0 0 0 0 0 0 0 0 0 0 0 0 0 0 0 0 0 0 0 0 0 0 0 0 0 0 0 0 0 0 0 0 0 0 0 0 0 0 0 0 0 0 0 0 0 0 0 0 0 0 0 0 0 0 0 0 0 0 0 0 0 0 0 0 0 0 0 0 0 0 0 0 0 0 0 0 0 0 0 0 0 0 0 0 0 0 0 0 0 0 0 0 0 0 0 0 0 0 0 0 0 0 0 0 0 0 0 0 0 0 0 0 0 0 0 0 0
6.916016975357 0 0 6.85463790880361 6.30759647546536 5.03259201778283 3.34055150111635 0 0 0 0 0 5.76988227636072 4.83252255486547 4.06249345210959 4.87246731877561 3.7567605967482 3.0876352950367 3.99570116902997 3.47987861873737 3.51509279976982 3.41459923774917 0 0 0 0 0 0 0 0 4.16418363642508 0 0 0 0 0 0 0 0 0 0 0 0 0 0 0 0 0 0 0 0 0 0 0 0 0 0 0 0 0 0 0 0 0 0 0 0 0 0 0 0 0 0 0 0 0 0 0 0 0 0 0 0 0 0 0 0 0 0 0 0 0 0 0 0 0 0 0 0 0 0 0 2.40129086179951 0 0 0 0 0 0 0 0 0 0 0 0 0 0 0 2.46631077706374 4.11981116865916 4.6784396142423 0 0 0 2.10006082888257 2.21073829650294 0 2.07004377922106 2.30902688506153 0 2.13966592334684 0 0 2.27114356715923 0 0 0 2.7996429045064 0 0 0 5.83879095045923 0 0 0 2.78798824605128 0 0 0 0 0 5.22437421597533 3.61303003978968 2.5400474084668 0 0 0 3.91249908256163 2.98117098843517 2.95370490433538 0 0 2.81238978762593 0 0 0 2.07304356720018 0 0 0 0 0 0 0 2.46254974268672 1.88376590867456 0 0 0 0 3.5179216559703 0 0 3.06741992356002 2.90425826364689 0 0 0 0 0 0 0 2.98237819734267 2.70668873050389 2.9343633271777 0 0 0 0 0 0 0 0 0 0 0 0 0 0 0 0 0 0 0 0 0 0 0 0 0 0 0 0 0 0 0 0 0 0 0 0 0 0 0 0 0 0 0 0 0 0 0 0 0 0 0 0 0 0 0 0 0 0 0 0 0 0 0 0 0 0 0 0 0 0 0 0 0 0 0 0 0 0 0 0 0 0 0 0 0 0 0 0 0 0 0 0 0 0 0 0 0 0 0 0 0 0 0 0 3.34595789381282 2.80005664054871 0 0 0 0 0 0 0 0 0 0 0 0 0 0 0 0 0 0 0 0 2.97146049076968 0 0 0 0 0 0 0 0 0 0 0 0 0 0 0 0 0 0 0 0 0 0 0 0 0 0 0 0 0 0 0 0 0 0 0 0 0 0
9.70428554370961 3.51660925358113 6.85463790880361 0 8.67190231586736 7.63629422682533 5.16901414601322 0 0 0 0 0 7.00718805618022 5.74791869893582 4.12866930476318 4.65742050527439 3.6965033792246 4.95841066747819 4.29115810672561 4.79359552572006 5.10001159730983 5.37019496210358 0 0 0 0 0 0 0 2.20587938206584 4.73099337516929 0 0 0 0 0 0 0 0 0 0 0 0 0 0 0 0 0 0 0 0 0 0 0 0 0 0 0 0 0 0 0 0 0 0 0 0 0 0 0 0 0 0 0 0 0 0 0 0 0 0 0 0 0 0 0 0 0 0 0 0 0 0 0 0 0 0 0 0 0 0 0 3.90211008884104 0 0 2.21148373075289 2.69389148090242 0 0 3.12059525141494 0 0 0 0 0 0 0 2.69985343389803 4.58068928567897 6.29275261634797 6.60289705898728 3.80234479189115 3.3069863707929 2.56390223694701 3.57707341851109 5.74751722977031 4.80933199747559 4.11254526686895 3.96301353289798 3.57678809823715 5.07485488683055 4.76791358008772 4.44325131651432 5.11947953046473 5.22248629899612 4.69763153745832 3.18201423156404 4.75555284277995 0 0 0 5.57984533721982 4.08357246524019 0 0 3.56482680544396 0 0 0 0 2.6797626992593 4.8789033828265 6.62462970333809 4.70369103785155 4.06518193999429 3.8176375679858 3.72495551058775 4.63022775603179 4.08104793581403 6.01525248646021 0 0 4.96761417124674 0 0 0 4.15957374615775 0 0 0 0 4.37614200722808 2.42383904438129 2.28022818589277 3.48333104671017 4.47907463568831 4.32804444380202 3.68299482666814 0 0 5.16659192239139 0 3.29810187263518 5.29712618117788 4.14653031539267 2.97302747986023 0 0 0 0 0 0 3.94908282981209 3.6162356110651 3.67991078413118 2.68627283617885 2.83121053946125 0 0 0 0 0 0 0 0 0 0 0 0 0 3.00554788798502 0 0 0 0 0 0 0 0 0 0 0 0 0 0 0 0 0 0 2.4262465086798 0 0 0 0 0 0 0 0 0 0 0 0 0 0 0 0 0 0 0 0 0 0 0 0 0 0 0 0 0 0 0 0 0 0 0 0 0 0 0 0 0 0 0 0 0 0 0 0 0 0 0 0 0 0 0 0 0 0 0 0 0 0 0 0 0 0 0 0 0 4.40887388471007 3.82419496853196 0 0 0 0 0 0 0 0 0 0 0 0 0 0 0 0 0 0 0 0 3.75524984227646 2.73644151232528 0 2.44057083596795 0 0 0 0 0 2.53897387105828 3.13431043360683 3.90416911496314 0 0 0 0 0 0 0 0 0 0 0 0 0 0 0 0 0 0 0 0 0 0 0 0 0 0 0
8.80917468158104 0 6.30759647546536 8.67190231586736 0 8.16249200290764 5.64542285947062 0 0 0 0 0 7.1901273599823 5.40220230428011 3.70866540793511 4.83954296982071 3.46902555398626 5.18224205557293 4.58016630046753 5.38413613924375 5.76058494206075 6.00288715525074 0 0 0 0 0 0 0 0 4.11143130886136 0 0 0 0 0 0 0 0 0 0 0 0 0 0 0 0 0 0 0 0 0 0 0 0 0 0 0 0 0 0 0 0 0 0 0 0 0 0 0 0 0 0 0 0 0 0 0 0 0 0 0 0 0 0 0 0 0 0 0 0 0 0 0 0 0 0 0 0 0 0 0 3.80567939141913 0 0 0 2.58181316351354 0 0 2.86491827390597 0 0 0 0 0 0 0 0 3.7919669803241 5.8581177827253 5.76246844378941 3.22902819633222 3.03900025380251 2.71031520773306 3.5823845083855 3.87169691967084 4.750888915167 3.98355233991101 3.93906891122766 3.46616098250857 4.81370413350105 4.52455758806679 4.28840720162214 4.86991257286055 5.05288212339729 4.48614913941438 3.16851299613845 4.77565897231643 2.45030112061052 0 0 5.16315198663186 3.72896648473683 0 0 2.95299518109764 0 0 0 0 2.30733569575264 4.78473852304194 5.53303988068835 4.88609478417461 3.28926454709889 4.27524788023061 3.60778744327987 5.06478844078332 4.27624085853761 5.9349481840121 0 0 5.06186282668436 0 0 0 3.97866390685145 0 0 0 0 4.11226689368006 2.51505968795869 2.38262780066758 3.58531249158712 4.26373326473748 4.13983591043189 3.47757036044673 0 0 4.61596208355142 0 3.2068307846356 4.28039122057696 3.94960711057644 2.77152523176413 0 0 0 0 0 0 3.827531641631 3.33208302563396 3.69464511363369 2.59687791924388 2.75996688390926 0 0 0 0 0 0 0 0 0 0 0 0 0 2.83700765714557 0 0 0 0 0 0 0 0 0 0 0 0 0 0 0 0 0 0 0 0 0 0 0 0 0 0 0 0 0 0 0 0 0 0 0 0 0 0 0 0 0 0 0 0 0 0 0 0 0 0 0 0 0 0 0 0 0 0 0 0 0 0 0 0 0 0 0 0 0 0 0 0 0 0 0 0 0 0 0 0 0 0 0 0 0 0 0 0 4.17223949149595 3.63346022329656 0 0 0 0 0 0 0 0 0 0 0 0 0 0 0 0 2.63100752398089 0 0 0 3.71166216369484 2.72022073672247 0 2.51698302966988 0 0 0 0 0 2.51917661431696 0 0 0 0 0 0 0 0 0 0 0 0 0 0 0 0 0 0 0 0 0 0 0 0 0 0 0 0 0
7.62171498088523 3.79884668946473 5.03259201778283 7.63629422682533 8.16249200290764 0 6.32391388248822 0 0 0 0 0 6.77331385141014 4.44297133331149 3.60594140251194 4.84747590344457 3.76191177507599 5.75565609948567 5.55783876606269 6.29210439562815 6.49742119376247 6.59425524441838 4.22085733423303 0 0 0 0 0 0 0 3.23225530683759 0 0 0 0 0 0 0 0 0 0 0 0 0 0 0 0 0 0 0 0 0 0 0 0 0 0 0 0 0 0 0 0 0 0 0 0 0 0 0 0 0 0 0 0 0 0 0 0 0 0 0 0 0 0 0 0 0 0 0 0 0 0 0 0 0 0 0 0 0 0 0 3.47746531291262 0 0 0 2.2644522232986 0 0 2.5197242594566 0 0 0 0 0 0 0 0 3.17734496238036 5.36201050494008 4.83668674886624 2.92528061260338 2.68650455903934 2.4262465086798 3.26240435748922 3.16922815028464 4.72518806190781 3.63588403165586 3.68325140139693 3.17975306610091 4.40014383550038 4.1592550379855 4.04149856522341 4.58156032034896 4.86060310575497 4.30878824769132 3.08841066919356 5.1413850437589 0 0 0 4.42141903638454 4.70146936327691 0 0 3.93309200407362 0 0 0 0 2.73335100213916 4.65315017430506 4.72068307310994 5.35391939221742 2.72111639285041 5.12163295239229 3.9664338840754 6.31338166153974 5.11662826277473 5.50286735527104 0 0 5.54866571986315 0 0 0 3.56847819798937 0 0 0 0 3.75022410476263 2.20137317842113 0 3.26435633936999 3.8880648169599 3.84098723231139 3.11018399177462 0 0 3.57029890665198 0 0 3.09274168911128 2.93237219610082 0 0 0 0 0 0 0 2.87513917090605 2.51725749104117 2.83780462869602 0 0 0 0 0 0 0 0 0 0 0 0 0 0 0 0 0 0 0 0 0 0 0 0 0 0 0 0 0 0 0 0 0 0 0 0 0 0 0 0 0 0 0 0 0 0 0 0 0 0 0 0 0 0 0 0 0 0 0 0 0 0 0 0 0 0 0 0 0 0 0 0 0 0 0 0 0 0 0 0 0 0 0 0 0 0 0 0 0 0 0 0 0 0 0 0 0 0 0 0 0 0 0 0 3.38738358816886 0 0 0 0 0 0 0 0 0 0 0 0 0 0 0 0 0 0 0 0 0 2.83000692848344 0 0 0 0 0 0 0 0 0 0 0 0 0 0 0 0 0 0 0 0 0 0 0 0 0 0 0 0 0 0 0 0 0 0 0 0 0 0
5.24786510757828 0 3.34055150111635 5.16901414601322 5.64542285947062 6.32391388248822 0 0 0 0 0 0 4.52367233847927 2.90704974215074 0 3.31591610891031 0 5.74804887054557 3.90238487073464 4.17517189135606 4.33902326608761 5.15441164649096 0 0 0 0 0 0 0 0 0 0 0 0 0 0 0 0 0 0 0 0 0 0 0 0 0 0 0 0 0 0 0 0 0 0 0 0 0 0 0 0 0 0 0 0 0 0 0 0 0 0 0 0 0 0 0 0 0 0 0 0 0 0 0 0 0 0 0 0 0 0 0 0 0 0 0 0 0 0 0 0 0 0 0 0 0 0 0 0 0 0 0 0 0 0 0 0 0 4.20133639961201 3.67982498036434 2.22149308215998 0 0 0 2.74040104235538 4.44520900706546 0 0 0 3.10653712555379 2.51862866909777 0 3.20434905166462 4.20041910861358 3.31949040247958 0 4.429966096963 0 0 0 3.1172874751318 4.14356655194072 0 0 3.46966101259693 0 0 0 0 0 3.31985942886916 3.86223234092513 5.3552537224772 0 0 0 4.50606369365318 0 4.70150025369316 0 0 5.87004608475792 0 0 0 0 0 0 0 0 2.64969058591663 0 0 0 0 0 0 0 0 0 0 0 0 0 0 0 0 0 0 0 0 0 0 0 0 0 0 0 0 0 0 0 0 0 0 0 0 0 0 0 0 0 0 0 0 0 0 0 0 0 0 0 0 0 0 0 0 0 0 0 0 0 0 0 0 0 0 0 0 0 0 0 0 0 0 0 0 0 0 0 0 0 0 0 0 0 0 0 0 0 0 0 0 0 0 0 0 0 0 0 0 0 0 0 0 0 0 0 0 0 0 0 0 0 0 0 0 0 0 0 0 0 0 0 0 0 0 0 0 0 0 0 0 0 0 0 0 0 0 0 0 0 0 0 0 0 0 0 0 0 0 0 0 0 0 0 0 0 0 0 0 0 0 0 0 0 0 0 0 0 0 0 0 0 0 0 0 0 0 0 0 0 0 0 0 0 0 0 0
0 2.72223483609417 0 0 0 0 0 0 6.72192963084107 6.31200638727033 4.98913599016273 6.30929346959249 0 6.14455781676215 3.44912333491035 0 0 0 0 0 0 0 0 0 2.96779460554358 3.36717853481304 0 2.75131818135073 2.7324662420726 0 0 0 0 0 0 6.63896394247858 5.67948745875075 4.79755993561897 5.40889384721506 7.1508801797827 4.09207441368756 5.46893521381483 5.04366647466745 5.37981897810642 4.24342898023879 0 5.17407216949968 4.03098448476893 4.05237631387613 3.45698171002958 6.78396443662319 6.49124985845156 6.97217899761179 7.41443148950129 7.38842671922068 6.4814573192013 0 0 0 0 0 0 1.73400063507586 0 0 0 4.43227346333978 2.40467495978375 0 1.98076686475994 0 0 4.34900435853186 3.78039456294971 2.83161142140688 0 2.14206496488131 5.57364021419195 3.44043989817097 4.16666522380173 2.92801409949904 2.7584587504768 2.89771434948408 2.28612381593997 2.11083143838792 2.29232859282686 0 0 0 0 0 0 0 0 3.73847913828224 5.69906615486463 4.02273651515316 0 5.23121774546276 5.69941922802847 4.44756115198948 5.00729639283074 3.07953556228111 3.65480195451839 3.72043414976768 5.19936109202924 0 3.68598411018548 3.32721150217692 0 2.30292517121531 0 3.70448829242123 3.04208993834836 3.83710884758819 5.3185700726156 5.33668737782101 0 3.87367809912025 6.37842618365159 0 0 0 0 0 0 0 0 2.83101003820744 2.78547304874962 2.26938702358445 2.17506088828211 4.25493703411684 3.20144589071217 2.71144579010335 3.40808967491982 4.29547897204452 4.04263346962501 2.81218547666394 3.46264865917026 2.87090920882125 0 3.35264528439065 4.40051954779268 4.07551764923805 2.73423498009728 5.13759753798531 5.09833048862771 5.20837033036457 4.14081046383874 4.57478110718955 0 0 0 0 0 3.36670921648927 0 0 0 0 0 0 0 0 0 4.81455971900829 5.29429568497469 2.25949294993925 0 2.26833161451551 0 0 0 2.6280641811643 1.94591014905531 2.74609282654806 0 0 0 0 0 0 0 0 0 0 6.69350067508517 4.74321518646549 4.47334773074301 0 3.64915521285111 0 5.55849452099124 0 0 0 0 0 0 0 0 0 0 0 3.15424659666902 0 0 0 0 0 0 0 0 0 4.20316846119315 3.70666256991269 3.47230441884144 2.86608061421506 5.71797828776587 4.10578678609275 2.33339797942358 4.39449114589628 4.60815891257092 2.16261904815874 0 0 0 0 0 5.09724976693303 4.21805607183397 4.75534796972736 5.27310421033507 6.00109489682047 3.78735407139855 0 0 0 0 0 0 0 0 0 0 0 0 0 0 0 0 0 0 0 0 0 0 0 0 0 0 0 0 0 0 0 0 0 0 0 0 0 0 0 4.18049105283365 0 0 0 0 0 0 0 0 0 0 0 0 0 0 0 0 0 0 0 0 0 0 0 2.4438247953544 0 0 0 0 0 0 0 0 0 0 0 0 0 0 0 0 0 0 0 0 0 0 0 0 0 0 0 0 0 0 0 0 0 0 0 0 0 0 0 0 0 0 0 0 0 0 0 0 0 0 0 0 0 0 0 0 0 0 0 0
0 0 0 0 0 0 0 6.72192963084107 0 4.09093740390049 0 4.25652896865309 0 4.63555422057936 0 0 0 0 0 0 0 0 0 0 0 2.16340121480011 0 0 0 0 0 0 0 0 0 6.24682501193686 4.52820098155334 3.79004752025456 4.92216335812138 4.84702199515295 0 3.831889590693 2.92601027334352 3.80295191037378 0 0 3.5315491213693 0 0 0 7.90361639350114 6.81062609886061 6.63833625614977 5.20439907476086 5.09383366629383 4.50842700714179 0 0 0 0 0 0 0 0 0 0 4.01085203320086 0 0 0 0 0 3.9150795539107 3.32708940950843 2.25557905061812 0 0 4.3812184850797 2.81095873351275 3.87445534699545 0 0 0 0 0 0 0 0 0 0 0 0 0 0 0 4.30181030081708 3.17890380914965 0 4.35172520981763 5.68777061250607 4.45426819171682 4.90022298694201 2.90463091131284 4.05644723604441 3.82456626026013 4.07047927170552 0 3.02671005403947 0 0 0 0 2.82578284496237 0 2.79341623432614 5.23801475920591 4.33466402249563 0 3.2936929721256 5.53942111262699 0 0 0 0 0 0 0 0 0 0 0 0 2.64800647629207 0 0 0 0 0 0 0 0 0 0 3.11321292033598 0 0 5.24983072773869 4.33386127527329 3.76285986711193 0 3.05867513454767 0 0 0 0 0 0 0 0 0 0 0 0 0 0 0 4.49780463816443 4.33283460405266 0 0 0 0 0 0 0 0 0 0 0 0 0 0 0 0 0 0 0 4.95049524873124 4.28971365944141 0 0 0 0 4.0990951649807 0 0 0 0 0 0 0 0 0 0 0 0 0 0 0 0 0 0 0 0 0 3.91981569266898 3.4465262119269 3.01309762605135 3.2215932178447 3.74300037963492 0 2.55522139853287 0 0 0 0 0 0 0 0 4.75853338382112 4.34676067619337 3.81546715213547 0 3.51397927027277 0 0 0 0 0 0 0 0 0 0 0 0 0 0 0 0 0 0 0 0 0 0 0 0 0 0 0 0 0 0 0 0 0 0 0 0 0 0 0 0 0 0 0 0 0 0 0 0 0 0 0 0 0 0 0 0 0 0 0 0 0 0 0 0 0 0 0 0 0 0 0 0 0 0 0 0 0 0 0 0 0 0 0 0 0 0 0 0 0 0 0 0 3.2168329232384 0 0 0 0 0 0 0 0 0 0 0 0 0 0 0 0 0 0 0 0 0 0 0 0 0 0 0 0 0 0 0 0
0 0 0 0 0 0 0 6.31200638727033 4.09093740390049 0 4.96172607522105 6.03298833612919 0 3.07231531430762 0 0 0 0 0 0 0 0 0 0 0 2.91942408049067 0 0 0 0 0 0 0 0 0 0 0 0 0 0 0 2.45352362230062 3.827531641631 5.15240645591581 0 0 3.45644543072248 0 0 0 4.39184224910491 3.86736714039717 4.16903545482369 6.00391226205243 4.67631946092371 5.08193238713142 0 2.87379521371039 0 0 0 0 0 0 0 0 4.93359261697494 0 0 0 0 0 4.33897887983846 2.84118468957387 0 0 0 4.61549089345116 0 3.87374878298669 0 0 0 0 0 0 0 0 0 0 0 0 0 0 2.6846492709376 6.3573705628236 5.09999086010209 0 3.41000204402731 2.57587842799373 0 0 0 0 0 3.31936736341452 0 0 2.51835458385554 0 0 0 0 0 0 0 3.75596574733031 0 0 3.69210553722434 0 0 0 0 0 0 0 0 0 0 0 0 3.13401426893711 0 0 0 3.38358283496117 3.43694530031514 0 0 0 0 2.66116298707886 3.42284349121773 3.38577291133652 0 0 2.92272259914933 4.22200558327959 3.20861932470101 3.88058147959333 0 0 0 0 0 2.78945252829179 0 0 0 0 0 0 0 0 0 0 3.08250269181018 0 0 0 0 0 0 0 0 0 0 0 0 0 0 0 0 0 0 0 3.98348900668321 0 4.37177013450669 0 3.73912628277983 0 3.07436110934012 0 0 0 0 0 0 0 0 0 0 0 3.87783992221907 0 0 0 0 0 0 0 0 0 0 0 0 0 3.71663688583557 3.89984025260151 0 4.53336724750959 4.77709204794145 0 0 0 0 0 0 0 0 0 3.86230383844062 4.41945512265647 3.56424904904849 0 0 0 0 0 0 0 0 0 0 0 0 0 0 0 0 0 0 0 0 0 0 0 0 0 0 0 0 0 0 0 0 0 0 0 0 0 0 0 4.41267459985294 3.30872896520947 0 0 0 0 0 0 0 0 0 0 0 0 0 0 0 0 0 0 0 0 0 0 0 0 0 0 0 0 0 0 0 0 0 0 0 0 0 0 0 0 0 0 0 0 0 0 0 0 0 0 0 0 0 0 0 0 0 0 0 0 0 0 0 0 0 0 0 0 0 0 0 0 0 0 0 0 0 0 0 0 0 0 0
0 0 0 0 0 0 0 4.98913599016273 0 4.96172607522105 0 5.63751911082329 0 0 0 0 0 0 0 0 0 0 0 0 0 2.95954098067535 0 0 0 0 0 0 0 0 0 0 0 0 0 0 0 0 3.60612616001824 4.12592672172655 0 0 0 0 0 0 3.3569208253456 0 0 3.67793543243462 2.85986579522162 5.02054072149185 0 0 0 0 0 0 0 0 0 0 4.41662522227513 0 0 0 0 0 4.95371694747628 3.87396080461369 2.69825178614688 0 0 5.28909126317474 4.1620667855076 5.19778267838274 3.51953455954576 3.09536211450283 3.46616098250857 0 0 0 0 0 0 0 0 0 0 0 0 4.252568567437 3.81178915962372 0 3.28213802164617 0 0 0 0 0 0 0 0 0 0 0 0 0 0 0 0 0 0 0 0 0 0 0 0 0 0 0 0 0 0 0 0 0 0 0 0 0 2.93237219610082 0 0 0 0 0 0 0 0 0 0 0 3.07984830661516 0 0 0 0 0 0 0 0 0 0 0 0 0 0 0 0 0 0 0 0 0 0 0 0 0 0 0 0 0 0 0 0 0 0 0 0 0 0 0 0 0 0 0 0 0 0 0 0 0 0 0 0 0 0 0 0 0 0 0 0 0 0 0 0 0 0 0 0 0 0 0 0 0 2.87321867866991 3.31566913434743 0 0 0 0 0 0 0 0 0 0 0 0 0 0 0 0 0 0 0 0 0 0 0 0 0 0 0 0 0 0 0 0 0 0 0 0 0 0 0 0 0 0 0 0 0 0 0 0 0 0 0 2.93671138208112 0 0 0 0 0 0 0 0 0 0 0 0 0 0 0 0 0 0 0 0 0 0 0 0 0 0 0 0 0 0 0 0 0 0 0 0 0 0 0 0 0 0 0 0 0 0 0 0 0 0 0 0 0 0 0 0 0 0 0 0 0 0 0 0 0 0 0 0 0 0 0 0 0 0 0 0 0 0 0 0 0 0 0 0
0 0 0 0 0 0 0 6.30929346959249 4.25652896865309 6.03298833612919 5.63751911082329 0 0 2.68650455903934 0 0 0 0 0 0 0 0 0 0 0 3.42870666416211 0 0 0 0 0 0 0 0 0 0 0 0 0 0 0 0 4.22628739216149 4.95592286598457 0 0 3.40300979720133 0 0 0 4.49685747107018 3.8738901357327 4.33653459712917 5.04837226270502 4.05874088247589 5.71977633719967 0 2.88183199634803 0 0 0 0 0 0 0 0 5.3550930540964 0 0 0 0 0 5.65406330766868 4.12466260328071 2.96095067253875 0 2.43313585748043 5.53419581033225 4.44064845189535 5.27491643638342 3.73718359154233 3.33946670621699 3.81516741440374 2.90742135122228 2.83660893305735 0 0 0 0 0 0 0 0 0 2.52136539768053 5.56032835040892 5.01131533492491 0 3.86166017669839 2.82558125238029 0 0 0 0 0 3.39631017525344 0 2.97996232041269 2.93164716434892 0 0 0 2.9153777258802 3.19505698009139 2.78021264735044 3.1810256007371 4.00912502358146 0 0 3.62506629342162 0 0 0 0 0 0 0 0 0 0 0 0 4.02959437847394 3.00014429496519 0 3.28315921142089 4.17788715593483 3.81299162482197 0 3.3099718189613 0 0 0 3.59880215750247 3.13208705760754 0 0 3.57897347608444 4.50853940668482 3.57849880004192 3.88897020407471 0 0 0 0 0 3.1581576612619 0 0 0 0 0 0 0 0 0 0 0 0 0 2.73467667621753 0 0 0 0 0 0 0 0 0 0 0 0 0 0 0 0 3.36200387902302 0 4.09932082220833 0 0 0 0 0 0 0 0 0 0 0 0 0 0 0 3.91426538736867 0 0 0 0 0 0 0 0 0 0 0 0 0 3.08949518397954 3.4225105832637 0 4.28999339276413 4.6141097010269 0 0 0 0 0 0 0 0 0 0 3.88163392662961 0 0 2.5352073882628 0 0 0 0 0 0 0 0 0 0 0 0 0 0 0 0 0 0 0 0 0 0 0 0 0 0 0 0 0 0 0 0 0 0 0 0 0 4.24723108084634 3.49537313139587 0 0 0 0 0 0 0 0 0 0 0 0 0 0 0 0 0 0 0 0 0 0 0 0 0 0 0 0 0 0 0 0 0 0 0 0 0 0 0 0 0 0 0 0 0 0 0 0 0 0 0 0 0 0 0 0 0 0 0 0 0 0 0 0 0 0 0 0 0 0 0 0 0 0 0 0 0 0 0 0 0 0 0
7.14588260933497 0 5.76988227636072 7.00718805618022 7.1901273599823 6.77331385141014 4.52367233847927 0 0 0 0 0 0 4.88717289604329 3.73872186654914 5.36354123951308 4.19633204866874 4.27155101834929 5.25082992489561 5.00209553254812 4.95853011753029 4.81978769778695 3.33934610077754 0 0 0 0 0 0 0 3.73043587275631 0 0 0 0 0 0 0 0 0 0 0 0 0 0 2.33701938255829 0 0 0 0 0 0 0 0 0 0 0 0 0 0 0 0 0 0 0 0 0 0 0 0 0 0 0 0 0 0 0 0 0 0 0 0 0 0 0 0 0 0 0 0 0 0 0 0 0 0 0 0 0 0 0 0 3.32769972383925 0 0 0 0 0 0 0 0 0 0 0 0 0 0 0 2.78337220764081 4.80402104473326 4.51875232485534 0 0 2.69870966161275 3.26980170482856 2.1368597479235 2.83979428315264 3.27701637152611 3.53730481851317 2.7545702167371 3.32329712409012 3.21259765493612 3.51691226858269 3.41638754715613 3.14623198181937 2.97806002844258 2.71212352648985 3.98904703273883 0 0 0 4.96801652383137 3.87459659990903 0 0 2.93092160654455 0 0 0 0 2.10794305181205 5.20926308792861 3.16536022769144 3.24850067076463 0 3.79678774185056 3.0565969625904 5.15260322109688 4.3455267066216 3.18017742426556 0 0 3.88338554732619 0 0 0 3.13623336889354 0 0 0 0 2.40743527437185 2.36871673219997 2.46167979917818 3.49516673304632 3.20061486573359 3.15945795762369 2.48801971300678 0 0 3.92244470089056 0 2.73974220846749 3.50216048776927 3.37686751506288 0 0 0 0 0 0 0 3.37547249042372 2.96200663884595 3.43179036704627 0 2.47264355585594 0 0 0 0 0 0 0 0 0 0 0 0 0 2.52273095845534 0 0 0 0 0 0 0 0 0 0 0 0 0 0 0 0 0 0 0 0 0 0 0 0 0 0 0 0 0 0 0 0 0 0 0 0 0 0 0 0 0 0 0 0 0 0 0 0 0 0 0 0 0 0 0 0 0 0 0 0 0 0 0 0 0 0 0 0 0 0 0 0 0 0 0 0 0 0 0 0 0 0 0 0 0 0 0 0 3.62778171869623 3.12029499619575 0 0 0 0 0 0 0 0 0 0 0 0 0 0 0 0 0 0 0 0 3.35478533989769 2.40559591149888 0 0 0 0 0 0 0 0 0 0 0 0 0 0 0 0 0 0 0 0 0 0 0 0 0 0 0 0 0 0 0 0 0 0 0 0 0
5.88714279635776 0 4.83252255486547 5.74791869893582 5.40220230428011 4.44297133331149 2.90704974215074 6.14455781676215 4.63555422057936 3.07231531430762 0 2.68650455903934 4.88717289604329 0 6.13114514929254 3.5185267997104 3.94842709208367 3.70264481946745 3.17037133417593 3.03230033495777 3.01710096751148 2.82194561920987 0 2.99675216145474 3.78704578623233 3.60843275328153 5.46045356975422 3.56809446813048 4.78876644021405 5.8580497657599 6.6079960350554 5.4097613809625 5.83854326998559 5.93842429265778 5.6216571008722 4.39964266609463 5.40065290340408 6.1751811054913 4.4418906631909 6.08736206212757 5.08239681610325 4.60968379384097 4.81154812625316 4.26056976691634 5.17063859038514 4.28006170801719 3.92493251525152 3.67750549132993 4.10629105841048 4.18272499406973 4.848623105598 4.72865124275911 4.03279476766736 4.0446015632974 5.68296640883456 2.49365511817151 4.42777524895914 5.55274862558325 4.01423571479524 3.88980521908391 4.18676456660419 3.93900269702469 3.88429517898812 3.46435314450888 2.8004702054843 0 0 2.65544323840608 4.4845003344242 3.45386727911718 2.96919271831938 4.10729884081479 1.9732303241417 2.54753007298947 2.33504569770707 0 2.43938494789538 2.45790127411874 0 0 0 0 0 2.42684747023634 2.20250163443706 3.14769397038387 3.39482793337668 3.01443385474524 2.40743527437185 2.63247595302596 1.99520923086047 2.79341623432614 3.40334925972227 0 3.32084283398836 3.68802875223362 0 0 0 2.36998940179586 2.66401063969138 0 3.00571628067718 3.5637673302666 3.62967813864419 2.26409880396289 0 2.43908825600773 0 2.43671154662988 0 0 0 0 0 3.3808095491532 3.82352629582232 2.52327666106097 4.50101831226619 5.44044267782236 6.07615889946441 3.12104546527413 0 3.05563634772306 2.96077456969423 4.43779755956311 2.58566475384437 2.58284170564587 3.24664979768204 2.7326875054876 3.074832622119 2.88923732782555 4.05125241916731 3.61550381447189 3.17094243641875 3.72470941731715 3.47788543685536 4.30208667115509 3.00082134306146 0 0 5.7022279790719 3.87805107829939 3.60233179148458 4.34724503365864 4.00181396251534 3.21696924659762 4.75288621360457 4.89323483830808 3.48968159639608 4.32223871629491 4.32804444380202 3.20834437281586 2.72312869090228 2.68812511732895 2.56990826100722 3.33644719791399 3.39288629608117 2.96534319475545 2.86530587081005 5.30403229769286 4.99684449148708 3.38300570099236 3.36764763298043 0 3.58568967216679 2.95104084095352 0 0 2.96831912692985 1.98123601794705 2.34259042760774 2.79195774880872 3.18003599155194 3.68153965842505 2.60946937242976 3.04985319907497 0 3.99938579458819 4.65035814599952 4.10824970365456 0 3.18173186533317 4.03146754739531 3.59423231975251 2.60671282388563 0 5.17007806850528 3.68478946886241 2.6895120801033 0 0 3.57192515659187 6.0722761898444 4.41896354098257 2.56573397892195 3.02802822855889 0 0 0 0 0 0 0 0 0 3.89549256968944 0 3.31232899392531 3.57631238346675 3.59749861914284 0 0 0 0 3.56415272385456 3.77463579217089 3.72125773736159 3.40006295159154 4.536541679599 3.3009886019696 3.65048153162726 3.26305544156717 3.34667654278374 3.97419904422309 2.99283692962553 3.35109683550761 2.92418512226194 2.9001499478778 3.18722367664344 4.08877351717264 3.95698336387139 3.3918568421727 3.51397927027277 4.53084240945938 0 0 0 0 0 0 0 0 0 0 0 0 0 0 0 0 0 0 0 0 0 0 0 0 0 0 0 0 0 0 0 0 0 0 0 0 0 0 0 0 0 0 0 0 0 0 0 0 0 0 0 0 0 0 0 0 0 0 0 0 2.36871673219997 3.16104491604662 0 0 3.89216731549968 3.44120271627585 0 0 0 0 0 0 0 1.94152738090022 0 0 0 2.97267947220055 2.4040605204403 0 0 2.50538709631019 2.83780462869602 0 0 0 3.96087795531883 2.89564881499701 2.46659950234364 3.08577194046029 2.31542744590527 0 3.24054412434733 3.75118333745009 2.49842036895472 3.23827821201495 3.01409996492578 0 0 0 0 0 0 0 0 2.73776309842072 2.71437933615386 0 0 0 0 0 0 0 0 0 0 0 0 2.30665841838168 0 0 0 0 0
4.3132159623311 0 4.06249345210959 4.12866930476318 3.70866540793511 3.60594140251194 0 3.44912333491035 0 0 0 0 3.73872186654914 6.13114514929254 0 3.62343349189776 4.74490255087763 3.56588515932155 3.58719697344133 0 2.76404896069165 0 0 3.18638074318527 2.82558125238029 3.39972237146678 4.70301271636284 2.80829561609327 5.58142265495311 6.24992927687141 6.60797767388193 3.37953588488098 5.16822030309434 4.224049197698 4.34706893081413 0 3.94481282825114 4.75672274142469 0 3.33135380829489 3.43453566059498 0 3.56347818757266 3.7312512674525 5.08227017504605 5.35991790256148 0 3.65003962079767 4.63999874550093 4.93479199540018 0 0 0 0 3.40210400003795 0 2.97180892282896 2.66377364478566 2.63247595302596 3.20655534048016 0 2.17390101960385 2.85732995069487 0 0 0 2.52273095845534 2.63491855316566 2.84257316544903 2.82679019872943 0 0 0 2.12474328305237 0 0 0 0 0 0 0 0 0 0 0 2.74478221037094 2.57042882322616 0 0 0 0 0 0 0 0 3.61257126105061 0 0 0 0 0 0 3.41582904393022 3.12493885144414 0 0 0 0 0 0 0 0 0 0 0 0 0 0 3.46955513086672 4.75035955009862 4.86099822212188 0 0 3.09766856589818 3.01826559620979 3.41134975312617 2.48348841100256 2.68232530986377 3.14710943142232 2.47120780542984 2.83201214271058 2.65305032029846 3.71149591265539 3.23707652951505 2.92637490415887 3.43409691977408 3.10821025698068 4.1692984673709 0 0 0 6.04804739851825 4.22275373164736 0 4.33153860136863 4.39583393490254 0 3.31653327858984 4.18950012277602 0 4.28039122057696 4.2940871833717 0 0 0 0 3.13460651058901 3.55096529333432 2.98478825187467 0 5.39548111500168 3.94921392577452 3.28761469584579 0 0 0 3.08732497695818 0 0 0 0 0 2.98134353610189 3.43124040278009 3.61431350164536 2.51285704389635 2.77661970255744 1.87597972866902 2.4473625348932 0 3.63372982563474 0 2.75781171066127 3.23480273732293 3.23480273732293 0 0 0 0 0 0 0 3.39960881897702 3.87805107829939 4.61613031193868 2.43730625375416 3.2121868367174 0 0 0 0 0 0 0 0 0 3.20255285083627 0 3.43035983035115 3.48833157801772 3.31369113889477 0 0 0 0 0 2.00670625333809 0 0 0 0 3.02901572041004 0 0 3.63507674812096 3.41056381023499 3.02835750087007 3.21533213845572 3.05611677050434 3.69911599711961 0 2.60821733771005 0 0 0 0 0 0 0 0 0 0 0 0 0 0 0 0 0 0 0 0 0 0 0 0 0 0 0 0 0 0 0 0 0 0 0 0 0 0 0 0 0 0 2.62387955967326 0 0 0 0 0 0 0 0 0 0 0 0 0 0 0 0 0 0 0 0 0 2.6397859270974 0 0 3.98967667638134 2.78861605814682 0 0 0 0 0 0 0 0 0 0 0 3.07215777196779 2.69158892404814 0 2.75888987788162 2.72891935296289 3.29268248827051 0 0 0 3.8586509317536 3.06567707276632 0 3.60186807712431 2.42082154058293 0 0 3.30374204551144 2.44853900561713 3.62551937666076 3.03932593366209 0 0 0 0 0 0 0 0 0 0 0 0 0 0 0 0 0 0 0 0 0 0 0 0 0 0 0 0
4.76298760449277 0 4.87246731877561 4.65742050527439 4.83954296982071 4.84747590344457 3.31591610891031 0 0 0 0 0 5.36354123951308 3.5185267997104 3.62343349189776 0 5.24266442156202 3.30736003960213 5.11272516088596 3.62307028477491 3.60741850765496 3.39676580802131 0 0 0 0 0 0 0 0 2.74105944246695 0 0 0 0 0 0 0 0 0 0 0 0 0 0 2.93995345984888 0 0 0 3.39128446507505 0 0 0 0 0 0 0 0 0 0 0 0 0 0 0 0 0 0 0 0 0 0 0 0 0 0 0 0 0 0 0 0 0 0 0 0 0 0 0 0 0 0 0 0 0 0 0 0 0 0 0 0 2.40804764426239 0 0 0 0 0 0 0 0 0 0 0 0 0 0 0 0 3.45279108443733 2.82779653875599 0 0 0 0 0 0 2.06055686028931 2.45702727551977 0 0 0 2.44824501766851 2.16885931801883 0 0 0 3.17833723689653 0 0 0 4.88814733005121 3.69117274088789 0 0 3.18539642193586 0 0 0 0 0 5.32272787530573 0 0 0 2.84613470463123 0 4.35321415250567 3.52746035975177 0 0 0 3.06234135368567 0 0 0 2.04922776308334 0 0 0 0 0 0 0 2.50677463642458 0 0 0 0 0 0 0 0 0 0 0 0 0 0 0 0 0 0 0 0 0 0 0 0 0 0 0 0 0 0 0 0 0 0 0 0 0 0 0 0 0 0 0 0 0 0 0 0 0 0 0 0 0 0 0 0 0 0 0 0 0 0 0 0 0 0 0 0 0 0 0 0 0 0 0 0 0 0 0 0 0 0 0 0 0 0 0 0 0 0 0 0 0 0 0 0 0 0 0 0 0 0 0 0 0 0 0 0 0 0 0 0 0 0 0 0 0 0 0 0 0 0 0 0 2.13203076469651 0 0 0 0 0 0 0 0 0 0 0 0 0 0 0 0 0 0 0 0 0 0 0 0 0 0 0 0 0 0 0 0 0 0 0 0 0 0 0 0 0 0 0 0 0 0 0 0 0 0 0 0 0 0 0 0 0 0 0 0
3.81801130196631 0 3.7567605967482 3.6965033792246 3.46902555398626 3.76191177507599 0 0 0 0 0 0 4.19633204866874 3.94842709208367 4.74490255087763 5.24266442156202 0 3.28277638745144 4.38381075646738 0 2.90145897097262 0 0 0 0 0 0 0 3.19992181698453 0 3.54518974010587 0 0 0 0 0 0 0 0 0 0 0 0 2.71663006859174 3.47683479586778 4.81549726216259 0 3.61128555970719 4.18588553658301 5.48154554171778 0 0 0 0 0 0 0 0 0 0 0 0 0 0 0 0 0 0 0 0 0 0 0 0 0 0 0 0 0 0 0 0 0 0 0 0 0 0 0 0 0 0 0 0 0 3.03720711614705 0 0 0 0 0 0 2.69893852075095 0 0 0 0 0 0 0 0 0 0 0 0 0 0 0 0 3.71812448941568 3.00605298101706 0 0 2.30224489908024 2.35493225363813 0 0 2.1231166051825 2.59510239563222 0 0 0 2.80768004205105 2.40620940845064 0 2.43908825600773 0 3.53957810834812 0 0 0 5.60712671876847 4.51622744604481 0 3.72552949281006 4.6216994879393 0 0 2.9508629841278 0 3.76530495252773 5.27195243804922 0 0 0 0 0 4.00758052631709 3.36975585582734 0 0 0 3.00268086519309 0 0 0 2.29164107131473 0 0 0 0 0 2.04966587919111 2.56625671808702 2.79070592306628 0 0 0 0 0 2.43134320686591 0 0 0 0 0 0 0 0 0 0 0 0 2.14246424618028 2.91574625361608 0 0 0 0 0 0 0 0 0 0 0 0 0 0 0 0 0 0 0 0 0 0 0 0 0 0 0 0 0 0 0 0 0 0 0 0 0 0 0 0 0 0 0 0 0 0 0 0 0 0 0 0 0 0 0 0 0 0 0 0 0 0 0 0 0 0 0 0 0 0 0 0 0 0 0 0 0 0 0 0 0 0 0 0 0 0 0 0 0 0 0 0 0 0 0 0 0 0 0 0 0 0 0 0 2.51285704389635 0 0 0 0 0 0 0 0 0 0 0 0 0 0 0 0 0 0 0 0 0 2.47178235298945 0 0 0 0 0 0 0 0 0 0 0 0 0 0 0 0 0 0 0 0 0 0 0 0 0 0 0 0 0 0 0 0 0 0 0 0 0 0
5.18603575191877 3.8642323415918 3.0876352950367 4.95841066747819 5.18224205557293 5.75565609948567 5.74804887054557 0 0 0 0 0 4.27155101834929 3.70264481946745 3.56588515932155 3.30736003960213 3.28277638745144 0 4.0400033049191 4.41920936202609 5.02188694889344 5.47543834893697 3.96688475523051 0 0 0 0 0 0 0 2.93689177353106 0 0 0 0 0 0 0 0 0 0 0 0 0 0 0 0 0 0 2.73335100213916 0 0 0 0 0 0 0 0 0 0 0 0 0 0 0 0 3.46626722420854 0 0 0 0 0 0 0 0 0 0 0 0 0 0 0 0 0 0 0 0 0 0 0 0 0 0 0 0 0 0 0 0 0 0 0 0 0 0 0 0 0 0 0 0 0 0 0 0 0 0 0 3.01543485582983 5.33506576912502 3.84790163083295 3.58399123809177 0 0 0 3.62470367896747 5.97755878479205 2.00350038844445 0 0 4.13701518710788 3.27031876792178 3.59880215750247 4.38660796108844 6.3383176043252 5.74020842616507 0 6.2851236196133 0 0 3.61997768634863 3.45944489735263 5.17172008913868 0 2.95848240612343 4.16613774198762 0 0 3.31455699336163 3.69591248738281 4.49663001741289 3.3979039825125 3.81875835115688 4.85542585292076 4.17986673566026 4.43920394478276 4.51607872504513 4.67565400894637 4.65654851077406 5.39916260161106 0 0 6.55763798965941 0 0 0 2.33174754168304 0 0 0 0 3.91460470398826 0 0 0 2.65902191334551 2.69251058309956 0 0 0 0 0 0 0 0 0 0 0 0 0 0 0 0 0 0 0 0 0 0 0 0 0 0 0 0 0 0 0 0 0 0 0 0 0 0 0 0 0 0 0 0 0 0 0 0 0 0 0 0 0 0 0 0 0 0 0 0 0 0 0 0 0 0 0 0 0 0 0 0 0 0 0 0 0 0 0 0 0 0 0 0 0 0 0 0 0 0 0 0 0 0 0 0 0 0 0 0 0 0 0 0 0 0 0 0 0 0 0 0 0 0 0 0 0 0 0 0 0 0 2.46225984559816 0 0 0 0 0 0 0 0 0 0 0 0 0 0 0 0 0 0 0 0 0 0 0 0 0 0 0 0 0 0 0 0 0 0 0 0 0 0 0 0 0 0 0 0 0 0 0 0 0 0 0 0 0 0 0 0 0 0 0 0
4.3594957994045 0 3.99570116902997 4.29115810672561 4.58016630046753 5.55783876606269 3.90238487073464 0 0 0 0 0 5.25082992489561 3.17037133417593 3.58719697344133 5.11272516088596 4.38381075646738 4.0400033049191 0 4.51488816013034 4.26119367210299 4.05148913357248 3.33244743499117 0 0 0 0 0 0 0 0 0 0 0 0 0 0 0 0 0 0 0 0 0 0 2.80706408884402 0 0 0 3.28824957619217 0 0 0 0 0 0 0 0 0 0 0 0 0 0 0 0 0 0 0 0 0 0 0 0 0 0 0 0 0 0 0 0 0 0 0 0 0 0 0 0 0 0 0 0 0 0 0 0 0 0 0 0 2.06617363893576 0 0 0 0 0 0 0 0 0 0 0 0 0 0 0 0 3.29318785783275 0 0 0 0 2.0588222544771 0 2.26692266747017 2.01535643247477 2.39200286933304 0 0 1.88634788790397 2.55337028072277 2.29060890194733 2.43849460802354 2.2484233850227 0 3.77736366884786 0 0 0 4.24723108084634 4.77221118840975 0 0 4.55452115233366 0 0 0 0 0 4.56062101607591 0 2.91832215200451 0 3.60242450855849 2.86608061421506 5.58605045810648 4.37331533182676 0 0 0 3.61797148469089 0 0 0 0 0 0 0 0 0 0 0 2.35686711396443 1.90068505105038 0 0 0 0 0 0 0 0 0 0 0 0 0 0 0 0 0 0 0 0 0 0 0 0 0 0 0 0 0 0 0 0 0 0 0 0 0 0 0 0 0 0 0 0 0 0 0 0 0 0 0 0 0 0 0 0 0 0 0 0 0 0 0 0 0 0 0 0 0 0 0 0 0 0 0 0 0 0 0 0 0 0 0 0 0 0 0 0 0 0 0 0 0 0 0 0 0 0 0 0 0 0 0 0 0 0 0 0 0 0 0 0 0 0 0 0 0 0 0 0 0 0 0 0 0 0 0 0 0 0 0 0 0 0 0 0 0 0 0 0 0 0 0 0 0 0 0 0 0 0 0 0 0 0 0 0 0 0 0 0 0 0 0 0 0 0 0 0 0 0 0 0 0 0 0 0 0 0 0 0 0 0 0 0
5.32415417248265 3.54332269293648 3.47987861873737 4.79359552572006 5.38413613924375 6.29210439562815 4.17517189135606 0 0 0 0 0 5.00209553254812 3.03230033495777 0 3.62307028477491 0 4.41920936202609 4.51488816013034 0 5.51373043424922 4.70421488040263 0 0 0 0 0 0 0 0 0 0 0 0 0 0 0 0 0 0 0 0 0 0 0 0 0 0 0 0 0 0 0 0 0 0 0 0 0 0 0 0 0 0 0 0 0 0 0 0 0 0 0 0 0 0 0 0 0 0 0 0 0 0 0 0 0 0 0 0 0 0 0 0 0 0 0 0 0 0 0 0 0 0 0 0 0 0 0 0 0 0 0 0 0 0 0 0 0 3.37069141898761 0 0 0 0 0 0 2.51009689861656 0 0 0 2.24698608689528 2.17080144331368 2.57872117444877 2.53763032658639 2.79653441583614 2.73930274460631 0 4.29111154420378 0 0 0 3.2776580141532 4.0936640586232 0 0 3.44294411854439 0 0 0 0 0 3.48801977632107 0 0 0 5.11428005297058 0 5.30039004699309 5.23814119858291 0 0 0 3.84506887063104 0 0 0 0 0 0 0 0 0 0 0 0 2.09421285900015 2.10711626383606 0 0 0 0 0 0 0 0 0 0 0 0 0 0 0 0 0 0 0 0 0 0 0 0 0 0 0 0 0 0 0 0 0 0 0 0 0 0 0 0 0 0 0 0 0 0 0 0 0 0 0 0 0 0 0 0 0 0 0 0 0 0 0 0 0 0 0 0 0 0 0 0 0 0 0 0 0 0 0 0 0 0 0 0 0 0 0 0 0 0 0 0 0 0 0 0 0 0 0 0 0 0 0 0 0 0 0 0 0 0 0 0 0 0 0 0 0 0 0 0 0 0 0 0 0 0 0 0 0 0 0 0 0 0 0 0 0 0 0 0 0 0 0 0 0 0 0 0 0 0 0 0 0 0 0 0 0 0 0 0 0 0 0 0 0 0 0 0 0 0 0 0 0 0 0 0 0 0 0 0 0 0 0
5.49185694453248 3.62116128005899 3.51509279976982 5.10001159730983 5.76058494206075 6.49742119376247 4.33902326608761 0 0 0 0 0 4.95853011753029 3.01710096751148 2.76404896069165 3.60741850765496 2.90145897097262 5.02188694889344 4.26119367210299 5.51373043424922 0 5.44347731326994 3.91893781841873 0 0 0 0 0 0 0 0 0 0 0 0 0 0 0 0 0 0 0 0 0 0 0 0 0 0 0 0 0 0 0 0 0 0 0 0 0 0 0 0 0 0 0 0 0 0 0 0 0 0 0 0 0 0 0 0 0 0 0 0 0 0 0 0 0 0 0 0 0 0 0 0 0 0 0 0 0 0 0 0 0 0 0 0 0 0 0 0 0 0 0 0 0 0 0 0 3.75038404078856 0 0 0 0 0 0 3.37523979699626 0 0 0 3.06963371320544 2.87590633626781 2.98099841099061 3.32439959250582 3.72618506933112 3.59628666728611 0 5.05492338360662 0 0 0 3.28532578335104 4.44201079533641 0 0 3.57135148796538 0 0 0 0 0 3.54969557592 0 3.49908103553076 0 5.17780100692612 4.16317869095136 5.12790421424678 4.55233614206164 3.41661086113651 0 0 4.47640874016565 0 0 0 2.25450895955827 0 0 0 0 2.38638838172116 0 0 0 2.60595971728546 2.57846307662826 0 0 0 0 0 0 0 0 0 0 0 0 0 0 0 0 0 0 0 0 0 0 0 0 0 0 0 0 0 0 0 0 0 0 0 0 0 0 0 0 0 0 0 0 0 0 0 0 0 0 0 0 0 0 0 0 0 0 0 0 0 0 0 0 0 0 0 0 0 0 0 0 0 0 0 0 0 0 0 0 0 0 0 0 0 0 0 0 0 0 0 0 0 0 0 0 0 0 0 0 0 0 0 0 0 0 0 0 0 0 0 0 0 0 0 0 0 0 0 0 0 0 0 0 0 0 0 0 0 0 0 0 0 0 0 0 0 0 0 0 0 0 0 0 0 0 0 0 0 0 0 0 0 0 0 0 0 0 0 0 0 0 0 0 0 0 0 0 0 0 0 0 0 0 0 0 0 0 0 0 0 0 0
5.54771196371397 0 3.41459923774917 5.37019496210358 6.00288715525074 6.59425524441838 5.15441164649096 0 0 0 0 0 4.81978769778695 2.82194561920987 0 3.39676580802131 0 5.47543834893697 4.05148913357248 4.70421488040263 5.44347731326994 0 0 0 0 0 0 0 0 0 0 0 0 0 0 0 0 0 0 0 0 0 0 0 0 0 0 0 0 0 0 0 0 0 0 0 0 0 0 0 0 0 0 0 0 0 0 0 0 0 0 0 0 0 0 0 0 0 0 0 0 0 0 0 0 0 0 0 0 0 0 0 0 0 0 0 0 0 0 0 0 0 0 0 0 0 0 0 0 0 0 0 0 0 0 0 0 0 0 3.77197871027002 3.45139029761272 0 0 0 0 0 3.70004141677931 0 0 0 3.04920855763444 2.72891935296289 2.54753007298947 3.22781533990701 3.91974819123455 3.48937021541894 0 4.86178798681306 0 0 0 3.06694490177926 4.16835129828304 0 0 0 0 0 0 0 0 3.34415900863623 0 3.90190395285928 0 4.367422207986 0 4.79865370544742 3.97445471696338 3.94382484858902 0 0 4.8117694692527 0 0 0 0 0 0 0 0 0 0 0 0 2.32876987198911 2.26515868747493 0 0 0 0 0 0 0 0 0 0 0 0 0 0 0 0 0 0 0 0 0 0 0 0 0 0 0 0 0 0 0 0 0 0 0 0 0 0 0 0 0 0 0 0 0 0 0 0 0 0 0 0 0 0 0 0 0 0 0 0 0 0 0 0 0 0 0 0 0 0 0 0 0 0 0 0 0 0 0 0 0 0 0 0 0 0 0 0 0 0 0 0 0 0 0 0 0 0 0 0 0 0 0 0 0 0 0 0 0 0 0 0 0 0 0 0 0 0 0 0 0 0 0 0 0 0 0 0 0 0 0 0 0 0 0 0 0 0 0 0 0 0 0 0 0 0 0 0 0 0 0 0 0 0 0 0 0 0 0 0 0 0 0 0 0 0 0 0 0 0 0 0 0 0 0 0 0 0 0 0 0 0 0
4.39099986003985 4.95556353720685 0 0 0 4.22085733423303 0 0 0 0 0 0 3.33934610077754 0 0 0 0 3.96688475523051 3.33244743499117 0 3.91893781841873 0 0 0 0 0 0 0 0 0 0 0 0 0 0 0 0 0 0 0 0 0 0 0 0 0 0 0 0 0 0 0 0 0 0 0 0 0 0 0 0 0 0 0 0 0 0 0 0 0 0 0 0 0 0 0 0 0 0 0 0 0 0 0 0 0 0 0 0 0 0 0 0 0 0 0 0 0 0 0 0 0 0 0 0 0 0 0 0 0 0 0 0 0 0 0 0 0 0 3.11562947490271 0 0 0 0 0 0 0 2.2512917986065 2.76982129098978 0 2.42263313528128 2.45410841763892 3.38657857403764 2.90257962854228 2.92418512226194 3.2417416496052 3.56703845113607 4.56971922911478 0 0 4.73992107282243 0 4.63601605340409 0 0 3.45494231684703 0 0 0 0 3.93959846707508 0 0 0 0 4.34455608976256 4.26988771750247 3.88883096709314 5.2699423871212 0 0 0 3.43332865984495 0 0 0 2.20250163443706 0 0 0 0 0 0 0 0 2.40957693038396 2.5897568311658 0 0 0 0 0 0 0 0 0 0 0 0 0 0 0 0 0 0 0 0 0 0 0 0 0 0 0 0 0 0 0 0 0 0 0 0 0 0 0 0 0 0 0 0 0 0 0 0 0 0 0 0 0 0 0 0 0 0 0 0 0 0 0 0 0 0 0 0 0 0 0 0 0 0 0 0 0 0 0 0 0 0 0 0 0 0 0 0 0 0 0 0 0 0 0 0 0 0 0 0 0 0 0 0 0 0 0 0 0 0 0 0 0 0 0 0 0 0 0 0 0 0 0 0 0 0 0 0 0 0 0 0 0 0 0 0 0 0 0 0 0 0 0 0 0 0 0 0 0 0 0 0 0 0 0 0 0 0 0 0 0 0 0 0 0 0 0 0 0 0 0 0 0 0 0 0 0 0 0 0 0 0 0
