0 2.95299518109764 5.53689226030088 8.42645093011536 8.04077666246179 6.4804096720114 2.7593208194957 1.15052897147516 0 0 0 0 6.25131387783872 5.17088975686153 3.31862881094373 1.91582156607713 0 2.18122423598978 3.40199071768155 2.85341605137374 2.29541660351543 2.9775405928842 0 0 0 0 0 0 0 1.68728039919803 5.30541794798723 0 2.57042882322616 0 2.229209453352 0 0 0 0 0 0 0 0 0 0 0 0 0 0 0 0 0 0 0 0 0 0 0.971860583028966 0 0 0 0 0 0 1.31035320788451 2.427448070855 0 0 0 0 0 0.682890680392756 0 0.790310929013593 5.31985251909934 5.55579004251467 5.71680390264513 0 0 0 0.854560056428988 3.19908952396936 0 0 0 2.41536698160466 1.57201150691498 2.44441528843326 4.17323537699902 4.8535172530412 5.87528418057271 3.34427903504218 2.5014917101936 2.17157723854266 0 0 0 0 0 0 0 0 6.08120109067574 0 0 2.38388289967138 2.15002045632242 3.07026532541656 0 1.28244441976743 4.252568567437 1.70598418633895 0 0 0 0 0 3.03328361920612 4.45414952317769 7.59643159575461 7.60814994249927 4.18396967839182 3.808399453542 0 1.22717102062325 4.6811229084101 4.35198812555465 3.25822735102448 3.1326804413959 3.76837256023475 5.05704707876616 3.70799824086842 0 4.12992837157792 5.51337388400614 3.03737026159158 0 2.60495469207524 2.04878945494571 1.8091805335837 1.15267950993839 4.08477511120595 0 0 0 0.396353427756909 0 0 0 2.65113185448224 0 3.45203705844156 5.62302238954759 3.05339131791546 3.43168039838723 0 1.62897373076392 2.60369698847592 0 5.99250991888381 1.41891958843597 0 2.86782159540729 0 0 0 5.32149896589108 0 5.16120327606117 2.19039861226582 3.88869171072194 4.08471787513576 0 0 0 4.47946040839582 0.820708406197964 5.40217164636117 0 0 7.66554301629017 0 5.78132074061643 6.70869854870675 6.66895838832131 5.40304502893524 0 0 0 0 0 0 6.84654183588529 3.62052413444966 4.29830298262482 4.6155245572508 4.22120694092907 0 5.72022255661315 2.9538822564685 0 0 0 0 0 0 0 0 0 1.94103921882072 4.00150298823041 0 0 0 0 0 0 0 0 0 0 0 0 0 0 2.23541272082656 0 0 0 0.924420857957405 0 0 0 0 0 0 0 0 0 0 0 0 0 0 0 0 0 0 0 0 0 0 0 0 0 0 0 0 0 0 0 0 0 0 0 0 0 0 0 0.0497615095590638 0.841449890504781 0 0 0 0 0 0 0 0 0 0 0 0 0 0 0 0 0 0 0 0 0 0 0 0 0 0 2.00716339620319 1.73939148371074 6.16227595455646 6.36060904109748 1.91682256716172 0 0 0 1.50407739677627 0.337443582010845 0 1.05693959226754 0 0.0334479340675401 0 0 0 1.25857693836079 0 0 0 0 0 2.87148707650564 5.3874707222389 0 0 0 0 0 0 0 0 0 5.34611902805634 2.47350401769019 0.407730114739016 -0.0346055291774756 0 0 4.02145684647361 0 3.93289215728883 0 0 0.71001098661195 0 0 0 1.82794488105218 0 0 0 0 1.16760516015506 0 0 0 0 0 0 0 0
2.95299518109764 0 0.884498144073294 1.79966464873517 1.58115041059119 3.36694390318362 1.94688149444495 1.78892097739888 0 0 0 0 2.8486990614956 0 0 2.26797956381657 2.23541272082656 4.71167290622469 3.44815020405559 2.75716425191415 4.78471009982017 3.91052528576633 5.72191637680461 0 0 0 0 0 0 0 0 0 0 0 0 0 0 0 0 0 0 0 0 0 0 0 0 0 0 0 0 0 1.43848011429046 0 0 1.72918425008788 0 0 0 0 0 0 0 0 0 0.970572752844537 0 0 0 0 0 0 0 0 3.78812436877141 4.01925931171061 3.36565244424274 0 0 0 0 1.96181793208995 0 0 0 0 0 0.738042500467836 1.97133728050964 2.81524576671937 3.49650756146648 1.45608056862624 0.356674943938732 1.57553636075842 0 0 0 0 0 0 0 0 3.06409002275856 0 0 2.33964491737799 1.45051395385418 2.30258509299405 0 0 2.7217876088953 0.788766527162219 0 0 0 0 1.99243016469021 0 0.512864360455839 2.85537491585907 0 3.06710326744591 3.01242884154222 0 1.70227131078653 0 3.36788209957001 2.6825579491576 2.11330057544484 2.6424529186164 4.43429309483776 3.27341554459017 3.85685540572089 4.2980255644614 5.34308259669381 4.9592226466024 4.89139711860459 6.13631555899061 2.21557371600442 5.10790191791649 5.51458015677002 1.76008391577691 5.43439016990797 0 0 3.4150466150075 0 0 3.27881193440432 5.16461103150828 5.13569839202992 2.26797956381657 0 2.39789527279837 0 5.37622278399385 6.23320952437274 3.78835534232596 5.53049481895356 -0.699973145630345 0 0 3.27444567602301 0 0 0 3.08592735269155 0 3.55767770727222 0.287682072451781 1.48730871117382 4.28794019558927 -0.198782833848027 1.17813157314205 0.370859578930689 3.73645410822731 1.44731906295767 3.29797617343321 0 0 0 0 0 0 0 0 0 0 0 0 0 0 0 0 0 0 0 0 0 0 0 0 0 0 0 0 0 0 0 0 0 0 0 0 0 0 0 0 0 0 0 0 0 0 0 0 0 0 0 0 0 0 0 0 0 0 0 0 0 0 0 0 0 0 0 0 0 0 0 0 0 0 0 0 0 0 0 0 0 0 0 0 0 0 0 0 0 0 0 0 0 0 0 0 0 0 0 0 0 0 0 0 0 0 0 0 0 0 0 0 0 0 0 0 0 0 0 0 0 0 0 0 0 0 0 0 0 0 0 0 0 0 0 0 0 0 0 0 0 0 0 0 0 0 0 0 0 0 0 0 0 0 0 0 0 0 0 0 0 0 0 0 0 0 0 0 0 0 0 0 0 0 0 0 0 0 0 0 0 0
5.53689226030088 0.884498144073294 0 5.82938569683157 6.00038720655705 0.763726095202532 0 0 0 0 0 0 4.78791682249089 5.46801708501147 4.7165533453896 2.85223888820072 3.87741747625067 0 4.90502279406013 0 0 0 0 0 0 0 0 0 0 1.63495978122922 6.03999552641236 0 1.64091021200985 0 1.06047941897267 0 0 0 0 0 0 0 0 0 0 0 0 0 0 0 0 0 0 0 0 0 0 0 0 0 0 0 0 0 0 0 0 0 0 0 0 0 0 0 0 0 0 0 0 0 0 0 0 0 0 0 0 0 0 0 0 0 0 0 0 0 0 0 0 0 0 0 1.52502057062152 0 0 0 0 0 0 0 0 0 0 0 0 0 0 1.84636360326291 2.93995345984888 3.8177123259569 5.28313466319476 2.31609881216077 0 0 0 2.28957566610545 0 0 0 0 0 0 0 0 1.22317501130987 0 0 0 0 0 0 6.26166692990871 1.41314161115608 0 0 2.76211742237249 0 0 0 2.2390438068786 0 4.77261404292716 2.97909809081954 0 0 0 0 1.85491523207478 0 1.94396462314982 0 0 0 0 0 0 0 0 0 0 0 0 0 0 0 0 0 0 0 0 4.98632866142782 0 6.08329775541847 4.63112299639729 4.94113208832928 2.97632752627673 0 0 0 0 0 0 5.98954092943378 4.48503745317872 5.20402537569636 4.57779199767616 4.46637716181515 0 4.81508374853142 0 0 0 0 0 0 0 0 0 1.89711998488588 1.37861186494787 4.41271583271554 0 2.22149308215998 0 0 0 0 0 0 0 0 0 0 0 0 2.2644522232986 0 0 0 2.5953562349533 0 0 0 0 0 0 0 0 0 0 0 0 0 0 0 0 0 0 0 0 0 0 0 0 0 0 0 0 0 0 0 0 0 0 0 0 0 0 0 0 0 0 0 0 0 0 0 0 0 0 0 0 0 0 0 0 0 0 0 0 0 0 0 0 0 0 0 0 0 3.59151785185278 4.04585197282052 0 0 0 0 0 0 0 0 0 0 0 0 0 0 0 0 0 0 0 1.79345870498101 6.10967832898216 0 0 0 0 0 0 0 0 0 5.95169606490901 0 0 0 0 0 1.45608056862624 0 1.18126801063218 0 0 0 0 0 0 0 0 0 0 0 0 0 0 0 0 0 0 0 0
8.42645093011536 1.79966464873517 5.82938569683157 0 7.8353882465416 6.80143436275592 3.07797037179096 1.9327037942417 1.87754182219156 0 0 0 5.98954944917188 4.79977427929843 3.89029198937272 1.73939148371074 0 2.17080144331368 2.9796167181974 2.40865963938553 1.87389313427606 2.0738989992455 0 0 0 0 0 0 0.279999576279765 1.75539182505718 5.62666631944969 0 2.69939608195775 0 2.97006554721306 0 0 0 0 0 0 2.65089178726226 0 0 1.41148460994845 -0.0346055291774756 1.29276830310907 0.691445052489415 1.90626174484398 0 1.32943602230095 1.0474383331434 0.983377025090525 1.07451473708905 1.37345721435921 0 0 0.454147286747553 0 0.640779195042629 0 0 0 0 0.825189369633 2.62190425038901 0 0 0 0 0 0 0 0 4.69194060424428 5.25303888633538 5.48464167261679 0 0 0 0 3.04581735535338 0 0 0 1.18751152727186 0 2.65089178726226 3.85303819484864 4.69651456557675 5.7624470602761 3.25495188134201 2.60193354174106 2.49140476560441 0 0 0 0 0 0 0 0 5.20607899451981 0 0 1.62763861708095 0.65677953638907 1.83827948486295 0 1.57483238325662 4.05343989232666 1.065179780153 0 0 0 0 -0.385262400790645 4.17511960240731 3.97547675473998 6.56760485755386 6.51253849733012 4.63611498983751 3.99244240823421 0 0 5.328948838106 4.74253351307919 2.95742270980384 2.75348737959827 3.7371025641145 5.38956860880564 4.12378227310006 0 4.55552251140453 5.66248795732793 3.07058098198484 0 2.35299364236863 0 0 0 4.34539440523886 0 0 0 -0.666299930523757 0 0 0 1.22217350897278 0 3.4468512214092 5.81859814908478 3.48947401985148 3.05675697539177 0 0 2.45731869326917 0 5.59974383625629 2.26091239659348 0 4.35548707943927 0 0 0 5.14553479804859 0 4.84931612479039 2.23286309278358 3.3918568421727 4.3646140061967 0 0 0 4.74885815882198 0.589297239207486 5.47720332320522 -0.0559586536480445 0 6.11122597215549 0 5.01782030433247 5.73209663941668 5.77727315233844 4.11237825225478 0 -0.602175402354219 0 0 0 0 5.96717533953342 3.62877553004423 3.40312296417932 3.27302897155527 2.81402277431255 -0.166126870873974 4.5578788979424 1.11770326713294 0 0 0 0 0 0 0 0 0 0.205298190994199 3.31022020445686 0 0.171492154863746 0 0 0 0 0 0 0 0 -0.420889578433796 0 0 -0.693147180559945 0.368509401585735 0 0 -0.468644009729696 0 0 0 0 0 0 0 0 0 0 0 0 0 0 0 0 0 0 0 0 0 0 0 0 0 0 0 0 0 0 0 0 0 0 0 0 0 0 0 0 0 0 0 0 0 0 0 0 0 0 0 0 0 0 0 0 0 0 0 0 0 0 0 0 0 0 0 0 2.76554869316343 1.03905002751677 4.64772129696937 4.85022165658582 0.819210278576942 0 0 0 2.0588222544771 0 0 0 0 0 0 0 0 1.04025267348253 0 0 0 0 0 1.90017653336843 4.57793181870547 0 0 0 0 0 0 0 0 0 4.32548327774608 2.46717670293687 0 0 0 0 2.70350473873054 0 2.64099907779817 0 0 1.46868908869386 0 0 0 0.95760240240191 0 0 0 0 0 0 0 0 0 0 0 0 0
8.04077666246179 1.58115041059119 6.00038720655705 7.8353882465416 0 7.59471841168641 4.23701069309711 0.594941656827163 0.154150679827258 0 0 0 6.28245110271597 5.00524665174687 2.53223802449377 2.01490302054226 2.03998270493929 2.69779370093502 5.09716658609784 4.35119917087862 3.68972943291564 4.20454030806633 0 0 0 0 0 0 0 0.540978661936678 5.18846833450528 0 1.230157583321 0 1.67843078392105 0 0 0 0 0 0 0.669049628980885 0 0 0 0 0 0 0.449818275657967 0 0.65677953638907 -0.375312069937477 0 0 0 0 0 0 0 0 0 0 0 0 0 1.1633633722467 0 0 0 0 0 0 0 0 4.10875273583128 4.53043930924687 4.88506692921722 0 0 0 0 2.48801971300678 0 0 0 0.516929406704008 0 2.11041932216531 3.19895074109494 4.1699294153912 5.24433517567618 2.60117682585175 2.13966592334684 1.67270010921207 0 0 0 0 0 0 0 0 4.64706915138737 0 0 1.1728822172559 0.655014310864501 1.97559160032738 0 1.20601154101578 3.31430968286203 1.23412584249662 0 0 0 0 0 2.79881491853486 3.27122298551229 6.10533214208476 5.86479971028251 4.17208215571484 3.29027848888411 0 0 4.00231132031235 4.78632893546431 2.6792960636932 1.88634788790397 3.02918020762153 5.24298801125312 3.60880131497371 0 4.14878765269432 5.78440063158838 2.63881434577249 0 2.31978329129127 0 0 2.01762041351876 4.72675550759421 0.739667196194838 0 0 -0.0925927868278249 0 0 0 3.09026911792421 0 2.16457331886084 5.17251115972992 4.44692382872553 2.61421285904218 -0.267479365134262 1.15267950993839 4.31648988304369 1.06283236123469 5.76790636903165 0.377877151589335 0 3.94547093949569 0 0 0 4.87072141274131 0 3.95620262212711 1.51235745913689 2.28439341232425 4.58500218582893 0 0 0 4.27344855212548 0 5.06986638838125 0 0 6.18275230637679 0 6.21424748919281 5.76550026958279 6.1114824230277 4.39444915467244 0 0 0 0 0 0 6.66808561448714 4.14308073508412 4.48030858486736 4.74561216919191 4.10864097276886 0.227216876701846 5.20889120246504 1.41727214160537 0 0 0 0 0 0 0 0 0 0.684607419011811 3.85577654058226 0 0 0 1.59849389075478 0 0 0 0 0 0 0 0 0 0 1.41809620428076 0 0 0 0.747751314594797 0 0 0 0 0 0 0 0 0 0 0 0 0 0 0 0 0 0 0 0 0 0 0 0 0 0 0 0 0 0 0 0 0 0 0 0 0 0 0 0 0 0 0 0 0 0 0 0 0 0 0 0 0 0 0 0 0 0 0 0 0 0 0 0 0 0 0 1.47648944025745 0.873198588819361 4.57292103330319 4.84432098932565 0.287682072451781 0 0 0 -0.447137804508732 0 0 0 0 0 0 0 0 -0.0925927868278249 0 0 0 0 0 2.69251058309956 5.67131081738854 0 0 0 0 0 0 0 0 0 5.50516560213957 0.974431278532067 0 0 0 0 3.14021538138185 0 2.14724322779663 1.35168883194241 0 0.0626234232014716 0 0 0 0.660300666787649 0 0 0 0 0 0 0 0 0 0 0 0 0
6.4804096720114 3.36694390318362 0.763726095202532 6.80143436275592 7.59471841168641 0 6.12754477203127 0 0 0 0 0 5.90343224098424 1.26243422376055 0 3.3649473084749 2.55310555537378 4.93630751756754 5.81585510744905 6.84874882002284 6.27721235211086 6.43329547722793 2.76168768450597 0 0 0 0 0 0 0 0.613529552595254 0 0 0 0 0 0 0 0 0 0 0 0 0 0 0 0 0 0 0 0 0 0 0 0 0 0 0 0 0 0 0 0 0 0 1.59089979143519 0 0 0 0 0 0 0 0 4.25994547222898 4.69921178164048 5.02181968054878 0 0 0 0 2.66685020619945 0 0 0 1.67525113100367 0 2.32378730064465 3.52626047959582 4.40680220383654 5.46844756284851 2.99675216145474 2.58745709845427 2.29095307679155 0 0 0 0 0 0 0 0 4.51864106746124 0 0 1.57904883363556 0.655014310864501 1.98264215832404 0 1.39980808028661 3.72339589607091 1.60466463368144 0 0 0 0 0 1.90626174484398 2.02617709711548 5.95635713144317 4.29208890215745 4.08282724464908 3.62288863173172 0 1.04863093912852 2.62929162700393 5.35555892130054 3.1810256007371 2.6948110211971 3.34271756694521 5.69391536029509 4.35574900810886 0 4.76970409086151 6.2843435512702 3.7600128901 0 3.71365502327659 1.42956234136841 0.988453178122386 2.51999796959927 2.55178087641467 3.07703008023132 0 0 2.32545091773105 0 0 0 2.72825290841973 0 2.44883290716222 3.29255610596387 5.50509645493205 2.38294172313131 4.48111753731811 2.72111639285041 6.23833791151587 4.49875090898202 5.39757768110233 0 0 4.96370055042628 0 0 0 5.05303427581083 0 4.28034415400128 1.97228425027738 2.63613761951192 5.20740227607793 0 0 0 4.8336328987799 0.914929261275834 5.12051618966949 0 0 4.58524510221483 0 3.02208271145774 3.85850740825138 4.34953155299095 3.59973221709332 0 0 0 0 0 0 4.51164412797727 0 1.9522070940569 2.4546928711915 2.43849460802354 0 2.93923390594124 1.8842828381252 0 0 0 0 0 0 0 0 0 0 1.55706992691678 0 0 0 0 0 0 0 0 0 0 0 0 0 0 0 0 0 0 0 0 0 0 0 0 0 0 0 0 0 0 0 0 0 0 0 0 0 0 0 0 0 0 0 0 0 0 0 0 0 0 0 0 0 0 0 0 0 0 0 0 0 0 0 0 0 0 0 0 0 0 0 0 0 0 0 0 0 0 0 0 0 0 0 0 0 0 0 0 3.65910379162521 3.40617364164838 0 0 0 0 0 0 0 0 0 0 0 0 0 0 0 0 0 0 0 1.45051395385418 3.6008471479902 0 0 0 0 0 0 0 0 0 3.06456640228325 0 0 0 0 0 1.65790408502448 0 1.92727302305657 0 0 0 0 0 0 0 0 0 0 0 0 0 0 0 0 0 0 0 0
2.7593208194957 1.94688149444495 0 3.07797037179096 4.23701069309711 6.12754477203127 0 0 0 0 0 0 2.27429759115113 0 0 0.816207273317172 0 5.18067462717212 2.8600605940924 3.0222483429281 3.22727582006657 4.87644284726066 1.48114061143318 0 0 0 0 0 0 0 0 0 0 0 0 0 0 0 0 0 0 0 0 0 0 0 0 0 0 0 0 0 0 0 0 0 0 0 0 0 0 0 0 0 0 0 0 0 0 0 0 0 0 0 0 1.81584352325355 1.1686628017132 0 0 0 0 0 0 0 0 0 0 0 0 1.76649980246882 2.12879843864993 0 0 0 0 0 0 0 0 0 0 0 0.427887572163997 0 0 0 0 0 0 0 0 0 0 0 0 0 0 0.874618035473587 0 2.81238978762593 0 3.23171817777943 0.979552928652122 0 0 1.94445135959165 4.89712881520713 0 0 0 3.35300227850403 1.59573906807594 0 2.37094284219861 4.39960089063771 1.985448521251 0 3.75062389687606 0 0 0 0 1.66693640449532 0 0 0 0 0 0 0 0 0 1.88789388151259 5.24095485024795 1.04863093912852 2.53897387105828 1.8909787168638 3.38841765501576 1.99844174348819 3.37465782642754 0 0 5.95521153481459 0 0 0 2.44559522957311 0 1.74653437122312 0 0 3.24955677647335 0 0 0 2.06315314041494 0 2.54352846700946 0 0 0 0 0 0 0 0 0 0 0 0 0 0 0 0 0 0 0 0 0 0 0 0 0 0 0 0 0 0 0 0 0 0 0 0 0 0 0 0 0 0 0 0 0 0 0 0 0 0 0 0 0 0 0 0 0 0 0 0 0 0 0 0 0 0 0 0 0 0 0 0 0 0 0 0 0 0 0 0 0 0 0 0 0 0 0 0 0 0 0 0 0 0 0 0 0 0 0 0 0 0 0 0 0 0 0 0 0 0 0 0 0 0 0 0 0 0 0 0 0 0 0 0 0 0 0 0 0 0 0 0 0 0 0 0 0 0 0 0 0 0 0 0 0 0 0 0 0 0 0 0 0 0 0 0 0 0 0 0 0 0 0 0 0 0 0 0 0 0 0 0 0 0 0 0 0 0 0 0 0 0
1.15052897147516 1.78892097739888 0 1.9327037942417 0.594941656827163 0 0 0 7.27202039218755 6.14181793889055 3.5519409031678 5.88114086605925 0 5.29330482472449 0 0 0 0 0 0 0 0 0 0 2.92272259914933 0 0 2.32910116236816 0 0 0 0 0 0 0 4.75838748574525 4.88133207356144 5.70273884636537 2.17002504575916 5.95874983484281 2.11535354270254 0 1.75774062237894 2.42564518575127 0 0 2.82739412426364 0 0 0 6.9932836975218 5.21691176911078 8.32273873594473 6.92505377315227 6.37427125339454 5.10386125849263 0 0 0 0 0 0 0 0 0 0 4.62149873175701 0 0 0 0 0 3.79762708416072 2.47436373976635 0 0 0 2.83581100762104 1.52056952469726 3.90868410416263 0 0 0 0 0 0 0 0 0 0 0 0 0 0 0.923070418859534 3.31603957332185 4.22807434786384 0 3.11275916550705 2.67085917277613 3.20545280453606 3.49733179394669 0 4.80724990686041 4.29450492340423 1.48884480978616 0 1.05457272725728 0 0 0 0 0 0.746139710700456 1.65335714636894 4.36192804521788 6.00302165537283 3.95411765916176 3.6965033792246 5.83193234936165 0 0 0 1.28808883738711 0.86033207822611 2.08029152048154 0 1.86444920259633 3.56761459864577 4.48080944211426 1.51160755284003 2.79591155689354 6.07578381154878 4.29543261028369 1.22417551164346 3.663212727773 5.49072114644219 4.33381665930523 4.31139247531963 2.95830586803487 1.50029094772377 0 0 4.37942972821433 0.998528830111127 0 2.5161591932921 5.88648188900236 5.75955608025544 5.10685209227637 3.81058524676198 0 0 0 0 0 3.055956655221 0 0 0 0 0 0 0 0 0 0 1.72130780827744 0 0 0 0 0 0 1.68979454257137 1.86497621183119 4.35966972757261 0 0 0 0 0 0 0 0 0 0 8.05740334589016 4.31571784004342 0 0 0 0 5.56193673001932 0 0 0 0 0 0 0 0 0 0 0 1.95172411892073 1.66757845909201 0 0 0 0 0 0 0 0 5.67624113709731 4.47303723200191 5.11622027435594 4.08259783423284 6.36758024148214 3.14418160031604 0 3.83365689601309 4.11315741525057 0 0 0 0 0 0 3.90608705513597 1.05457272725728 4.91342989546246 0 6.64205211324913 0 0 0 0 0 0 0 0 0 0 0 0 0 0 0 0 0 0 0 0 0 0 0 0 0 0 0 0 0 0 0 0 0 0 0 0 0 0 0 0 0 0 0 0 0 0 0 0 0 0 0 0 0 0 0 0 0 0 0 0 0 0 0 0 0.854560056428988 0 0 0 0 0 0 0 0 0 0 0 0 0 0 0 0 0 0 0 0 0 0 0 0 0 0 0 0 0 0 0 0 0 0 0 0 0 0 0 0 0 0 0 0 0 0 0 0 0 0 0 0 0 0 0 0 0 0 0 0
0 0 0 1.87754182219156 0.154150679827258 0 0 7.27202039218755 0 4.59930266557243 1.78493350415766 5.00545181502336 0 3.71182838709948 0 0 0 0 0 0 0 0 0 0 0 0 0 0 0 0 0 0 0 0 0 5.82145464500878 5.57480177442684 3.85058172370516 3.52746035975177 3.48343547989913 0 3.07247283183177 0 0 0 0 2.93418247899925 0 0 0 6.64678358185747 5.80536033488104 8.16805054693195 5.11650588372587 2.46919428540539 4.42072392462757 0 0 0 0 0 0 0 0 0 0 2.21557371600442 0 0 0 0 0 0 0 0 0 0 1.408993948636 0 0 0 0 0 0 0 0 0 0 0 0 0 0 0 0 1.43605587067895 0 0 0 2.91482467950238 3.90841104797963 2.23722991194992 2.74390751099306 0 1.88840868203876 1.82575549867791 -0.31760375231683 0 1.07799300146537 0 0 0 0 0 0 0 4.45541459549505 5.44174015382415 3.58663200167489 3.88121308072313 5.58398209941549 0 0 0 0 0 3.37127570179711 0 0 0 -0.0206192872027357 0 0 2.61967735351426 0 0 0 2.92765006600394 1.49877234454658 0.157061890034717 0 0 0 0 3.10333517115234 0 0 3.53641386166564 4.23951431483636 4.31148372868466 2.87590633626781 2.15278999320644 0 0 0 0 0 0 0 0 0 0 0 0 0 0 0 0 0.677722710234314 0 0 0 0 0 0 0 0 1.21412517578995 0 0 0 0 0 0 0 0 0 0 5.00406043904761 5.21991447011143 0 0 0 0 4.04299159306204 0 0 0 0 0 0 0 0 0 0 0 0 1.6376087894008 0 0 0 0 0 0 0 0 5.18252851465421 4.32624782096877 3.72454532148482 5.27970994307846 3.89251421250944 0 3.29785045842895 0 0 2.19798014971822 0 0 0 0 0 5.12544086041864 3.18750449663967 4.15558257464089 0 0 0 0 0 0 0 0 0 0 0 0 0 0 0 0 0 0 0 0 0 0 0 0 0 0 0 0 0 0 0 0 0 0 0 0 0 0 0 0 0 0 0 0 0 0 0 0 0 0 0 0 0 0 0 0 0 0 0 0 0 0 0 0 0 0 0 0 0 0 0 0 0 0 0 0 0 0 0 0 0 0 0 0 0 0 0 0 0 0 0 0 0 0 0 0 0 0 0 0 0 0 0 0 0 0 0 0 0 0 0 0 0 0 0 0 0 0 0 0 0 0 0 0 0 0 0
0 0 0 0 0 0 0 6.14181793889055 4.59930266557243 0 3.2044870874161 6.79185949196345 0 0 0 0 0 0 0 0 0 0 0 0 0 0 0 0 0 0 0 0 0 0 0 0 0 0 0 0 0 0 0 3.82404641323198 0 0 1.58603698226949 0 0 0 5.33949848025075 3.86800714041901 6.05164088919036 6.51885627375391 2.88563645214471 2.71999669729059 0 0 0 0 0 0 0 0 0 0 5.92967055562077 0 0 0 0 0 3.44413957594916 1.81196217654557 0 0 0 2.19267911496454 1.50180724824173 2.58309867596721 0 0 0 0 0 0 0 0 0 0 0 0 0 0 0 6.51472276892706 6.21030634211488 0 0 0 0 0 0 0 0 0 0 1.77920939007377 0 0 0 0 0 0.982103950443727 0 0 4.04573295353926 0 0 1.95750448183623 0 0 0 0 0 0 0 0 0 0 0 0 0 0 0 0 0 0 0 0 0 0 0 2.28957566610545 0 0 0 0 3.43212020048338 2.1380633589013 2.41049338073067 0 0 0 0 0 0 0 0 0 0 0 0 0 0 0 0 0 0 0 0 0 0 0 0 0 0 0 0 0 0 0 0 0 0 0 0 0 0 0 0 0 0 0 0 0 0 0 0 0 0 0 0 0 0 0 0 0 0 0 0 0 0 0 0 0 0 0 0 0 0 0 0 0 0 0 0 0 0 0 0 0 0 0 0 0 0 0 0 0 0 0 0 0 0 0 0 0 0 0 0 0 0 0 0 0 0 0 0 0 0 0 0 0 0 0 0 0 0 0 0 0 0 0 0 0 0 0 0 0 0 0 0 0 0 0 0 0 0 0 0 0 0 0 0 0 0 0 0 0 0 0 0 0 0 0 0 0 0 0 0 0 0 0 0 0 0 0 0 0 0 0 0 0 0 0 0 0 0 0 0 0 0 0 0 0 0 0 0 0 0 0 0 0 0 0 0 0 0 0 0 0 0 0 0 0 0 0 0 0
0 0 0 0 0 0 0 3.5519409031678 1.78493350415766 3.2044870874161 0 5.56935661019651 0 0 0 0 0 0 0 0 0 0 0 0 0 0 0 0 0 0 0 0 0 0 0 0 0 0 0 0 0 0 0 2.99044621810434 0 0 0 0 0 0 2.60369698847592 1.37431817007318 3.17549955054285 2.47608096972469 0 5.08028403510984 0 0 0 0 0 0 0 0 0 0 5.12997921725768 0 0 0 0 0 6.06335796983086 3.47093071967683 0 0 0 4.6121187776272 4.5203456554379 6.04432803666505 3.28188256117729 0 3.40696304118191 0 0 0 0 0 0 0 0 0 0 0 0 2.29060890194733 2.23504888600356 0 0 0 0 0 0 0 0 0 0 0 0 0 0 0 0 0 0 0 2.50483154074035 0 0 0 0 0 0 0 0 0 0 0 0 0 0 0 3.15613161136479 1.43200235884577 0 0.964108606224648 2.98392818473642 1.72737210824495 2.5413877115759 0 0 0 0 0.998528830111127 0 0 0 2.46746517834634 2.99895835666439 2.51202979995009 1.58184995591527 0 0 0 0 0 0 0 0 0 0 0 0 0 0 0 0 0 0 0 0 0 0 0 0 0 0.948422010056948 0 0 0 0 0 0 0 0 0 0 0 0 0 0 0 0 0 0 0 0 0 0 0 0 0 0 0 0 0 0 0 0 0 0 0 0 0 0 0 0 0 0 0 0 0 0 0 0 0 0 0 0 0 0 0 0 0 0 0 0 0 0 0 0 0 0 0 0 0 0 0 0 0 0 0 0 0 0 0 0 0 0 0 0 0 0 0 0 0 0 0 0 0 0 0 0 0 0 0 0 0 0 0 0 0 0 0 0 0 0 0 0 0 0 0 0 0 0 0 0 0 0 0 0 0 0 0 0 0 0 0 0 0 0 0 0 0 0 0 0 0 0 0 0 0 0 0 0 0 0 0 0 0 0 0 0 0 0 0 0 0 0 0 0 0 0 0 0 0 0 0 0 0 0 0 0 0 0 0 0 0 0 0
0 0 0 0 0 0 0 5.88114086605925 5.00545181502336 6.79185949196345 5.56935661019651 0 0 0 0 0 0 0 0 0 0 0 0 0 0 0 0 0 0 0 0 0 0 0 0 0 0 0 0 0 0 0 0 4.05838835603276 0 0 2.39075792675083 0 0 0 5.46578999260059 4.30024275784972 5.99068192801637 5.6080254830282 2.95812929877512 3.43013956603308 0 0 0 0 0 0 0 0 0 0 6.24505152346943 0 0 0 0 0 6.62129694725007 4.10640308440063 0 0 0 3.81449267583932 4.22703234513974 6.58546298250618 3.23091194285266 0 3.77775275877145 0 0 0 0 0 0 0 0 0 0 0 1.38203359625904 5.53678507772866 4.85711933342709 0 0 0 0 0 0 0 0 0 0 1.55706992691678 0 0 0 0 0 2.34975424854138 0 1.53018854077996 4.90391330784011 0 0 1.66371993340448 0 0 0 0 0 0 0 0 0 0 0 0 3.44207379647031 0 0 0 3.46382080486363 2.12879843864993 2.19911243895034 1.06047941897267 0 0 0 3.05771651488647 0 0 0 3.1620534890015 4.8596014450233 3.80734253059898 3.25258688221051 0 0 0 0 0 1.67333847501734 0 0 0 0 0 0 0 0 0 0 0 0 0 0 0 0 0 0 0 0 0 0 0 0 0 0 0 0 0 0 0 0 0 0 0 0 0 0 0 0 0 0 0 0 0 0 0 0 0 0 0 0 0 0 0 0 0 0 0 0 0 0 0 0 0 0 0 0 0 0 0 0 0 0 0 0 0 0 0 0 0 0 0 0 0 0 0 0 0 0 0 0 0 0 0 0 0 0 0 0 0 0 0 0 0 0 0 0 0 0 0 0 0 0 0 0 0 0 0 0 0 0 0 0 0 0 0 0 0 0 0 0 0 0 0 0 0 0 0 0 0 0 0 0 0 0 0 0 0 0 0 0 0 0 0 0 0 0 0 0 0 0 0 0 0 0 0 0 0 0 0 0 0 0 0 0 0 0 0 0 0 0 0 0 0 0 0 0 0 0 0 0 0 0 0 0 0 0 0 0 0 0 0
6.25131387783872 2.8486990614956 4.78791682249089 5.98954944917188 6.28245110271597 5.90343224098424 2.27429759115113 0 0 0 0 0 0 3.58210069967067 0.246009376051213 4.06902675423781 3.61897508862531 2.30970256076291 6.74008504906737 4.54607712882276 4.34411458865163 3.71382091577863 1.91281253672551 0 0 0 0 0 0 0 3.40628645116963 0 0 0 0 0 0 0 0 0 0 0 0 0 0 0 0 0 0 0 0 0 0 0 0 0 0 0 0 0 0 0 0 0 0 0 0 0 0 0 0 0 0 0 1.93565364888812 1.43362573582566 2.00258253615422 0 0 0 0 0 0 0 0 0 0 0 0 0.182888289594615 1.07335262190887 0 0 0 0 0 0 0 0 0 0 0 2.97580718978073 0 0 0 0.933823210635796 0.154150679827258 0 0 0 0 0 0 0 0 0 0 2.60041953690984 3.77650713774624 3.9245295061112 0.834091505573593 0 0 0 0.0400053346136992 0.694846416312905 1.48807705542983 0 0 1.18958406687384 0 0 0 1.9947465891682 0 0 2.42233143064783 0 0 2.91260943030405 4.54181010853492 2.78063449928667 0 0 2.9965822523557 0 0 0 3.94078894340615 0 3.71870240480845 0 1.51235745913689 0 3.18201423156404 1.01960834590218 5.09441772972303 3.53075262590704 1.23610408250873 0 0 1.33392637560257 0 0 0 0.760551489361759 0 1.89660965060586 0 -0.0487901641694321 1.23906412413721 0 1.6026119473637 0 0 0 0 0 0 5.48133312677147 0 5.4853613153664 5.03376704091966 5.49858909560622 4.15200360658357 0 0 0 0 0 0 6.24376393988751 2.90313948672617 4.18137483548066 4.59872086230818 4.20199836465388 0 4.95157832042814 2.0457159069718 0 0 0 0 0 0 0 0 0 0 3.21246073428143 0 0 0 0 0 0 0 0 0 0 0 0 0 0 1.75891295545576 0 0 0 1.90777727935987 0 0 0 0 0 0 0 0 0 0 0 0 0 0 0 0 0 0 0 0 0 0 0 0 0 0 0 0 0 0 0 0 0 0 0 0 0 0 0 0 0 0 0 0 0 0 0 0 0 0 0 0 0 0 0 0 0 0 0 0 0 0 0 0 0 0 0 0 0 3.47945933151949 3.74605676422282 0 0 0 0 0 0 0 0 0 0 0 0 0 0 0 0 0 0 0 2.1614446499028 5.23294402992879 0 0 0 1.02694334211375 0 0 0 0 0 5.36838902101869 0 0 0 0 0 2.90556192339014 0 0 0 0 0 0 0 0 0 0 0 0 0 0 0 0 0 0 0 0 0 0
5.17088975686153 0 5.46801708501147 4.79977427929843 5.00524665174687 1.26243422376055 0 5.29330482472449 3.71182838709948 0 0 0 3.58210069967067 0 6.63638390535467 0 1.12435517636124 0 1.03543338704658 0 0 0 0 0 0 1.29835490981771 6.38140731021033 0 5.07195861800869 5.49032822464261 5.52067149070034 2.97441830066858 5.81290122541553 5.07996673260155 5.60371154734902 4.72458454337656 5.20604169361339 4.95582705760126 4.43372800905077 5.91115607282911 3.51296589361531 2.28161852327349 4.00106746170307 2.30496321539901 5.58560395264213 2.1448565918189 0 0 0 0.667305949376058 3.32022831912849 0.901211625047035 2.02348288803179 0 4.81257142717907 0 2.19609014726561 5.87091940954148 4.01072877423361 4.26373326473748 4.21424176357082 3.78101515097676 2.31911439494526 3.11562947490271 1.15375304734691 0 0 0 3.82039989756341 0 0 1.31675469293655 0 0 0 0 0 0 0 0 0 0 0 0 0 0 0 0 0 0 0 0 0 0 0 0 0 0 0 0 0 0 0 0 0 0 0 0 0 0 0 0 0 0 0 0 0 4.3285379497229 5.13513795487428 4.64778648814251 3.68239589616895 4.57828128577176 0 0 0 4.07644149017217 -0.0523679855173159 0 0 0 1.41562197621441 0 0 0 0 0 0 0 0 0 0 5.20434302880316 0 0 0 0 0 0 0 0 0 4.17522417757081 1.13534429793684 0 0 0 0 0 0 1.38629436111989 5.10030187307384 3.3799992232421 0 3.17890380914965 2.25949294993925 0 0 0 0 0 0 0.822204292789547 0 0 0 0 0 0 4.21197641487117 3.75985448680488 3.65910379162521 0 4.40476778408605 3.53789834904796 3.30211592719702 0.251314428280906 0 5.2085563872613 2.11412226817801 0 0 0 3.74910383578094 7.72070311074801 5.71753106556726 1.64354352492061 2.22957541858939 0 1.92925126306867 0 0 0 0 0 0 2.26727509038131 5.18670149924471 0 4.75490881465464 3.97189504320387 4.61592843447761 1.25179067867643 3.2499525287376 2.07859083979952 5.03154885980518 4.00069400221908 4.44947068831384 5.19646542785825 3.53779945175272 5.155883490388 4.24201168410437 1.86918231687547 4.03031989241145 3.39619623461638 4.5836824662514 2.67038836297459 0 0 2.12026353620009 1.4073300547413 1.67652420565047 0.637188526911901 2.0588222544771 0 4.63993304463694 0 2.14525476024941 4.13042061869591 0 0.562526998142881 0 -0.0275879565188291 -0.150190278611161 0 0 0 0 0 0.552789822865023 0 0 0 0 0 0 0 0 0 0 0 0 0 0 0 0 0 0 0 0 0 0 0 0 0 0 0 0 0 0 0 0 0 0 0 0 0 0 0 0 0 0 0 0 0 0 0 0 -0.219747962313072 2.22627689993072 3.27057719924509 3.22511482516833 1.68286538098892 0 0 0 1.44089849515474 0 0 0 0 0 0 0 0 0 0 0 0 0 0 0 4.74891707939707 0 0 0 0 0 0 0 0 0 3.85462446672211 -0.370373788296894 0 0 0 0 0 0 0.162859007719043 3.64080332067816 2.31877977891403 0 0.0909717782057268 0 0 0 0 0 0 0 0 0 0 0 0 0 0 0 0
3.31862881094373 0 4.7165533453896 3.89029198937272 2.53223802449377 0 0 0 0 0 0 0 0.246009376051213 6.63638390535467 0 1.35080816257682 4.31285153084018 0 1.65465838272691 0 0 0 0 0 0 0 2.33075596996074 0 4.52463132350408 5.39004972500448 7.23188489401633 0 5.12378174705651 2.06918504151265 6.75916056472556 0 0 2.62017264822473 0 0 0 0 0 0 2.68279053434297 4.4265966984397 0 1.57342293975339 2.0566497574245 4.87275366898387 0 0 0 0 0 0 -0.0452250980049359 1.87023108466955 1.69605238527087 2.11206676899591 0 1.84582669049833 0.337443582010845 0 0 0 0 0 1.3760378609527 0 0 0 0 0 1.28244441976743 0.237998652305134 0 0 0 0 0 0 0 0 0 0 0 0 0 0 -0.823767362977009 0 0 0 3.24120959319467 0 0 0 0 0 0 0 2.07944154167984 1.38117926045312 0 1.30391047966231 0 0.72164869069216 0 0 0 0 0 0 0 0 0 3.93794267307489 4.70421488040263 4.62390515003058 3.46966101259693 4.37352975385301 0 2.18734982941646 0.949738665941695 3.65286448143323 0 0 0 0 0 0 0 0 0 0 0 0 0 0 0 6.51657540442745 3.85520066956145 0 3.86658436149223 4.63838783038311 0 0 0 0 3.71870240480845 4.80658272124688 0 0 0 0 0 0.897059369946268 0 0 5.65264431801338 1.78321970767992 0 0 0 0 0.560587133325054 0 0.901211625047035 0 0 0 1.44731906295767 1.78093006729785 2.30767416250152 0 0 0 2.42924771141269 0 2.04130867198439 0 4.50606369365318 2.23395658660495 3.05643692418084 0 0 0 0 0 0 0 3.48228611453567 5.52024929979569 7.08051024647746 1.95654340535668 3.76758689080402 0 3.27290008066123 0 0 0 0 0 0 0 3.8657297214573 0 5.7849234800788 3.83321536241257 5.05046632158035 0 1.85331736222749 0 4.32300574320101 0 0 0.477627554356395 0 0 0 0 0 0 4.83509342428768 4.76351032847737 0 0 3.43002941567773 3.54036760804372 0 0 0 0 0 0 0 0 0 0 0 0 0 0 0 0 0 0 0 0 0 0 0 0 0 0 0 0 0 0 0 0 0 0 0 0 0 0 0 0 0 0 0 0 0 0 0 0 0 0 0 0 0 0 0 0 0 0 0 0 0 0 0 0 0 0 0 0 1.13861762328181 2.64896917191396 1.51385558675791 0 0 0 0 0 0 0 0 0 0 0 0 0 0 0 0 0 0 0 0 5.98015078720771 0 0 0 0 0 0 0 0 0 4.54318622231766 0 0 0 0 0 0 0 0 3.5077816380397 0 0 0 0 0 0 0 0 0 0 0 0 0 0 0 0 0 0 0
1.91582156607713 2.26797956381657 2.85223888820072 1.73939148371074 2.01490302054226 3.3649473084749 0.816207273317172 0 0 0 0 0 4.06902675423781 0 1.35080816257682 0 5.18536956107805 1.78778332084842 6.60497568332739 3.01092243904797 2.88087861654467 2.246626439346 1.17182903127125 0 0 0 0 0 0 0 1.49420264885652 0 0 0 0 0 0 0 0 0 0 0 0 0 0 0 0 0 0 1.28527061100327 0 0 0 0 0 0 0 0 0 0 0 0 0 0 0 0 0 0 0 0 0 0 0 0 0 0 0 0 0 0 0 0 0 0 0 0 0 0 0 0 0 0 0 0 0 0 0 0 0 0 0 0 0.574087820543957 0 0 0 0 0 0 0 0 0 0 0 0 0 0 0 1.64748053787995 1.49037855241811 0 0 0 0 0 0 0 0 0 0 0 0 0 0 0.529026328412837 0 0 2.246626439346 0 0 1.06283236123469 3.74597645261373 3.44695953443395 0 0 4.76217393479776 0 0 0 1.88169551456025 0 4.40605534682493 0 0 0 2.72625090574906 1.7774857470156 4.51693356890236 3.20172274564195 0 0 0 0 0 0 0 0 0 0.556696077832088 0 0 0 0 0 0 0 0 0 0 0 1.84743656473923 0 2.14605062181151 1.23412584249662 2.01263287200773 0 0 0 0 0 0 0 2.74652931717044 0 2.15318501592539 1.89046523803352 2.17235243237993 0 1.55131865297615 0 0 0 0 0 0 0 0 0 0 0 0.5469016802398 0 0 0 0 0 0 0 0 0 0 0 0 0 0 0 0 0 0 0 0 0 0 0 0 0 0 0 0 0 0 0 0 0 0 0 0 0 0 0 0 0 0 0 0 0 0 0 0 0 0 0 0 0 0 0 0 0 0 0 0 0 0 0 0 0 0 0 0 0 0 0 0 0 0 0 0 0 0 0 0 0 0 0 0 0 0 0 0 0 0 0 0 0 0 0 0 0 0 0 0 0 0 0 0 0 0 0 0 0 0 2.48462316289737 0 0 0 0 0 0 0 0 0 2.44145933002906 0 0 0 0 0 0 0 0 0 0 0 0 0 0 0 0 0 0 0 0 0 0 0 0 0 0 0 0
0 2.23541272082656 3.87741747625067 0 2.03998270493929 2.55310555537378 0 0 0 0 0 0 3.61897508862531 1.12435517636124 4.31285153084018 5.18536956107805 0 2.09672332056969 4.56753189361576 0.518955749849241 1.45051395385418 1.40399393821929 2.13203076469651 0 0 0 0 0 1.64485758555648 0 3.1929647832197 0 0 0 0 0 0 0 0 0 0 0 0 0 0 4.46922577748112 0 1.53386366435785 2.97006554721306 5.67660236036635 0 0 0 0 0 0 0 0 0 0 0 0 0 0 0 0 0 0 0 0 0 0 0 0 2.22847712084032 1.47959262350796 1.63030706429478 0 0 0 0 0.43010241249355 0 0 0 0 0 0 0.0658132185695718 0 0.80866006768179 0 0 0 2.42864819101104 0 0 0 0 0 0 0 2.17506088828211 0.844378150283869 0 1.40399393821929 0.887303195000903 1.21311456428403 0 0 0 0 0 0 0 0 0 0.127561225638019 2.88582629552449 2.94246782898964 0 1.13425080411547 0 1.34727770877744 1.8344844138944 0.920364057261791 1.39812881876689 1.7945899268211 1.48577024933192 0 1.48422941697776 0 0 0 1.51833655019295 0 0 2.62880082944807 0 0 1.80750782619619 6.0335347418939 5.55575060282124 0 4.50898887856293 6.51596662847593 0 0 0 2.4470682008219 3.8558485011479 6.44426102992192 0 0 0 1.86708147576665 1.6121553054106 4.06483167729369 2.38795112621798 0 0 0 1.00103196032925 0 0 0 0.71001098661195 0 1.80527318839478 0 -0.553681052415608 0.880275759193446 1.16230010792537 1.55131865297615 2.25415200792143 0.302872237945756 0 0.762140052046897 0 0 2.87724746109762 0 3.09720770100025 1.56918265071451 2.41354216358003 0 0 0 0 0 0 0 3.10668934413997 0.568324115827207 3.39494203001665 1.94445135959165 2.59484849186039 0 2.50816025393878 0 0 0 0 0 0 0 0 0 0 0 1.83990154523482 0 0 0 0 0 0 0 0 0 0 0 0 0 0 0.121555201577807 0 0 0 0.747751314594797 0 0 0 0 0 0 0 0 0 0 0 0 0 0 0 0 0 0 0 0 0 0 0 0 0 0 0 0 0 0 0 0 0 0 0 0 0 0 0 0 0 0 0 0 0 0 0 0 0 0 0 0 0 0 0 0 0 0 0 0 0 0 0 0 0 0 0 0 0 0.396353427756909 0 0 0 0 0 0 0 0 0 0 0 0 0 0 0 0 0 0 0 0 0 3.90567637751213 0 0 0 0 0 0 0 0 0 3.23373092585912 0 0 0 0 0 0 0 0 0 0 0 0 0 0 0 0 0 0 0 0 0 0 0 0 0 0 0 0
2.18122423598978 4.71167290622469 0 2.17080144331368 2.69779370093502 4.93630751756754 5.18067462717212 0 0 0 0 0 2.30970256076291 0 0 1.78778332084842 2.09672332056969 0 3.47357077612338 3.31406231118483 4.55662999057387 5.1682977789316 3.97999948755051 0 0 0 0 0 0 0 0 0 0 0 0 0 0 0 0 0 0 0 0 0 0 0 0 0 0 0 0 0 0 0 0 0 0 0 0 0 0 0 0 0 0 0 0 0 0 0 0 0 0 0 0 0.832613308704282 0.890100399621964 0 0 0 0 0 0 0 0 0 0 0 0 -0.174191430710704 1.75656691332401 0 0 0 0 0 0 0 0 0 0 0 0 0 0 0 0 0 0 0 0 0 0 0 0 0 0 1.21916296981991 0 2.22075507474641 0 4.35784197128676 0 0 0 2.55812339239114 5.00166090409142 0 0 0 3.62388731536822 1.67652420565047 1.63959095060479 3.00554788798502 6.32890206113925 5.86071838776391 1.54770723698893 6.82507587833213 0 1.12324959305349 3.18876721164435 0 3.36858516967162 0 0 2.00990187349649 0 0 0 2.14246424618028 1.54117363842929 1.99567165861438 0.663809442317329 4.34323100122945 1.05693959226754 4.31562697225599 4.92419271016785 3.89043102308862 3.6912575765189 1.99150209037765 0 0 6.21606961492047 0 0 0 1.83557019033114 0 0 0 0 4.0134984328744 0 0 0 1.33033570747185 0 1.65984646180869 0 0 0.115512887121844 0 0 -0.360569788200273 0 0 0 0 0 0 0 0 0 0 0 0 0 0 0 0 0 0 0 0 0 0 0 0 0 0 0 0 0 0 0 0 0 0 0 0 0 0 0 0 0 0 0 0 0 0 0 0 0 0 0 0 0 0 0 0 0 0 0 0 0 0 0 0 0 0 0 0 0 0 0 0 0 0 0 0 0 0 0 0 0 0 0 0 0 0 0 0 0 0 0 0 0 0 0 0 0 0 0 0 0 0 0 0 0 0 0 0 0 0 0 0 0 0 0 0 0 0 0 0 0 0 0 0 0 0 0 0 0 0 0 0 0 0 0 0 0 0 0 0 0 0 0 0 0 0 0 0 0 0 0 0 0 0 0 0 0 0 0 0 0 0 0 0 0 0 0 0 0 0 0 0 0 0 0 0
3.40199071768155 3.44815020405559 4.90502279406013 2.9796167181974 5.09716658609784 5.81585510744905 2.8600605940924 0 0 0 0 0 6.74008504906737 1.03543338704658 1.65465838272691 6.60497568332739 4.56753189361576 3.47357077612338 0 4.70140757958161 4.60053360329197 3.93362473365937 2.91075963325421 0 0 0 0 0 0 0 2.56938742766212 0 0 0 0 0 0 0 0 0 0 0 0 0 0 2.00670625333809 0 0 1.32130222237418 2.20212562390434 0 0 0 0 0 0 0 0 0 0 0 0 0 0 0 0 0 0 0 0 0 0 0 0 3.02621529027907 2.38168544155905 2.4101879905924 0 0 0 0 1.1916523199379 0 0 0 0 0 0 0.574087820543957 1.1916523199379 2.00579134019101 0 0 0 0 0 0 0 0 0 0 0 3.25442680913252 1.13206022273565 0 1.65074958296186 2.2728970306981 1.29463397529202 0 0 1.00103196032925 0 0 0 0 0 0 -0.0559586536480445 2.94157056558265 3.74324201307816 2.62511214950022 0.785670549457091 0.506735638514466 1.58254901221777 2.36168794926912 0.799527584118517 2.52871737089109 2.57587842799373 1.71459432563178 0.235314086934465 2.03776884527927 1.06635142644989 0 0.615369479517261 2.87533101742942 2.33042522744078 0 3.43639816455711 0.488120830072234 1.19061872811461 2.89977562633122 4.36534922084762 5.14593100241598 0 0 5.02036108749563 0 0 0 4.01066713905223 0.29022984453058 5.96119818167746 0 2.34650432692888 0 4.23183635606272 2.67625761330135 5.91588112804324 4.61727351504896 0.570249044236791 0 0 2.52953093025799 0 0 0 2.22590972533508 0 2.48660588554096 0 1.32220925191482 1.62830639673848 1.88634788790397 2.68185986885002 2.66543143083732 1.41562197621441 0 1.30943535559428 0 0 4.20636651463078 0 3.95085117686883 3.57478857364808 3.66739173437725 2.97215723352562 0 0 0 0 0 0 4.69716628411949 0.427887572163997 2.76982129098978 3.41314387785053 3.35668377425998 0 4.14496869853295 0 0 0 0 0 0 0 0 0 0 0 2.08029152048154 0 0 0 0 0 0 0 0 0 0 0 0 0 0 0 0 0 0 0 0 0 0 0 0 0 0 0 0 0 0 0 0 0 0 0 0 0 0 0 0 0 0 0 0 0 0 0 0 0 0 0 0 0 0 0 0 0 0 0 0 0 0 0 0 0 0 0 0 0 0 0 0 0 0 0 0 0 0 0 0 0 0 0 0 0 0 0 0 1.94445135959165 1.86655557514975 0 0 0 0 0 0 0 0 0 0 0 0 0 0 0 0 0 0 0 1.1770839041096 4.09042532741921 0 0 0 0 0 0 0 0 0 4.04721967737173 0 0 0 0 0 1.05812092731337 0 0 0 0 0 0 0 0 0 0 0 0 0 0 0 0 0 0 0 0 0 0
2.85341605137374 2.75716425191415 0 2.40865963938553 4.35119917087862 6.84874882002284 3.0222483429281 0 0 0 0 0 4.54607712882276 0 0 3.01092243904797 0.518955749849241 3.31406231118483 4.70140757958161 0 5.4019723469745 4.81513889356287 3.18455194616435 0 0 0 0 0 0 0 0 0 0 0 0 0 0 0 0 0 0 0 0 0 0 0 0 0 0 0 0 0 0 0 0 0 0 0 0 0 0 0 0 0 0 0 0 0 0 0 0 0 0 0 2.92910540553678 2.65520420410352 2.18275915570786 0 0 0 0 1.1031371832664 0 0 0 0 0 0 1.06635142644989 1.22217350897278 2.16613399026619 0 0 0 0 0 0 0 0 0 0 0 2.6228923927619 0 0 0 0 0.816207273317172 0 0 1.01838059866386 0 0 0 0 0 0 0 0 3.03802257733552 0 0 0.901211625047035 0 0 0 2.0618558429357 0.738042500467836 0 0.629968278938414 2.20137317842113 1.56918265071451 0 1.74475342685212 3.30161505065262 1.42466437239286 0 2.99980559894163 0 0 1.4536986699217 0.0202027073175195 4.16882499496813 0 0 2.67062379558309 0 0 0 1.031803618996 0 1.50029094772377 0 2.03865497737093 0 4.46285396380784 2.46080909820894 6.59981959320152 4.97125311666115 0 0 0 2.15357988266299 0 0 0 1.87075505638707 0 2.19986658679906 0 1.1076416953875 1.54262924276199 0 0 0 1.92429830593983 0 2.05968993349032 0 0 0 0 0 0 0 0 0 0 0 0 0 0 0 0 0 0 0 0 0 0 0 0 0 0 0 0 0 0 0 0 0 0 0 0 0 0 0 0 0 0 0 0 0 0 0 0 0 0 0 0 0 0 0 0 0 0 0 0 0 0 0 0 0 0 0 0 0 0 0 0 0 0 0 0 0 0 0 0 0 0 0 0 0 0 0 0 0 0 0 0 0 0 0 0 0 0 0 0 0 0 0 0 0 0 0 0 0 0 0 0 0 0 0 0 0 0 0 0 0 0 0 0 0 0 0 0 0 0 0 0 0 0 0 0 0 0 0 0 0 0 0 0 0 0 0 0 0 0 0 0 0 0 0 0 0 0 0 0 0 0 0 0 0 0 0 0 0 0 0 0 0 0 0 0 0 0 0 0 0 0
2.29541660351543 4.78471009982017 0 1.87389313427606 3.68972943291564 6.27721235211086 3.22727582006657 0 0 0 0 0 4.34411458865163 0 0 2.88087861654467 1.45051395385418 4.55662999057387 4.60053360329197 5.4019723469745 0 4.8233490526729 4.22588985687499 0 0 0 0 0 0 0 0 0 0 0 0 0 0 0 0 0 0 0 0 0 0 0 0 0 0 0 0 0 0 0 0 0 0 0 0 0 0 0 0 0 0 0 0 0 0 0 0 0 0 0 1.53532994028038 0.640779195042629 1.41314161115608 0 0 0 0 0 0 0 0 0 0 0 0 0 1.33213265314855 0 0 0 0 0 0 0 0 0 0 0 1.02083458762543 0 0 0 0 0 0 0 0 0 0 0 0 0 0 0 0 1.57201150691498 0 1.21311456428403 0 0 0 0 2.95015124032551 0 0 0 3.13000743713136 1.58603698226949 0 2.32212091132386 3.67457697933172 2.93526707780406 0 5.45722348517984 0 0 2.6846492709376 0 3.69506775004588 0 0 2.07944154167984 0 0 0 0.473399218246874 0 0 0 2.98822114230399 0 4.84373168254764 3.90341463089155 5.69914589196008 4.47849569744485 0.985918322519197 0 0 3.628414258364 0 0 0 1.36393745401861 0 1.6553083665002 0 0 2.52354940073264 0 0 0 1.76125350655351 0 1.12986483217221 0 0 0 0 0 0 0 0 0 0 0 0 0 0 0 0 0 0 0 0 0 0 0 0 0 0 0 0 0 0 0 0 0 0 0 0 0 0 0 0 0 0 0 0 0 0 0 0 0 0 0 0 0 0 0 0 0 0 0 0 0 0 0 0 0 0 0 0 0 0 0 0 0 0 0 0 0 0 0 0 0 0 0 0 0 0 0 0 0 0 0 0 0 0 0 0 0 0 0 0 0 0 0 0 0 0 0 0 0 0 0 0 0 0 0 0 0 0 0 0 0 0 0 0 0 0 0 0 0 0 0 0 0 0 0 0 0 0 0 0 0 0 0 0 0 0 0 0 0 0 0 0 0 0 0 0 0 0 0 0 0 0 0 0 0 0 0 0 0 0 0 0 0 0 0 0 0 0 0 0 0 0
