0 4.23366275042978 6.458428911102 8.80781481669708 8.50522250809962 7.59153559789343 5.41970689175167 2.8486990614956 0 0 0 0 7.02228283233722 6.00596770950018 5.21449200344151 4.69374779611146 3.86494565926239 5.6670737964433 4.31948159009354 5.36992586192546 5.81113080921064 5.92930867274021 0 0 0 3.31813613942249 0 0 0 3.91568974410557 5.54508443420186 0 3.71580948218088 0 3.04387434956075 0 0 0 0 0 0 0 2.31240070742508 3.18046022969731 0 0 0 0 0 0 0 0 0 0 0 0 0 0 0 2.44175531937561 2.47178235298945 2.58361241859346 2.7593208194957 0 0 0 3.03916310699072 2.72691868540659 3.97624259816244 3.53264326779566 3.34367875889714 3.91697670198293 2.41445498883739 0 3.62461300480501 3.66573963191895 4.2620568987056 0 0 0 0 2.79715688706694 2.48433959561913 2.95865891305178 3.10760216939733 3.41437547404271 3.78789334185575 3.47272671614502 3.27173931442527 3.89853103622157 4.02437940091621 3.20848185820825 3.46232874447811 3.18722367664344 0 2.52354940073264 0 0 0 0 0 0 3.90656596596509 0 0 4.11026031589292 4.38461681467449 3.09320461636281 2.88373603348077 4.35084832445804 3.31924430920899 3.37535615047827 0 0 0 0 0 4.1692984673709 5.44166647868726 6.90152844946268 7.13864561705752 5.47754457160893 5.02244734252859 3.07765703949951 5.0610007205057 5.39446207744071 5.46146534985065 5.08768031591688 4.14167593692787 4.41180831677172 6.44586018314389 6.10623473425404 5.40309097531583 6.10139369229936 6.09422986140732 5.34433400875854 4.21574915004859 5.24199893595781 0 0 0 5.39847046958617 4.88251843569574 0 0 3.72191611941154 0 0 0 3.0067260417862 3.72970144863419 5.35356541560836 6.00693105632506 4.8233490526729 4.36049547350709 4.84533806558698 4.51893772634279 4.96098761951269 5.09491808415119 6.04724351410569 0 0 5.39387488743698 0 0 3.4421826281622 5.04987781060507 0 3.72782213280551 3.43749213687932 3.07388937413207 5.76475384173837 3.0790662623116 0 4.76869371274983 5.46548787562148 5.32990501873212 4.68700093309843 0 0 6.33468630616696 0 4.3680260206499 5.94273688098551 5.50879602155415 4.09445793448003 0 0 0 0 0 0 5.0659047998516 3.79411241061603 4.56463159801642 3.48312214760767 3.25809653802148 3.35264528439065 2.4874544218668 0 0 0 0 0 0 0 0 0 0 2.99743150930695 3.6934607805285 0 0 0 0 0 0 0 0 0 0 0 0 0 0 3.04322584110741 0 0 0 2.800263444396 0 0 0 0 0 0 0 0 0 0 0 0 0 0 0 0 0 0 0 0 0 0 0 0 0 0 0 0 0 0 0 0 0 0 0 0 0 0 0 0 0 0 0 0 0 0 0 0 0 0 0 0 0 0 0 0 0 0 0 0 0 0 0 0 0 0 0 0 0 5.46311091801505 4.85492254831814 0 0 0 0 0 0 0 0 0 2.77046060907229 0 0 2.96901806108376 3.05081938272501 2.65639880465175 0 3.30224110714336 0 0 0 4.47070541329347 3.44413957594916 0 3.10760216939733 0 0 0 0 0 2.93273451494536 4.42598655788506 3.67431816899512 0 0 0 0 0 0 3.34811229320984 0 0 0 0 0 0 0 0 0 0 0 2.33800476611643 0 0 0 0 0 0 0 0
4.23366275042978 0 0 3.78078247559665 3.79724565226076 4.01325255138804 0 2.55654153073779 0 0 0 0 3.40459297066329 0 0 0 0 4.08018584202231 0 3.75110343652719 4.42178684120693 0 4.58006167059561 0 0 0 0 0 0 0 0 0 0 0 0 0 0 0 0 0 0 0 0 0 0 0 0 0 0 0 0 0 0 0 0 0 0 0 0 0 0 0 0 0 0 0 3.65480195451839 0 0 0 0 0 3.19617103117444 0 0 0 0 0 0 0 0 0 0 0 0 0 0 0 0 0 0 0 0 0 0 0 0 0 0 0 0 0 0 0 0 0 0 0 0 0 0 0 0 0 0 0 0 0 0 3.13741487840922 0 0 0 0 2.55178087641467 0 0 0 0 0 3.29785045842895 3.22741072731804 4.0867191909537 3.59675297645754 3.46870767318888 3.53947937704528 4.78544884115225 4.76351032847737 0 4.6570653400381 4.33533248661286 0 4.83897776236108 0 0 2.94157056558265 0 0 0 4.28316423483246 4.75344356998973 0 0 0 0 4.55901939275559 4.94353567301098 3.36553495613828 4.97795279733523 0 0 0 0 0 0 0 0 0 0 0 0 0 0 0 0 2.56075428051741 2.97128622920263 0 0 0 0 0 0 0 0 0 0 0 0 0 0 0 0 0 0 0 0 0 0 0 0 0 0 0 0 0 0 0 0 0 0 0 0 0 0 0 0 0 0 0 0 0 0 0 0 0 0 0 0 0 0 0 0 0 0 0 0 0 0 0 0 0 0 0 0 0 0 0 0 0 0 0 0 0 0 0 0 0 0 0 0 0 0 0 0 0 0 0 0 0 0 0 0 0 0 0 0 0 0 0 0 0 0 0 0 0 0 0 0 0 0 0 0 0 0 0 0 0 0 0 0 0 0 0 0 0 0 0 0 0 0 0 0 0 0 0 0 0 0 0 0 0 0 0 0 0 0 0 0 0 0 0 0 0 0 0 0 0 0 0 0 0 0 0 0 0 0 0 0 0 0 0 0 0 0 0 0 0 0 0
6.458428911102 0 0 6.27220292495677 5.80484806603115 4.96046322315238 0 0 0 0 0 0 5.20810979253859 5.04392970760819 4.68631119141069 4.28245995985441 3.67759149434008 0 4.25290726346055 3.20241454781413 0 0 0 0 0 0 0 0 0 0 4.752299186878 0 0 0 0 0 0 0 0 0 0 0 0 0 0 0 0 0 0 0 0 0 0 0 0 0 0 0 0 0 0 0 0 0 0 0 0 0 0 0 0 0 0 0 0 0 0 0 0 0 0 0 0 0 0 0 0 0 0 0 0 0 0 0 0 0 0 0 0 0 0 0 0 0 0 0 0 0 0 0 0 0 0 0 0 0 0 0 3.50349197769815 4.4796532389562 4.94694901740495 3.09505418532411 0 0 2.95210731812534 3.08515004989298 0 0 0 0 3.17222622519788 0 0 2.78295150927533 2.75694833914207 0 0 2.90704974215074 0 0 0 5.21256678996275 0 0 0 0 0 0 0 0 0 4.75121227814476 3.40673756203777 0 0 0 0 3.77025565219961 0 2.99607235177526 0 0 0 0 0 0 2.48632288002046 0 0 0 0 0 0 0 3.28175480646616 0 0 0 0 0 4.48622576189545 0 3.17748677617908 3.96217278911362 3.70582686871078 2.27674386181016 0 0 0 0 0 0 3.74982415275154 2.85752524412387 3.63919603396729 0 0 0 0 0 0 0 0 0 0 0 0 0 0 0 2.69687690050408 0 0 0 0 0 0 0 0 0 0 0 0 0 0 0 0 0 0 0 0 0 0 0 0 0 0 0 0 0 0 0 0 0 0 0 0 0 0 0 0 0 0 0 0 0 0 0 0 0 0 0 0 0 0 0 0 0 0 0 0 0 0 0 0 0 0 0 0 0 0 0 0 0 0 0 0 0 0 0 0 0 0 0 0 0 0 0 0 3.99244240823421 3.4381479462809 0 0 0 0 0 0 0 0 0 0 0 0 0 0 0 0 0 0 0 0 3.56694239427033 0 0 0 0 0 0 0 0 0 3.43091027898067 0 0 0 0 0 0 0 0 0 0 0 0 0 0 0 0 0 0 0 0 0 0 0 0 0 0 0 0
8.80781481669708 3.78078247559665 6.27220292495677 0 8.11491687126633 7.43951734081939 5.31141153462826 3.11532772474955 0 0 0 0 6.69288944744709 5.66937645609159 4.9689389567543 4.39226317767955 3.65971683188613 5.59819517591542 4.32422275446209 4.77892339306084 5.1124179884062 5.44799742663076 0 0 0 2.95865891305178 0 0 0 3.56876589878253 5.3202019919813 0 3.51296589361531 0 2.94587010642322 0 0 0 0 0 0 0 2.17002504575916 2.97978953423516 0 0 0 0 0 0 3.04743364793088 0 0 2.54965773336659 0 0 0 2.14605062181151 0 2.38638838172116 2.20475473339997 0 2.31408335968142 0 0 0 2.64800647629207 2.25236533601502 3.44457393364955 2.93671138208112 2.69962478407424 3.32879735185359 0 0 2.95883538883094 2.99624234752577 3.59264197375101 0 0 0 0 0 0 2.39044644878538 2.50982046461342 2.80911579247716 3.16622105988233 2.8631722263191 2.68116130088588 3.28430680478879 3.38208159326806 2.60721458004267 2.86414262911238 2.53358882842739 0 2.35169914380598 0 0 0 0 0 0 3.28583488352749 0 0 3.43705469155301 3.6765589697259 2.43104411908142 2.27604553775943 3.72380655682984 2.66163815933775 2.71954846778958 0 0 0 0 0 4.51503705828428 5.11366656856452 6.36082064896538 6.61616080113901 5.37210823303549 4.33693497972232 2.64631952565704 4.38537984989591 5.76939397436809 5.49655467701281 4.34720101085482 3.47093071967683 3.70649548553469 5.88022890794612 5.45842693327597 4.82386849769859 5.60486375106586 5.886802955702 5.09431345769808 3.65787658249504 4.8674036203383 0 0 0 5.20531404770228 4.16211976143005 0 0 3.27225537688028 0 0 0 0 3.2420075716916 5.11954054017546 5.83515876894584 4.90952373830607 4.21101839135153 3.90875235656002 3.87020845499514 4.63128869373492 4.13102192518901 5.87780247289974 0 0 5.72563936860785 0 0 2.84928990346256 4.43093826862785 0 3.06393117913977 2.79320800944252 2.39075792675083 5.36255290811846 2.59179660749772 0 4.21122015679988 4.76353936068861 4.66417685296255 3.97853661560892 2.39758601038675 0 6.00133068232412 0 3.87727662126065 5.86439425790795 5.23884535403174 3.85534466840971 0 0 0 0 0 0 4.54985880482839 3.68093985548518 4.03868562384679 2.97857919432774 2.71887574660713 3.8210706633795 0 0 0 0 0 0 0 0 0 0 0 2.50510935710552 3.37547249042372 0 0 0 0 0 0 0 0 0 0 0 0 0 0 2.48263650125346 0 0 0 2.28057595150226 0 0 0 0 0 0 0 0 0 0 0 0 0 0 0 0 0 0 0 0 0 0 0 0 0 0 0 0 0 0 0 0 0 0 0 0 0 0 0 0 0 0 0 0 0 0 0 0 0 0 0 0 0 0 0 0 0 0 0 0 0 0 0 0 0 0 0 3.66730484962981 0 4.96217840771694 4.32615790504011 3.09751496786393 0 0 0 4.26191307934248 0 0 0 0 2.28888624863588 0 0 2.49758109068473 3.19700575576381 0 0 3.01660142541467 0 0 0 3.96675595564249 2.89865182025678 0 2.51478462262894 0 0 0 0 0 0 3.86694024604704 4.53238002645645 0 0 0 0 0 0 2.91850589109552 0 0 3.96862192793696 0 0 0 0 0 0 0 0 0 0 0 0 0 0 0 0 0
8.50522250809962 3.79724565226076 5.80484806603115 8.11491687126633 0 7.70405594967307 5.45559725607495 2.68092833641191 0 0 0 0 6.7099056195499 5.66614418228387 4.35923485041855 4.70029481982287 3.65330514596246 5.56440311214926 4.98681644931944 5.29673448179363 5.60287160622088 5.8473231308622 0 0 0 2.66282510309727 0 0 0 0 4.93645405918562 0 0 0 0 0 0 0 0 0 0 0 0 2.8395954957551 0 0 0 0 0 0 0 0 0 0 0 0 0 0 0 0 0 0 0 0 0 0 2.86297803270746 0 2.95299518109764 2.6573534586622 0 2.93110304535481 0 0 2.64027136400014 2.65711488058639 3.25822735102448 0 0 0 0 1.8909787168638 0 0 0 2.60067203028323 2.83521214544125 2.44264276211984 0 2.86414262911238 3.03230033495777 2.27464742498363 0 0 0 2.59205128723933 0 0 0 0 0 0 3.28761469584579 0 0 3.37325971365174 3.605756610864 0 0 3.44446536191067 0 0 0 0 0 0 0 3.96675595564249 4.78385702728571 6.08636493362022 6.11076570421106 4.93540336942115 4.05131160302197 2.88068783146348 4.42708454298958 5.10216592232739 5.23472171143016 4.20596097906482 3.48801977632107 3.56203121871942 5.56777311969755 5.14943058584032 4.67126998769262 5.28002176638112 5.56605700601291 4.76672776918681 3.65743792827912 4.80304476817421 0 0 0 5.00706885118964 4.10472137538833 0 0 0 0 0 0 0 0 4.8548165571683 5.38187038936632 4.86954707578046 3.75493149766574 4.22255428013835 3.74974414315035 5.14076806078597 4.44636583747949 5.55922845635924 0 0 5.53158635293655 0 0 0 4.23931817871727 0 2.72379855807035 0 2.08241331206899 5.02622738885609 2.71099371052965 0 4.387876835767 4.47888169351248 4.46136265628291 3.76750828990007 0 0 5.74000069075364 0 3.95587713307695 5.37005250632399 4.92934653453428 3.50164790382243 0 0 0 0 0 0 4.60227484205963 3.53947937704528 4.19730423898759 3.12985872718982 2.93761301409604 3.37407551697185 0 0 0 0 0 0 0 0 0 0 0 0 3.37407551697185 0 0 0 0 0 0 0 0 0 0 0 0 0 0 2.6846492709376 0 0 0 0 0 0 0 0 0 0 0 0 0 0 0 0 0 0 0 0 0 0 0 0 0 0 0 0 0 0 0 0 0 0 0 0 0 0 0 0 0 0 0 0 0 0 0 0 0 0 0 0 0 0 0 0 0 0 0 0 0 0 0 0 0 0 0 0 0 0 0 3.11608192947645 0 4.98160107079241 4.37297216092428 0 0 0 0 3.34427903504218 0 0 0 0 0 0 0 0 2.66850290401396 0 0 2.98873506094486 0 0 0 4.19181690503092 3.1511940468752 0 2.83501244499126 0 0 0 0 0 0 4.04638738435656 3.63839142080869 0 0 0 0 0 0 2.56180470078207 0 0 3.27611737962071 0 0 0 0 0 0 0 0 0 0 0 0 0 0 0 0 0
7.59153559789343 4.01325255138804 4.96046322315238 7.43951734081939 7.70405594967307 0 6.00413059166384 0 0 0 0 0 6.55617907334629 4.26717297766456 3.88198449630892 4.77402275706183 3.91426538736867 5.95940858192971 5.54408735224554 6.01574227357864 6.22339253131772 6.37932664779777 4.1696665687607 0 0 2.26621744882317 0 0 0 0 3.67630067190708 0 0 0 0 0 0 0 0 0 0 0 0 0 0 0 0 0 0 0 0 0 0 0 0 0 0 0 0 0 0 0 0 0 0 0 0 0 2.50399762825283 2.1938174190146 0 2.49281182929511 0 0 2.26692266747017 2.29438832578987 2.88772274972459 0 0 0 0 0 0 0 0 2.26091239659348 2.42534438863666 0 0 0 2.62461929586777 0 0 0 0 2.54912624252229 0 0 0 0 0 0 2.78147766965703 0 0 2.91094476701388 3.18848674606966 0 0 3.00369369444916 0 0 0 0 0 0 0 2.99726171560589 3.92995647330162 5.47912133247397 4.96322512966997 4.333325752233 3.69074845474295 2.41658167959793 4.03019900996947 4.2247460618377 4.9902474615873 3.82188987772433 3.10638488379358 3.21191286411295 5.16825904176328 4.81373174446261 4.42337910071414 4.94416596078244 5.22773796021205 4.53395180782728 3.5964732170488 5.10977240283508 0 0 0 4.39360895969779 4.95884062090652 0 0 4.01779160107531 0 0 0 0 0 4.97839785080756 4.57151490940293 4.95357291406028 3.27560330686809 4.9896455679191 4.12323167293199 5.97409518151774 5.18774677895218 5.08900208224063 0 0 5.59593714095934 0 0 0 3.78016174311241 0 0 0 0 4.64295082557968 2.28508593312755 0 3.97821831659614 4.09423117710944 4.15414184442183 3.34295795156175 0 0 4.33283460405266 0 0 4.03273447767247 3.5421417066758 0 0 0 0 0 0 0 3.16104491604662 0 2.98048049988711 0 0 0 0 0 0 0 0 0 0 0 0 0 0 0 0 0 0 0 0 0 0 0 0 0 0 0 0 0 0 0 0 0 0 0 0 0 0 0 0 0 0 0 0 0 0 0 0 0 0 0 0 0 0 0 0 0 0 0 0 0 0 0 0 0 0 0 0 0 0 0 0 0 0 0 0 0 0 0 0 0 0 0 0 0 0 0 0 0 0 0 0 0 0 0 0 0 0 0 0 0 0 0 0 3.77197871027002 3.00470549891996 0 0 0 0 0 0 0 0 0 0 0 0 0 0 0 0 0 0 0 0 2.876672913538 0 0 0 0 0 0 0 0 0 0 0 0 0 0 0 0 0 0 0 0 0 0 0 0 0 0 0 0 0 0 0 0 0 0 0 0 0 0
5.41970689175167 0 0 5.31141153462826 5.45559725607495 6.00413059166384 0 0 0 0 0 0 4.43787797773766 0 0 0 0 5.40019222250958 3.61045816365907 0 3.88841313978901 4.64304907831855 0 0 0 0 0 0 0 0 0 0 0 0 0 0 0 0 0 0 0 0 0 0 0 0 0 0 0 0 0 0 0 0 0 0 0 0 0 0 0 0 0 0 0 0 0 0 0 0 0 0 0 0 0 0 0 0 0 0 0 0 0 0 0 0 0 0 0 0 0 0 0 0 0 0 0 0 0 0 0 0 0 0 0 0 0 0 0 0 0 0 0 0 0 0 0 0 3.1204451350745 4.19238241413269 0 3.66059195227102 0 0 0 3.85987005055353 4.67856604848086 0 0 0 3.79930365824648 3.14256763180488 0 3.71199458287849 4.59892624329063 3.8108863608865 0 4.16814069437556 0 0 0 0 0 0 0 0 0 0 0 0 0 0 3.826050050131 4.53807056490281 0 0 0 4.25883999519923 0 4.63789417385928 0 0 5.47741661710369 0 0 0 0 0 0 0 0 3.64383227622334 0 0 0 2.08917294913006 0 0 0 0 2.76554869316343 0 0 0 0 0 0 0 0 0 0 0 0 0 0 0 0 0 0 0 0 0 0 0 0 0 0 0 0 0 0 0 0 0 0 0 0 0 0 0 0 0 0 0 0 0 0 0 0 0 0 0 0 0 0 0 0 0 0 0 0 0 0 0 0 0 0 0 0 0 0 0 0 0 0 0 0 0 0 0 0 0 0 0 0 0 0 0 0 0 0 0 0 0 0 0 0 0 0 0 0 0 0 0 0 0 0 0 0 0 0 0 0 0 0 0 0 0 0 0 0 0 0 0 0 0 0 0 0 0 0 0 0 0 0 0 0 0 0 0 0 0 0 0 0 0 0 0 0 0 0 0 0 0 0 0 0 0 0 0 0 0 0 0 0 0 0 0 0 0 0 0 0 0 0 0 0 0 0 0
2.8486990614956 2.55654153073779 0 3.11532772474955 2.68092833641191 0 0 0 6.56117017448981 5.62033924496819 4.33216446754311 5.84444118527688 0 5.98474131648624 0 0 0 0 0 0 0 0 0 0 0 3.95737350627832 0 2.89037175789616 0 0 0 4.09542108007444 0 0 0 6.0675039618629 5.0710838299823 5.10538873267807 5.27456818633637 6.52219783467043 3.96081316959758 5.35201932240596 4.7719809129417 5.45081945787904 4.60971765369504 0 5.17270400888391 3.93608492307139 4.23094663231266 3.52515932327053 6.69051687695126 5.89613480928927 6.83621178131878 6.86989798968548 6.81117320222433 6.04225303723255 0 0 0 3.01626825866163 0 0 2.37916813374767 0 0 0 4.58281327888681 2.79570385100434 2.88183199634803 3.03410228482696 2.50788328398825 2.45877450951115 4.07465077254031 3.88058147959333 3.46477881228162 2.66068758892396 3.00048287631259 5.19329692911148 3.12553649078659 3.78650605839626 2.96849390627137 2.93200974593375 3.16693785440804 2.76896823058402 0 2.81320661429989 2.65209154745417 0 2.01354154994394 1.98076686475994 0 0 0 0 3.66137890636226 5.18618796181652 4.28236601903706 0 4.81345560053464 5.39311721207234 3.88959653068971 5.10173128818935 3.57459793405166 3.70356698074335 3.44370502950018 5.8632929149312 0 3.86857568566921 3.82092164318699 3.6892195323352 2.5443300702588 0 3.48812372102258 2.75131818135073 3.33729357968268 4.78149306098923 5.06173355812875 4.27647713668534 4.92579842190475 7.02817429317477 0 3.57010740914087 0 0 0 0 0 0 0 2.74849117066072 4.50703970634375 3.23171817777943 4.61137538366176 3.73027271400248 3.23225530683759 3.50839294727932 4.55898377197442 4.09502460305076 0 3.32635654029278 2.91149996273463 0 3.70012550338856 4.0026220433674 3.97853661560892 2.73710252369671 4.92327753677757 5.14747470126592 5.33066271931194 4.10595490512141 4.68762755842833 0 0 0 0 0 3.29318785783275 0 0 0 0 0 0 0 0 0 5.01651367412562 4.66625888577795 2.8664677609485 2.09546887758688 0 3.2521921713311 0 0 3.5724029625162 2.49758109068473 3.12732726876106 0 0 0 0 0 0 0 0 0 0 6.71557301997131 4.42129640470863 3.57526501369712 0 2.85027386497066 0 5.43070226887031 0 0 0 0 0 0 0 0 0 0 0 3.23144950502123 0 0 0 0 0 0 0 0 0 4.84469582199403 3.37593771490292 3.47641423020076 3.63444841005442 5.47627852357183 3.22308464243137 2.57897920567198 3.94895171666125 4.43324339552057 2.78736003956009 0 0 0 0 0 5.01353358432361 3.39197127828886 4.14416000775917 4.91620001490146 5.810295387274 0 0 0 0 0 0 0 0 0 0 0 0 0 0 0 0 0 0 0 0 0 0 0 0 0 0 0 0 0 0 0 0 0 0 0 0 0 0 0 0 3.135346319752 0 0 0 0 0 0 0 0 0 0 0 0 0 0 0 0 0 0 0 0 0 0 0 3.08031723980078 0 0 0 0 0 0 0 0 0 0 0 0 0 0 0 0 0 0 0 0 0 0 0 0 0 0 0 0 0 0 0 0 0 0 0 0 0 0 0 0 0 0 0 0 0 0 0 0 0 0 0 0 0 0 0 0 0 0 0 0
0 0 0 0 0 0 0 6.56117017448981 0 4.07528655558632 0 4.46817312528544 0 4.67028252205422 0 0 0 0 0 0 0 0 0 0 0 3.09551604354185 0 0 0 0 0 0 0 0 0 5.58645851728073 4.25999350873673 4.31061648532291 4.14194624372773 4.83625491166215 0 3.98361566912796 3.32047417038971 4.25908042027192 0 0 3.94441775351103 0 0 0 7.28677396990964 6.06222569554118 6.50006320322531 5.41951105700544 5.17987084552779 4.74994762788724 0 0 0 0 0 0 0 0 0 0 4.13516655674236 2.18773143598472 2.11699288733197 2.3623289749321 1.82411031048122 0 3.78966318572506 3.46339472901568 2.90481718308389 0 0 4.35422012280504 0 3.54420751824122 0 2.33207784721866 0 0 0 0 0 0 0 0 0 0 0 0 0 4.29770181263747 3.39311491976758 0 4.3910841308864 5.39594397083036 4.02322357756765 4.60927738614072 3.34367875889714 4.27963788940521 3.57688321404071 5.07008008186014 0 3.36952182821101 2.89771434948408 2.8884803255184 0 0 0 2.23140323850971 0 5.19518414941947 4.57856077151981 3.26370610201045 4.40064475386116 6.12985021010321 0 0 0 0 0 0 0 0 0 0 3.80363447837268 0 0 0 0 0 3.26149212702262 0 0 0 0 0 0 3.0205907924077 0 0 5.11180336023688 4.75356086860281 4.24259839511714 2.95742270980384 3.53314021160154 0 0 0 0 0 0 0 0 0 0 0 0 0 0 0 4.80830537455832 3.65585717797191 2.246626439346 0 0 0 0 0 3.27264224902386 0 0 0 0 0 0 0 0 0 0 0 0 4.82793271234056 4.10511402719537 0 0 0 0 3.98215808149387 0 0 0 0 0 0 0 0 0 0 0 0 2.55204595262563 0 0 0 0 0 0 0 0 4.42574239738902 3.2088942010084 2.92946890972108 4.06290303638728 3.62307028477491 0 0 0 0 2.94067249637096 0 0 0 0 0 4.86352327672634 3.68632517430884 3.19380218731608 0 3.36998982868755 0 0 0 0 0 0 0 0 0 0 0 0 0 0 0 0 0 0 0 0 0 0 0 0 0 0 0 0 0 0 0 0 0 0 0 0 0 0 0 0 0 0 0 0 0 0 0 0 0 0 0 0 0 0 0 0 0 0 0 0 0 0 0 0 0 0 0 0 0 0 0 0 0 0 0 0 0 0 0 0 0 0 0 0 0 0 0 0 0 0 0 0 0 0 0 0 0 0 0 0 0 0 0 0 0 0 0 0 0 0 0 0 0 0 0 0 0 0 0 0 0 0 0 0 0
0 0 0 0 0 0 0 5.62033924496819 4.07528655558632 0 4.29594247147344 5.44610674828155 0 0 0 0 0 0 0 0 0 0 0 0 0 0 0 0 0 0 0 0 0 0 0 0 0 0 0 0 0 0 3.34643705050622 5.21585961347928 0 0 3.63166101446287 0 0 0 4.58468977803008 3.38358283496117 4.65970990571006 5.93433614482248 4.59560073497194 4.95824341343085 0 0 0 0 0 0 0 0 0 0 4.82801437276932 0 0 0 0 0 3.88156379794344 0 0 0 0 4.28250692695397 0 0 0 0 0 0 0 0 0 0 0 0 0 0 0 0 0 5.64383506112419 4.95972383394956 0 3.28697941217027 0 0 0 0 0 0 3.70816507436897 0 0 0 0 0 0 0 0 0 0 3.50349197769815 0 0 4.55802153094791 0 0 0 0 0 0 0 0 0 0 0 0 0 0 0 0 3.6767311312138 3.56463425706558 0 0 0 0 0 2.86762830266483 3.22349100884401 0 0 0 4.42088752380993 3.15235802198115 4.00224916411381 0 0 0 0 0 0 0 0 0 0 0 0 0 0 0 0 2.52681648776609 0 0 0 0 0 0 0 0 0 0 0 0 0 0 0 0 0 0 0 3.36247541032965 0 3.42638763049071 0 2.87129449104524 0 0 0 0 0 0 0 0 0 0 0 0 0 3.84884410380661 0 0 0 0 0 0 0 0 0 0 0 0 0 3.06122697006322 2.62658925464323 0 3.90272824195664 4.48840703823245 0 0 0 0 0 0 0 0 0 3.43639816455711 4.08437438990225 0 0 0 0 0 0 0 0 0 0 0 0 0 0 0 0 0 0 0 0 0 0 0 0 0 0 0 0 0 0 0 0 0 0 0 0 0 0 0 0 3.22646599413488 0 0 0 0 0 0 0 0 0 0 0 0 0 0 0 0 0 0 0 0 0 0 0 0 0 0 0 0 0 0 0 0 0 0 0 0 0 0 0 0 0 0 0 0 0 0 0 0 0 0 0 0 0 0 0 0 0 0 0 0 0 0 0 0 0 0 0 0 0 0 0 0 0 0 0 0 0 0 0 0 0 0 0 0
0 0 0 0 0 0 0 4.33216446754311 0 4.29594247147344 0 5.18869608602936 0 0 0 0 0 0 0 0 0 0 0 0 0 0 0 0 0 0 0 0 0 0 0 0 0 0 0 0 0 0 0 4.04161808951686 0 0 0 0 0 0 3.51903080657556 0 3.29684416903586 0 0 4.77835145790269 0 0 0 0 0 0 0 0 0 0 4.47486003302631 0 0 0 0 0 4.48223358738681 3.63919603396729 0 0 0 4.75730717789847 3.65752567451705 4.5380341900233 0 0 0 0 0 0 0 0 0 0 0 0 0 0 0 0 0 0 0 0 0 0 0 0 0 0 0 0 0 0 0 0 0 0 0 0 0 0 0 2.94640625155268 0 0 0 0 0 0 0 0 0 0 0 0 3.50257036583628 0 0 0 3.36388867166486 0 0 0 0 0 0 0 0 0 0 0 3.36482973749128 0 0 0 0 0 0 0 0 0 0 0 0 0 0 0 0 0 0 0 0 0 0 0 0 0 0 0 0 0 0 0 0 0 0 0 0 0 0 0 0 0 0 0 0 0 0 0 0 0 0 0 0 0 0 0 0 0 0 0 0 0 0 0 0 0 0 0 0 0 0 0 0 0 0 0 0 0 0 0 0 0 0 0 0 0 0 0 0 0 0 0 0 0 0 0 0 0 0 0 0 0 0 0 0 0 0 0 0 0 0 0 0 0 0 0 0 0 0 0 0 0 0 0 0 0 0 0 0 0 0 0 0 0 0 0 0 0 0 0 0 0 0 0 0 0 0 0 0 0 0 0 0 0 0 0 0 0 0 0 0 0 0 0 0 0 0 0 0 0 0 0 0 0 0 0 0 0 0 0 0 0 0 0 0 0 0 0 0 0 0 0 0 0 0 0 0 0 0 0 0 0 0 0 0 0 0 0 0 0 0 0
0 0 0 0 0 0 0 5.84444118527688 4.46817312528544 5.44610674828155 5.18869608602936 0 0 0 0 0 0 0 0 0 0 0 0 0 0 3.86793604952928 0 0 0 0 0 0 0 0 0 0 0 0 0 0 0 0 4.15162894444415 5.45861529403084 0 0 3.91188694175013 0 0 0 4.95599471624865 3.72733129509932 5.05183816845353 5.34119439090443 4.36162433781593 5.59250881918533 0 0 0 0 0 0 0 0 0 0 5.27547338432319 0 0 0 0 0 5.36256885670024 0 0 0 0 5.41097770416786 4.31875714923962 5.18292941955921 0 0 0 0 0 0 0 0 0 0 0 0 0 0 0 5.19303243382362 5.05209925937993 0 3.98215808149387 0 0 0 0 0 0 3.99682673193019 0 0 0 0 0 0 0 0 0 0 4.00788961666666 0 0 4.79893396665269 0 0 0 0 0 0 0 0 0 0 0 0 4.78020905242396 3.81718890275731 3.22037130472002 3.87431407412667 4.81032986323458 4.45268478547989 0 3.41291978821374 0 0 0 3.45203705844156 3.34499889110206 0 0 4.06319549390991 4.97297345596863 3.89202852299425 4.34270047378431 0 0 0 0 0 3.50737389083731 0 0 0 0 0 0 0 0 0 0 0 0 0 0 0 0 0 0 0 0 0 0 0 0 0 0 0 0 0 0 2.98496017657208 0 3.59367130992013 0 0 0 0 0 0 0 0 0 0 0 0 0 0 0 4.329927430236 0 0 0 0 0 0 0 0 0 0 0 0 0 2.85184619233862 0 0 4.1001665835849 4.71500028997444 0 0 0 0 0 0 0 0 0 0 3.78681450997181 0 0 0 0 0 0 0 0 0 0 0 0 0 0 0 0 0 0 0 0 0 0 0 0 0 0 0 0 0 0 0 0 0 0 0 0 0 0 0 0 3.50134022729059 3.57859375327752 0 0 0 0 0 0 0 0 0 0 0 0 0 0 0 0 0 0 0 0 0 0 0 0 0 0 0 0 0 0 0 0 0 0 0 0 0 0 0 0 0 0 0 0 0 0 0 0 0 0 0 0 0 0 0 0 0 0 0 0 0 0 0 0 0 0 0 0 0 0 0 0 0 0 0 0 0 0 0 0 0 0 0
7.02228283233722 3.40459297066329 5.20810979253859 6.69288944744709 6.7099056195499 6.55617907334629 4.43787797773766 0 0 0 0 0 0 4.88442398295824 4.03562430508995 4.7780081397292 4.20062302378558 4.46860211735566 5.39873199799041 4.79525630497894 4.90333285885916 4.9195339318551 0 0 0 0 0 0 0 0 4.04424401606756 0 0 0 0 0 0 0 0 0 0 0 0 2.58386919096617 0 0 0 0 0 0 0 0 0 0 0 0 0 0 0 0 0 0 0 0 0 0 2.86936659378337 0 0 0 0 0 0 0 0 0 0 0 0 0 0 0 0 0 0 0 0 0 0 0 0 0 0 0 0 2.77046060907229 0 0 0 0 0 0 2.89169363515408 0 0 2.87877797603193 3.11502588351574 0 0 2.55574966056311 0 0 0 0 0 0 0 0 3.66791288439338 5.18654936749832 4.94433558579042 3.273544369067 3.1178897033945 2.87264181104503 4.08104793581403 2.93164716434892 3.17079969143243 3.62922693618199 3.03508379971027 2.89715144488154 4.26555014307615 3.99944812901239 3.94158180766969 3.89293033013802 3.64481027141132 3.30785804758055 3.1879255788271 4.06588209755834 0 0 0 4.71023473948609 4.1415677937462 0 0 3.4246171309688 0 0 0 3.04338800765281 0 5.1166078673066 3.17791209694823 3.13179023362198 0 3.81073581515796 3.25600119938163 5.06235820140238 4.50565047826818 3.36706122587983 0 0 3.8558485011479 0 0 0 3.56444167160519 0 0 0 0 3.33825999676683 2.62215137753718 0 4.21630128960333 3.58001697093793 3.61733230282189 3.04678744435428 0 0 4.64154147446719 0 3.29621472355653 4.1032054154113 3.88903981529607 0 0 0 0 0 0 0 3.93648330299831 2.81361477757087 3.71074744075052 0 0 0 0 0 0 0 0 0 0 0 0 0 0 0 2.69366146365011 0 0 0 0 0 0 0 0 0 0 0 0 0 0 0 0 0 0 0 0 0 0 0 0 0 0 0 0 0 0 0 0 0 0 0 0 0 0 0 0 0 0 0 0 0 0 0 0 0 0 0 0 0 0 0 0 0 0 0 0 0 0 0 0 0 0 0 0 0 0 0 0 0 0 0 0 0 0 0 0 0 0 0 0 0 0 0 0 4.27647713668534 3.6540978530987 0 0 0 0 0 0 0 0 0 0 0 0 0 0 0 0 0 0 0 0 3.64107095081491 0 0 0 0 0 0 0 0 0 3.5297561136173 0 0 0 0 0 0 0 0 0 0 0 0 0 0 0 0 0 0 0 0 0 0 0 0 0 0 0 0
6.00596770950018 0 5.04392970760819 5.66937645609159 5.66614418228387 4.26717297766456 0 5.98474131648624 4.67028252205422 0 0 0 4.88442398295824 0 6.0076675997935 3.43332865984495 3.52746035975177 3.78496237176677 0 0 0 0 0 0 0 3.84062198887258 5.04081033422512 0 4.75300357760916 5.22939737870238 5.49196905215591 4.65386316370524 4.65570809310168 4.6718110874114 4.83021668744839 4.60856577498923 4.15914877935188 4.91012567958481 4.76895362178313 5.49574533323476 4.02747528465276 4.59947371977992 4.52937581097108 4.38287661347559 5.36288777493231 4.46930370765572 4.08854546700062 3.48207699701086 4.28452442828342 3.73556179423583 5.13259202147749 4.08030083081103 3.64017857167306 4.15440880296475 5.5730072414597 0 3.88079205763082 5.48792523872628 3.89244484273382 4.43526107103659 4.67476605024153 4.03778620840616 3.53601762590018 3.92385746307515 3.11984444426202 0 0 2.4874544218668 4.71691841992971 3.49299697448469 2.73776309842072 4.20920066805376 0 0 0 0 0 0 0 0 0 0 0 0 0 3.1089698468387 3.23587340123677 3.34271756694521 0 2.58386919096617 2.14764044726561 0 3.27842744224963 0 0 3.30524073443939 0 0 0 0 0 0 2.25878247033565 2.75283711405027 0 2.80685868676874 0 0 0 0 0 0 0 0 0 0 3.28009250827633 3.6930374642626 4.27779926361322 5.26002547360836 4.99893445240077 4.52008644897851 0 0 3.02918020762153 4.20945332729359 3.2682489094855 2.30970256076291 0 0 3.85440830503233 3.24968871129774 3.9434953050039 3.66408479550072 3.61997768634863 3.6254287764342 3.26383618331145 4.11326867470773 0 0 0 5.07244901790764 3.80090140652261 0 3.91623182299132 3.25047995491016 0 4.45703313403208 4.45872781589666 0 4.24166927697896 4.79020913575855 3.06710326744591 0 2.51368360407565 0 0 3.12851934161866 0 3.1450608500796 4.68687556089955 4.51604154133903 3.43201026809169 3.82025077737226 0 3.71671958856067 2.93959374761479 0 0 2.93164716434892 0 3.23292631270052 0 0 3.72183384535662 2.46341893005131 3.00301858893828 0 4.45620445375657 4.55258712357996 4.04167784630675 0 2.7808453585389 3.9770716005375 3.47451949279181 0 0 5.21814709971877 3.44250905218991 0 0 0 3.14109812382552 4.39884863383192 4.23237968669277 0 2.0342164436749 0 0 0 0 0 0 0 0 0 3.82915886092496 0 3.22322011625126 3.7370215301207 3.36200387902302 3.37430848144582 0 0 3.07561798303268 3.91535079552082 3.28837650390701 3.57878363270465 3.69616576949823 4.36075609378483 2.74587450976955 3.25966516579411 3.18229651808674 3.49856687026672 3.95398720452718 2.80891081143718 3.13756246899321 0 2.62042020361651 0 4.11781968711366 2.90500342016423 2.75759593765364 3.35240721749272 4.43376838291274 0 0 0 0 0 0 0 0 0 0 0 0 0 0 0 0 0 0 0 0 0 0 0 0 0 0 0 0 0 0 0 0 0 0 0 0 0 0 0 0 0 0 0 0 0 0 0 0 0 0 0 0 0 0 0 0 0 0 0 0 0 0 0 0 3.53898557426007 0 0 0 0 0 0 0 0 0 0 0 0 0 2.24770499418721 0 0 0 0 0 0 0 3.30711094257755 2.40804764426239 0 0 0 0 0 0 0 0 2.97615411085967 0 0 0 0 0 0 0 0 2.47178235298945 0 0 0 0 0 0 0 0 0 0 0 0 0 0 0 0 0 0 0
5.21449200344151 0 4.68631119141069 4.9689389567543 4.35923485041855 3.88198449630892 0 0 0 0 0 0 4.03562430508995 6.0076675997935 0 3.75453342433537 4.37335821991031 3.75953760491995 3.60372164577363 0 0 0 0 0 0 4.14140555704249 4.75162367985494 0 5.08595730063485 5.53504174887088 6.22269773785591 3.49980042305472 4.73135321684284 4.06097066863623 4.95855400582861 0 3.50614965073338 4.6316862553622 0 3.8642323415918 4.2257904483556 0 4.23371206617384 4.48415489139007 5.16330771955022 4.98379298026273 0 0 4.69443242923711 4.75094771621368 0 0 0 0 4.0306824520867 0 3.4519292940145 3.32354222213056 3.40628645116963 4.45292245630692 3.21996366832604 3.26876677588755 3.34823184608224 0 0 0 0 3.40300979720133 3.88429517898812 3.4480420199261 2.7302509110824 3.19394168651419 2.14086616353894 0 0 0 0 0 0 0 0 0 0 0 0 3.2177867967181 2.92235663391194 0 0 0 0 0 0 0 0 4.38508318315643 3.02191705254906 0 0 0 0 0 2.89752674982121 3.22538520505372 0 3.11139666435009 2.62929162700393 2.17041331988556 0 0 0 0 0 0 0 0 0 2.97459201733713 4.15877678519321 5.02674073016121 4.94839797802939 3.92001816963792 0 3.20490108038413 3.58729110437753 3.71481569327922 3.0167679671754 2.86588698462785 0 0 3.76175367230886 3.36353554353453 4.01736311271446 3.66111665713658 3.37115887254293 3.60390681381416 0 4.17976264489302 0 0 0 5.73945381232202 4.50489873983774 0 4.052139809411 4.18996390882437 0 3.58973540379889 4.2552266653218 0 4.47489877995078 4.74306703612225 0 0 0 0 0 3.70079794184376 0 2.82154084284329 5.10617220556463 3.99187731230984 0 0 0 0 3.43902169032949 0 0 2.43581882227361 0 2.98564757993305 2.85125685925015 3.13741487840922 4.23730556237387 2.71031520773306 0 2.36072563965196 3.9262076404201 3.17847891005679 4.30810179593336 0 3.30848020898928 3.78155784975351 3.5779288912119 2.29575912792365 0 0 0 0 0 0 3.68222470726157 4.1034863221802 5.13030116180552 2.59940892540392 3.04904733232171 0 0 0 0 0 0 0 0 0 3.86029997317408 0 4.01938152374865 4.06989851787074 3.91474039840465 0 0 0 3.13060205584964 0 0 2.76661855525328 3.11351530921037 0 0 3.41045148223712 0 0 4.29931952462161 3.9844385841926 3.63749664623217 3.15002871535221 3.56251377434332 3.67733346311688 0 0 0 0 0 0 0 0 0 0 0 0 0 0 0 0 0 0 0 0 0 0 0 0 0 0 0 0 0 0 0 0 0 0 0 0 0 0 0 0 0 0 0 0 0 0 0 0 0 0 0 0 0 0 0 0 0 0 0 0 0 0 0 0 0 0 0 0 0 4.24083722837848 3.11909307297414 0 0 0 0 0 0 0 0 0 0 0 3.34355866041624 3.00689423621936 0 0 0 3.34259735296418 0 0 0 4.26330246751664 3.31059266705972 0 3.75715778466302 0 0 0 3.35109683550761 0 3.61970435028024 3.70281254841786 0 0 0 0 0 0 0 0 2.86453052671228 0 0 0 0 0 0 0 0 0 0 0 0 0 0 0 0 0 0 0
4.69374779611146 0 4.28245995985441 4.39226317767955 4.70029481982287 4.77402275706183 0 0 0 0 0 0 4.7780081397292 3.43332865984495 3.75453342433537 0 4.65386316370524 0 4.84702199515295 0 0 0 0 0 0 0 0 0 0 0 2.88999375751366 0 0 0 0 0 0 0 0 0 0 0 0 0 0 3.4381479462809 0 0 0 0 0 0 0 0 0 0 0 0 0 0 0 0 0 0 0 0 0 0 0 0 0 0 0 0 0 0 0 0 0 0 0 0 0 0 0 0 0 0 0 0 0 0 0 0 0 0 0 0 0 0 0 0 0 0 0 0 0 0 0 0 0 0 0 0 0 0 0 0 0 3.76372816254478 0 0 0 0 2.84692443813723 0 0 0 0 0 2.79341623432614 0 0 0 0 0 0 3.23185248709398 0 0 0 4.63809166571339 3.80477105739255 0 0 3.84324876893095 0 0 0 0 0 4.86402227218008 0 0 0 0 0 4.19315304788863 3.68290928712743 0 0 0 0 0 0 0 2.25557905061812 0 0 0 0 0 0 0 3.15235802198115 0 0 0 0 0 2.86297803270746 0 0 0 0 0 0 0 0 0 0 0 0 0 0 0 0 0 0 0 0 0 0 0 0 0 0 0 0 0 0 0 0 0 0 0 0 0 0 0 0 0 0 0 0 0 0 0 0 0 0 0 0 0 0 0 0 0 0 0 0 0 0 0 0 0 0 0 0 0 0 0 0 0 0 0 0 0 0 0 0 0 0 0 0 0 0 0 0 0 0 0 0 0 0 0 0 0 0 0 0 0 0 0 0 0 0 0 0 0 0 0 0 0 0 0 0 0 0 0 0 0 0 0 0 0 0 0 0 0 0 0 0 0 0 0 0 0 0 0 0 0 0 0 0 0 0 0 0 0 0 0 0 0 0 0 0 0 0 0 0 0 0 0 0 0 0 0 0 0 0 0 0 0 0 0 0 0 0 0
3.86494565926239 0 3.67759149434008 3.65971683188613 3.65330514596246 3.91426538736867 0 0 0 0 0 0 4.20062302378558 3.52746035975177 4.37335821991031 4.65386316370524 0 3.39425725482441 4.11198844297795 0 0 0 0 0 0 0 0 0 0 0 3.23118076005858 0 0 0 0 0 0 0 0 0 0 0 0 0 0 4.65577276569669 0 0 4.23188576195685 5.03763705758094 0 0 0 0 0 0 0 0 0 0 0 0 0 0 0 0 0 0 0 0 0 0 0 0 0 0 0 0 0 0 0 0 0 0 0 0 0 0 0 0 0 0 0 0 0 3.33994898257068 0 0 0 0 0 0 0 0 0 0 0 0 0 0 0 0 0 0 0 0 0 0 0 3.64507683145554 0 0 0 0 2.62437277793234 0 0 0 0 0 2.63857130287422 0 0 0 0 0 0 3.23359686861648 0 0 0 4.99865910304954 4.92486001120715 0 3.94507612472449 4.88501550872615 0 0 0 0 4.14663792326967 5.15811655237253 0 0 0 0 0 4.00243562112047 3.29495464274464 0 0 0 0 0 0 0 0 0 0 0 0 0 0 0 3.08856567190642 0 0 0 0 0 2.64969058591663 0 0 0 0 0 0 0 0 0 0 0 0 0 2.91813837914724 0 0 0 0 0 0 0 0 0 0 0 0 0 0 0 0 0 0 0 0 0 0 0 0 0 0 0 0 0 0 0 0 0 0 0 0 0 0 0 0 0 0 0 0 0 0 0 0 0 0 0 0 0 0 0 0 0 0 0 0 0 0 0 0 0 0 0 0 0 0 0 0 0 0 0 0 0 0 0 0 0 0 0 0 0 0 0 0 0 0 0 0 0 0 0 0 0 0 0 0 0 0 0 0 2.43819765182239 0 0 0 0 0 0 0 0 0 0 0 0 0 0 0 0 0 0 0 0 0 0 0 0 0 0 0 0 0 0 0 0 0 0 0 0 0 0 0 0 0 0 0 0 0 0 0 0 0 0 0 0 0 0 0 0 0 0 0 0
5.6670737964433 4.08018584202231 0 5.59819517591542 5.56440311214926 5.95940858192971 5.40019222250958 0 0 0 0 0 4.46860211735566 3.78496237176677 3.75953760491995 0 3.39425725482441 0 3.86779385258628 4.39230526079371 5.02045090852729 5.32149896589108 4.00677644400996 0 0 0 0 0 0 0 3.32047417038971 0 0 0 0 0 0 0 0 0 0 0 0 0 0 0 0 0 0 0 0 0 0 0 0 0 0 0 0 0 0 0 0 0 0 0 4.33613405416558 0 0 0 0 0 3.83373046599657 0 0 0 0 0 0 0 0 0 0 0 0 0 0 0 0 0 0 0 0 0 0 0 0 0 0 0 0 0 0 0 0 0 0 0 0 0 0 0 0 0 0 0 0 3.66155370097903 3.86337568819846 5.1393535347649 4.04376708747857 4.78197770215045 0 0 2.42142577020856 4.75517233084046 5.59276223395064 0 0 0 4.73566124719973 3.92935492932064 0 4.95807613140491 6.05555653999522 5.79222517752811 0 6.21705408415045 0 0 0 3.75882425332627 5.383511617373 0 0 4.10550652488747 0 0 0 0 4.95172264139823 4.05367608955244 4.18391784746429 4.78049453017291 3.89963364814501 4.46265786615057 4.58514100241773 4.69539634467375 4.7247052762251 5.44213790579421 0 0 6.02144430293942 0 0 0 2.68650455903934 0 0 0 0 4.84043050803639 0 0 0 2.77577242438771 0 0 0 0 3.43343844740613 0 0 3.79495400050542 3.12866825085875 0 0 0 0 0 0 0 0 0 0 0 0 0 0 0 0 0 0 0 0 0 0 0 0 0 0 0 0 0 0 0 0 0 0 0 0 0 0 0 0 0 0 0 0 0 0 0 0 0 0 0 0 0 0 0 0 0 0 0 0 0 0 0 0 0 0 0 0 0 0 0 0 0 0 0 0 0 0 0 0 0 0 0 0 0 0 0 0 0 0 0 0 0 0 0 0 0 0 0 0 0 0 0 0 0 0 0 0 0 0 0 0 0 0 2.86239522550301 0 0 0 0 0 0 0 0 0 0 0 0 0 0 0 0 0 0 0 0 0 0 0 0 0 0 0 0 0 0 0 0 0 0 0 0 0 0 0 0 0 0 0 0 0 0 0 0 0 0 0 0 0 0 0 0 0 0 0 0
4.31948159009354 0 4.25290726346055 4.32422275446209 4.98681644931944 5.54408735224554 3.61045816365907 0 0 0 0 0 5.39873199799041 0 3.60372164577363 4.84702199515295 4.11198844297795 3.86779385258628 0 3.84200920480709 4.00998890121139 3.94191198233509 0 0 0 0 0 0 0 0 0 0 0 0 0 0 0 0 0 0 0 0 0 0 0 3.16650783935088 0 0 0 3.29898132491876 0 0 0 0 0 0 0 0 0 0 0 0 0 0 0 0 0 0 0 0 0 0 0 0 0 0 0 0 0 0 0 0 0 0 0 0 0 0 0 0 0 0 0 0 0 0 0 0 0 0 0 0 0 0 0 0 0 0 0 0 0 0 0 0 0 0 0 0 0 3.24001143023432 0 0 0 0 2.32345424485473 0 0 0 0 0 2.59001203086095 0 2.43164220522365 2.37790709953264 2.55231095858981 0 0 3.23359686861648 0 0 0 4.08660493788303 4.88344591225327 0 0 4.31844004126169 0 0 0 0 0 5.00761486417101 0 0 0 3.04371226187096 0 5.1408078776285 3.80340700746902 0 0 0 3.24399973650479 0 0 0 0 0 0 0 0 0 0 0 2.53358882842739 0 0 0 0 0 0 0 0 0 0 0 0 0 0 0 0 0 0 0 0 0 0 0 0 0 0 0 0 0 0 0 0 0 0 0 0 0 0 0 0 0 0 0 0 0 0 0 0 0 0 0 0 0 0 0 0 0 0 0 0 0 0 0 0 0 0 0 0 0 0 0 0 0 0 0 0 0 0 0 0 0 0 0 0 0 0 0 0 0 0 0 0 0 0 0 0 0 0 0 0 0 0 0 0 0 0 0 0 0 0 0 0 0 0 0 0 0 0 0 0 0 0 0 0 0 0 0 0 0 0 0 0 0 0 0 0 0 0 0 0 0 0 0 0 0 0 0 0 0 0 0 0 0 0 0 0 0 0 0 0 0 0 0 0 0 0 0 0 0 0 0 0 0 0 0 0 0 0 0 0 0 0 0 0 0
5.36992586192546 3.75110343652719 3.20241454781413 4.77892339306084 5.29673448179363 6.01574227357864 0 0 0 0 0 0 4.79525630497894 0 0 0 0 4.39230526079371 3.84200920480709 0 4.86588473878091 4.46965431830619 4.18774609838905 0 0 0 0 0 0 0 0 0 0 0 0 0 0 0 0 0 0 0 0 0 0 0 0 0 0 0 0 0 0 0 0 0 0 0 0 0 0 0 0 0 0 0 0 0 0 0 0 0 0 0 0 0 0 0 0 0 0 0 0 0 0 0 0 0 0 0 0 0 0 0 0 0 0 0 0 0 0 0 0 0 0 0 0 0 0 0 0 0 0 0 0 0 0 0 0 3.41783819741331 0 0 0 0 0 0 0 0 0 0 3.08872065059716 2.95299518109764 0 3.04225228918888 3.11608192947645 2.97580718978073 0 4.06564876616838 0 0 0 0 4.23607636635903 0 0 0 0 0 0 0 0 3.70004141677931 0 0 0 4.41040417017941 0 5.10991614147741 4.90947356017369 0 0 0 0 0 0 0 0 0 0 0 0 2.44293840144203 0 0 0 2.19609014726561 0 0 0 0 0 0 0 0 0 0 0 0 0 0 0 0 0 0 0 0 0 0 0 0 0 0 0 0 0 0 0 0 0 0 0 0 0 0 0 0 0 0 0 0 0 0 0 0 0 0 0 0 0 0 0 0 0 0 0 0 0 0 0 0 0 0 0 0 0 0 0 0 0 0 0 0 0 0 0 0 0 0 0 0 0 0 0 0 0 0 0 0 0 0 0 0 0 0 0 0 0 0 0 0 0 0 0 0 0 0 0 0 0 0 0 0 0 0 0 0 0 0 0 0 0 0 0 0 0 0 0 0 0 0 0 0 0 0 0 0 0 0 0 0 0 0 0 0 0 0 0 0 0 0 0 0 0 0 0 0 0 0 0 0 0 0 0 0 0 0 0 0 0 0 0 0 0 0 0 0 0 0 0 0
5.81113080921064 4.42178684120693 0 5.1124179884062 5.60287160622088 6.22339253131772 3.88841313978901 0 0 0 0 0 4.90333285885916 0 0 0 0 5.02045090852729 4.00998890121139 4.86588473878091 0 4.85107317340151 3.82471473835989 0 0 0 0 0 0 0 0 0 0 0 0 0 0 0 0 0 0 0 0 0 0 0 0 0 0 0 0 0 0 0 0 0 0 0 0 0 0 0 0 0 0 0 0 0 0 0 0 0 0 0 0 0 0 0 0 0 0 0 0 0 0 0 0 0 0 0 0 0 0 0 0 0 0 0 0 0 0 0 0 0 0 0 0 0 0 0 0 0 0 0 0 0 0 0 0 3.84739377722897 0 2.85830603666793 0 0 0 0 3.52285297980648 0 0 0 3.78866322410179 3.58115408846783 3.57249849631135 3.79915135852032 4.0453162744654 3.8914731602587 0 5.13293319169463 0 0 0 3.30324198299321 4.55980272909616 0 0 0 0 0 0 0 0 0 0 3.22457384598284 0 4.43437379531797 4.27624085853761 4.94755300616496 4.35779841253689 3.64658599770585 0 0 4.19653679887421 0 0 0 2.35105126558442 0 0 0 0 3.30411692836494 0 0 0 2.74346987422459 2.95032922377352 0 0 0 0 0 0 0 0 0 0 0 0 0 0 0 0 0 0 0 0 0 0 0 0 0 0 0 0 0 0 0 0 0 0 0 0 0 0 0 0 0 0 0 0 0 0 0 0 0 0 0 0 0 0 0 0 0 0 0 0 0 0 0 0 0 0 0 0 0 0 0 0 0 0 0 0 0 0 0 0 0 0 0 0 0 0 0 0 0 0 0 0 0 0 0 0 0 0 0 0 0 0 0 0 0 0 0 0 0 0 0 0 0 0 0 0 0 0 0 0 0 0 0 0 0 0 0 0 0 0 0 0 0 0 0 0 0 0 0 0 0 0 0 0 0 0 0 0 0 0 0 0 0 0 0 0 0 0 0 0 0 0 0 0 0 0 0 0 0 0 0 0 0 0 0 0 0 0 0 0 0 0 0
5.92930867274021 0 0 5.44799742663076 5.8473231308622 6.37932664779777 4.64304907831855 0 0 0 0 0 4.9195339318551 0 0 0 0 5.32149896589108 3.94191198233509 4.46965431830619 4.85107317340151 0 0 0 0 0 0 0 0 0 0 0 0 0 0 0 0 0 0 0 0 0 0 0 0 0 0 0 0 0 0 0 0 0 0 0 0 0 0 0 0 0 0 0 0 0 0 0 0 0 0 0 0 0 0 0 0 0 0 0 0 0 0 0 0 0 0 0 0 0 0 0 0 0 0 0 0 0 0 0 0 0 0 0 0 0 0 0 0 0 0 0 0 0 0 0 0 0 0 4.00299478363387 0 3.20434905166462 0 0 0 0 3.99901170642372 0 0 0 3.88198449630892 3.5267606046375 0 3.86765163542043 4.34742110549641 3.94790219213067 0 4.99622355200872 0 0 0 0 4.41744630779626 0 0 0 0 0 0 0 0 0 0 3.85671162426845 0 4.09241526468217 0 4.765250770989 0 4.22822311680116 0 0 4.71396357808746 0 0 0 2.22075507474641 0 0 0 0 3.53839268886721 0 0 0 0 0 0 0 0 0 0 0 0 0 0 0 0 0 0 0 0 0 0 0 0 0 0 0 0 0 0 0 0 0 0 0 0 0 0 0 0 0 0 0 0 0 0 0 0 0 0 0 0 0 0 0 0 0 0 0 0 0 0 0 0 0 0 0 0 0 0 0 0 0 0 0 0 0 0 0 0 0 0 0 0 0 0 0 0 0 0 0 0 0 0 0 0 0 0 0 0 0 0 0 0 0 0 0 0 0 0 0 0 0 0 0 0 0 0 0 0 0 0 0 0 0 0 0 0 0 0 0 0 0 0 0 0 0 0 0 0 0 0 0 0 0 0 0 0 0 0 0 0 0 0 0 0 0 0 0 0 0 0 0 0 0 0 0 0 0 0 0 0 0 0 0 0 0 0 0 0 0 0 0 0 0 0 0 0
0 4.58006167059561 0 0 0 4.1696665687607 0 0 0 0 0 0 0 0 0 0 0 4.00677644400996 0 4.18774609838905 3.82471473835989 0 0 0 0 0 0 0 0 0 0 0 0 0 0 0 0 0 0 0 0 0 0 0 0 0 0 0 0 0 0 0 0 0 0 0 0 0 0 0 0 0 0 0 0 0 0 0 0 0 0 0 0 0 0 0 0 0 0 0 0 0 0 0 0 0 0 0 0 0 0 0 0 0 0 0 0 0 0 0 0 0 0 0 0 0 0 0 0 0 0 0 0 0 0 0 0 0 0 2.9698910423701 0 0 0 0 0 0 0 0 0 0 2.94801296438605 2.96059843583204 3.67060117461317 3.19463889075355 3.08639344452007 3.22660101067461 3.89376204629354 4.36335856760241 0 0 4.31120994360423 0 4.5032052593314 0 0 0 0 0 0 0 4.1177089328772 0 0 0 0 3.85972670192943 4.22837186360958 0 4.54643790521747 0 0 0 0 0 0 0 0 0 0 0 0 0 0 0 0 0 0 0 0 0 0 0 0 0 0 0 0 0 0 0 0 0 0 0 0 0 0 0 0 0 0 0 0 0 0 0 0 0 0 0 0 0 0 0 0 0 0 0 0 0 0 0 0 0 0 0 0 0 0 0 0 0 0 0 0 0 0 0 0 0 0 0 0 0 0 0 0 0 0 0 0 0 0 0 0 0 0 0 0 0 0 0 0 0 0 0 0 0 0 0 0 0 0 0 0 0 0 0 0 0 0 0 0 0 0 0 0 0 0 0 0 0 0 0 0 0 0 0 0 0 0 0 0 0 0 0 0 0 0 0 0 0 0 0 0 0 0 0 0 0 0 0 0 0 0 0 0 0 0 0 0 0 0 0 0 0 0 0 0 0 0 0 0 0 0 0 0 0 0 0 0 0 0 0 0 0 0 0 0 0
0 0 0 0 0 0 0 0 0 0 0 0 0 0 0 0 0 0 0 0 0 0 0 0 0 0 0 0 0 0 0 0 0 0 0 0 0 0 0 0 0 3.16421129750617 0 0 3.01209428148557 2.38732632144914 3.37185964341954 2.71820257256623 3.13164178858348 0 0 0 0 0 0 0 0 0 0 0 0 0 0 0 0 0 0 0 0 0 0 0 0 0 0 0 0 0 0 0 0 0 0 0 0 0 0 0 0 0 0 0 0 0 0 0 0 0 0 2.9474776802266 2.99010422083699 2.74325098399716 4.38758090898558 4.11892655534333 3.08483895951872 2.68092833641191 3.78302940638354 0 0 0 0 0 0 0 0 0 0 0 0 0 0 0 0 4.27088602996208 4.01282211325687 0 0 0 0 0 0 0 0 0 0 0 0 0 0 0 0 0 0 0 0 0 0 3.80287604071782 0 0 2.85830603666793 0 0 0 0 0 0 0 0 0 0 0 0 0 0 0 3.14652455057511 2.38388289967138 0 0 0 0 4.6702506520837 4.56583518058941 4.99350528265469 0 0 0 0 0 0 0 0 0 0 0 0 0 0 0 0 0 0 0 0 0 0 0 0 0 0 0 0 0 0 0 0 0 0 0 0 0 0 0 0 0 0 0 0 0 0 0 0 0 0 0 0 0 0 0 0 0 0 0 0 0 0 0 0 0 0 0 0 0 0 0 0 0 0 0 0 0 0 0 0 0 0 0 0 0 0 0 0 0 0 0 0 0 0 0 0 0 0 0 0 0 0 0 0 0 0 0 0 0 0 0 0 0 0 0 0 0 0 0 0 0 0 0 0 0 0 0 0 0 0 0 0 0 0 0 0 0 0 0 0 0 0 0 0 0 0 0 0 0 0 0 0 0 0 0 0 0 0 0 0 0 0 0 0 0 0 0 0 0 0 0 0 0 0 0 0 0 0 0 0 0 0 0 0 0
