0 1.69292835898754 5.67318299504333 8.99458738521284 7.87616331939241 5.56633022117155 1.12766461126261 0 0 0 0 0 5.76941520984833 5.0626811397132 -1.55644538229359 -1.42089989029737 0 -1.25276296849537 2.01263287200773 -0.0668086696721103 -4.58496747867057 0.180051408259415 0 0 0 0 0 0 0 -3.11863040987714 2.52382206603767 0 0 0 0 0 0 0 0 0 0 0 0 0 0 0 0 0 0 0 0 0 0 0 0 0 0 0 0 0 0 0 0 0 0 1.01468828677673 0 0 0 -1.14028498506868 -0.452471150484095 -1.39312032619029 0 -2.12823170584927 4.71950055603031 5.25440812839831 5.63156526577505 0 0 0 0 1.93859482747894 0 0 -2.24959256285354 0.598686979557325 -0.178248231406319 1.84044164786744 3.39322921201298 4.65389556023881 5.300118464685 2.49140476560441 2.42383904438129 0.897059369946268 0 0 0 0 0 0 0 0 -1.04885077910905 0 0 2.5114779235564 -1.06845925049742 -2.54808555140953 0 1.79797593457083 2.65902191334551 -1.43508452528932 0 0 0 0 0 1.81029411944488 3.52064192362932 5.83805763823357 7.19908883989339 3.52003805887667 3.37360942514333 0 1.14296545621791 4.04281254737507 3.15945795762369 2.50427567635694 0 0 4.43992645916413 3.46997859053852 -1.16179119028964 3.45698171002958 4.04579246495059 1.24886812423383 0 0.32768740706548 0 0 0 3.54292918579909 0 0 0 0 0 0 0 0 0 3.19505698009139 5.19669136550042 2.4520601360157 2.35267017479343 0 0 -0.756326082181477 0 5.58747793731906 0 0 1.41065507858607 0 0 -0.974049566026348 4.70091317255096 0 2.28057595150226 1.34017918739976 3.63713851210711 3.04371226187096 0 0 0 3.42550277256327 1.01468828677673 3.3744249433338 0 0 6.62266395195777 0 4.00590978554294 6.22672486915628 6.34638795800791 3.08390510731078 0 0 0 0 0 0 6.14077115180879 4.0368859832891 3.78302940638354 4.51466477132119 2.45906541860411 0 0.0909717782057268 0.285127792646684 -1.77155676191054 -2.63905732961526 0 0 0 0 0 0 0 0 2.29267217640694 0 -1.87691727756836 0 0 0 0 0 0 0 0 0 0 0 0 2.09001470002151 0 0 0 -0.896088024556636 0 0 0 0 0 0 0 0 0 0 0 0 0 0 0 0 0 0 0 0 0 0 0 0 0 -1.35284642705235 0.315356794608001 0 0 0 0 0 0 0 0 0 -2.50552593699074 0 -1.40691364832263 -1.75175413461436 -0.405465108108164 0 0 0 0 0 0 0 0 0 0 0 0 0 0 0 0 0 0 -2.54808555140953 0 0 0 0 0 0 0 0 2.10297203909003 5.68926720515969 5.3143112290915 1.57834732536407 -2.85036642328247 0 0 -1.43508452528932 -1.26473915954208 0 0 0 -0.100083458556983 0 0 0 0 0 0 0 0 0 0 4.18857190488759 1.38203359625904 0 0 0 0 0 0 0 0 5.08131985556161 1.4536986699217 1.21815743931789 -2.1870722058722 -2.02001812120904 0 -1.18377009700842 0 2.6280641811643 0 0 0 0 0 0 -0.956191948626341 0 0 0 0 0 0 0 0 0 0 0 0 0
1.69292835898754 0 0 0 0 -0.938647638975432 0 -2.73914078817224 0 0 0 0 0 0 0 -0.706846024918107 0 2.62461929586777 0.259219607788019 -0.375312069937477 2.77640795030678 1.42056432564885 5.48941548911104 0 0 0 0 0 0 0 0 0 0 0 0 0 0 0 0 0 0 0 0 0 0 0 1.84690022790685 0.537010402761058 0 0 0.210823066926169 -0.0851578083403068 0 0 0 0.297834443915799 0 0 0 0 0 0 0 0 0 0 0 0 0 0 0 0 0 0 0 0 0 0 0 0 0 0 0 0 0 0 0 0 0 -2.38774290133435 -1.22923247108517 -2.07266185469446 0 0 0 0 0 0 0 0 0 0 0 0 0 0 0 0 0 0.109433841045462 0 0 0 0 0 0 0 0 0 0 0 -1.26473915954208 0 0 -2.73914078817224 0 -2.50552593699074 0 0 0 -3.60413822565885 0 1.71765149707433 -0.3557035985491 0.148302709944835 1.87962082501939 3.73637302166736 4.89829659478185 0 4.23622394968238 5.11566922581911 0 4.59930266557243 0 0 0.235314086934465 0 -1.26473915954208 2.70963624425784 4.62886678255987 5.47224209040126 0 0 0 0 4.11565776382365 5.80535009207533 1.62362254742606 4.26363754805877 0 0 0 -1.75175413461436 0 0 0 -0.929989576232317 0 0 0 0 1.6707825630828 0 0 0 -1.3015531326648 0 0 0 0 0 0 0 0 0 0 0 0 0 0 0 0 0 0 0 0 0 0 0 0 0 0 0 0 0 0 0 0 0 0 0 0 0 0 0 0 0 0 0 0 0 0 0 0 0 0 0 0 0 0 0 0 0 0 0 0 0 0 0 0 0 0 0 0 0 0 0 0 0 0 0 0 0 0 0 0 0 0 0 0 0 0 0 0 0 0 0 0 0 0 0 0 0 0 0 0 0 0 0 0 0 0 0 0 0 0 0 0 0 0 0 0 0 0 0 0 0 0 0 0 0 0 0 0 0 0 0 0 0 0 0 0 0 0 0 0 0 0 0 0 0 0 0 0 0 0 0 0 0 0 0 0 0 0 0 0 0 0 0 0 0 0 0 0 0 0 0 0 0 0 0 0 0 0 0 0 0 0 0 0
5.67318299504333 0 0 6.39884957968856 5.63337947432213 -1.09861228866811 0 0 0 0 0 0 3.93442329628915 5.85365775001319 4.12894314982335 2.5249119844017 0.436717651612269 0 1.35168883194241 0.469152927365423 -1.67624658210621 0 -1.55644538229359 0 0 0 0 0 0 0.983377025090525 4.65418708182157 0 -0.0595622611513431 0 0 0 0 0 0 0 0 0 0 0 0 -1.25276296849537 0 0 0 0 0 0 0 0 0 0 0 0 0 0 0 0 0 0 0 0 0 0 0 0 0 0 0 0 -1.37951467413451 0 0 0 0 0 0 0 0 0 0 0 0 0 0 0 0 0 0 0 0 0 0 0 0 0 0 0 -1.54044504094715 0 0 0 0.544931236252502 0 0 0 0 0 0 0 0 0 0 2.40774150619173 2.39355687119977 3.89001386393636 5.20305310405684 1.11100681353782 0 0 -1.35284642705235 1.70474809223843 0 -2.50552593699074 0 0 -0.111425735160917 0 0 0 0.315356794608001 0 0 0 0 0 0 6.89498014580245 0 0 0 -2.50552593699074 0 0 0 0 0 5.08906497993754 3.07073877291218 0 -2.31628393735221 1.51535147334949 0 -1.57270590316537 -0.589829566531919 0.785670549457091 0.432312358144352 0 0 0 0 0 -0.146245500320145 0 0 0 0 0 -2.59253731398037 0 -0.983099401546265 0 0 0 0 0 3.10790625941032 0 6.36027978427419 3.92794991788288 5.24750730661914 2.53358882842739 0 0 0 0 0 0 6.61695269654098 4.88491265981111 6.06610809010375 4.9674010954975 3.38519704031571 0 -1.02014067322661 0 0 0 0 0 0 0 0.0432679802485155 0 2.45702727551977 0.892889801709542 1.15267950993839 0 -1.73233604875725 0 0 0 0 0 0 0 0 0 0 0 0 3.2068307846356 0 0 0 2.01263287200773 0 0 0 0 0 0 0 0 0 0 0 0 0 0 0 0 0 0 0 0 0 0 0 0 0 0 0 0 0 0 0 0 0 0 0 0 0 0 0 0 0 0 0 0 0 0 0 0 0 0 0 0 0 0 0 0 0 0 0 0 0 0 0 0 0 0 0 0 -0.77092488160263 2.42594589241419 2.44942045124493 0 0 0 0 0 0 0 0 0 0 0 0 0 0 0 0 0 0 0 0 6.1454111244751 0.0465200156348929 0 0 0.0529925301405104 0 0 0 0 0 6.91881969232195 0 0 0 0 0 0 0 -0.154150679827258 -0.823767362977009 0 0 0 0 0 0 0 0 0 0 0 0 0 0 0 0 0 0 0
8.99458738521284 0 6.39884957968856 0 7.86488367872311 5.77258485180978 3.26487622500686 2.07731342851234 0.320307299767858 0 0 0 5.2992523035079 5.49581513005624 3.95958144275552 0 0 1.065179780153 -0.166126870873974 0.954988021827839 1.08376335792671 1.61891665638864 0 0 0 0 0 0 -1.89939013342042 1.62160844805436 4.02200547643647 0 0.701614631659044 0 0 0 0 0 0 0 0 -1.43508452528932 0 -3.38099467434464 -2.54808555140953 -3.60413822565885 -1.64052849950413 -1.85493837084959 -0.965080896043587 0 -1.2176716486841 -2.1870722058722 -1.89939013342042 0.305381649551182 0.716677677970139 0 0 0 0 0 0 0 0 0 0 2.66968173239519 0 0 0 0 -0.420889578433796 0.847297860387204 0 -1.16179119028964 4.54039580937441 5.3843546297871 5.52073956931756 0 0 0 0 1.23313525301493 0 0 -0.530288172840903 0 0.159964649692678 2.57406519086955 2.86472441910261 4.51763919350223 4.99251288709211 1.95798467392229 2.09755874250633 2.80336038090653 0 0 0 0 0 0 0 0 -0.929989576232317 0 0 1.84206020770285 0.50878272213619 -1.04885077910905 0 0.91220074662263 2.57949506846392 0.48393672354966 0 0 0 0 0 3.56790254796868 4.44540855608533 4.90786652906827 6.55052138391277 3.79960818813083 4.21041285063565 0 0.253956437743745 6.20365032149009 3.32733357994061 2.9298322818181 0 0 5.16447494402326 4.42895241213215 0.832613308704282 3.8578612974568 4.34799312496066 1.63363264102116 0 0 0 0 0 4.74640988834844 0 0 0 0 0 0 0 0 0 3.86829145344957 6.4762813863868 3.3804623470202 2.41718847573305 0 0 -0.992231885109538 0 5.10437755808177 0 0 3.83475987785218 0 0 0 4.07013085987922 0 2.49055957609079 1.01098229118241 2.76768727396139 4.03586474750515 0 0 0 3.69633458860895 0.594941656827163 3.00301858893828 0 0 5.62471718031505 0 4.05674158744323 5.68957775523839 5.84807912608733 2.27044131993936 0 0 0 0 0 0 5.8583412344728 4.30015047287365 2.43671154662988 3.47283226261195 0.974431278532067 0 -1.16179119028964 0 0 0 0 0 0 0 0 0 -0.720735137078774 -1.55644538229359 1.01221914971981 0 -0.385262400790645 0 0 0 0 0 0 0 0 0 0 0 0 -1.31413191487166 0 0 0 0 0 0 0 0 0 0 0 0 0 0 0 0 0 0 0 0 0 0 0 0 0 0 0 0 -1.06845925049742 0 -2.68784749378469 0 0 0 0 0 0 0 0 0 0 -3.38099467434464 0 0 0 0 0 0 0 0 0 0 0 0 0 0 0 0 0 0 0 0 0 0 0 0 0 0 0 0 0 -2.4254832293172 0.933823210635796 4.45006667140556 4.04436321268252 -1.83343216562862 0 0 0 -1.73233604875725 0 0 0 0 -1.2176716486841 0 0 0 0 0 0 0 0 0 0 3.49866972447098 0 0 0 0 0 0 0 0 0 4.6525988795592 2.05054153598962 0 0 0 0 0 0 2.10463179050839 -3.48635519000246 0 -1.03918886819731 0 0 0 0 0 0 0 0 0 0 0 0 0 0 0 0 0
7.87616331939241 0 5.63337947432213 7.86488367872311 0 7.09415862996256 4.06231786462268 0 0 0 0 0 5.80671146512261 6.25187766809747 1.07218915464557 1.32763422001169 0 1.08835578850092 1.22916305315449 3.13015612496153 3.44858282357348 4.36759476309621 0 0 0 0 0 0 0 0 3.32488918859883 0 -2.24959256285354 0 0 0 0 0 0 0 0 0.902591887515993 0 0 -0.263044768066396 0 -0.501796217046596 -3.38099467434464 -1.40691364832263 -2.10006082888257 -2.28238238567653 -1.99470031322475 0 -2.9109910450989 0 0 0 0 0 0 0 0 0 0 0 -1.42089989029737 0 0 0 0 0 -2.21784386453896 0 -0.0136988443581619 3.69574359699228 3.91548638874137 4.55208509753578 0 0 0 0 0.00677968698537877 0 0 -2.79320800944252 0 0 1.96468326356324 2.427448070855 3.77860822408007 4.06757212389375 1.27866369692753 1.57201150691498 0.347105492922582 0 0 0 0 0 0 0 0 -0.608405952104855 0 0 -0.4260843953109 -2.59253731398037 -0.341245515373871 0 -1.09861228866811 1.46082741298246 0 0 0 0 0 0 1.00477494660808 3.53294146371258 4.94740808212905 5.91123899959101 3.2088942010084 2.74105944246695 0 -1.64052849950413 4.01109850556639 3.61486305285905 2.31744019398497 0 0 4.50842700714179 3.04936975695775 0 2.93363973814468 4.46567351454794 2.11330057544484 0 -1.50919249744304 0 0 0 5.75411555762139 0 0 0 0 0 0 0 0 0 2.49758109068473 5.30683540658672 3.84259272050563 1.14188026891663 -0.322287601629256 0 3.22592574560742 -0.0416726964005681 5.22821236083402 0 0 3.38069382850272 0 0 0 3.06994956917775 0 1.90878636118111 0.177206456127184 1.35695662287727 4.14475311159669 0 0 0 2.87187213619465 -1.12970287573814 1.46790569656605 0 0 5.51298976459516 0 6.57209699672446 5.62241992434017 6.84165544893294 2.16379206882111 0 0 0 0 0 0 7.42631216387022 5.10123433203551 5.00099715940275 5.3867393128427 3.18525572548821 0 -0.74910583420799 0 0 0 0 0 0 0 0 0 1.32402084661317 0.909464766803755 2.31441955064105 0 -1.25276296849537 0 0 0 0 0 0 0 0 0 0 0 0 1.30206205030053 0 0 0 -1.15098027418543 0 0 0 0 0 0 0 0 0 0 0 0 0 0 0 0 0 0 0 0 0 0 0 0 -0.992231885109538 -1.02014067322661 0 0 0 0 0 0 0 0 0 0 0 0 0 -1.79175946922805 0 0 0 0 0 0 0 0 0 0 0 0 0 0 0 0 0 0 0 -2.35137525716348 0 0 0 0 0 0 0 0 1.68979454257137 4.41834872387128 4.49161290312609 -0.679633461393222 0 0 0 0 -1.75175413461436 -2.59253731398037 0 0 0 0 0 0 0 0 0 0 0 0 0 5.72756764616797 0.0268472500361881 0 0 0 0 0 0 0 0 6.63673186333556 0.933823210635796 1.51010605105643 0.377877151589335 0 0 0.0721624462482306 0 1.06165658214568 0 0 0 0 0 0 0 0 0 0 0 0 0 0 0 0 0 0 0 0
5.56633022117155 -0.938647638975432 -1.09861228866811 5.77258485180978 7.09415862996256 0 5.49778139736292 0 0 0 0 0 5.36421019978267 2.01399557946366 0 3.29785045842895 0.32768740706548 4.13549303405508 4.46002644071762 6.99443525185714 6.84121202862866 6.23970547394977 2.11330057544484 0 0 0 0 0 0 0 -0.479573080261886 0 0 0 0 0 0 0 0 0 0 0 0 0 0 0 0 0 0 0 0 0 0 0 0 0 0 0 0 0 0 0 0 0 0 0 0 0 0 0 0 0 0 -1.46407206216257 3.12254471592977 3.53472877428668 3.67449071666184 0 0 0 0 1.50256453718364 0 0 0 -4.58496747867057 -1.02014067322661 1.253734313885 2.13846424084694 3.17436221746603 3.65339325557087 0.853111830252623 1.81528996663825 -0.727752709737421 0 0 0 0 0 0 0 0 -2.4254832293172 0 0 -2.0459936076123 -1.75175413461436 0 0 0.909464766803755 1.38799359687285 -1.09861228866811 0 0 0 0 0 0.202524264111474 2.16691341353246 3.50523048608714 2.5045536471718 2.18007149810997 2.740181479285 0 -1.22923247108517 1.08950060831685 4.01724065373806 1.85171693510541 0 0 4.51313694407834 3.34367875889714 -0.627333961990374 2.52300384698207 3.81419264583407 2.1665237778369 0 0.847297860387204 0 0 0.68117098951323 -1.47888714794772 2.82618590824876 0 0 2.67836213880626 0 0 0 0 0 2.02931119415145 2.13605653502891 4.75546504518262 -0.699973145630345 4.82684326893833 1.83990154523482 5.70958195166298 5.19450516033265 4.95249200166506 0 0 3.90238487073464 0 0 0 1.53825605794977 0 0.412244795093543 0.752570601030746 0.822204292789547 4.04994948738689 0 0 0 1.55635282398179 -0.468644009729696 0.890100399621964 0 0 3.21996366832604 0 1.91682256716172 2.49112311513078 3.98747118697164 2.00853357225678 0 0 0 0 0 0 3.74428841716608 0 2.10628879171602 2.21705684567932 2.30360498089479 0 -2.9109910450989 0 0 0 0 0 0 0 0 0 0 0 0 0 0 0 0 0 0 0 0 0 0 0 0 0 0 0 0 0 0 0 0 0 0 0 0 0 0 0 0 0 0 0 0 0 0 0 0 0 0 0 0 0 0 0 0 0 0 0 0 0 0 0 0 0 0 0 0 0 0 0 0 0 0 0 0 0 0 0 0 0 0 0 0 0 0 0 0 0 0 0 0 0 0 0 0 0 0 0 0 1.84904385145011 1.94055081832261 0 0 0 0 0 0 0 0 0 0 0 0 0 0 0 0 0 0 0 0 1.43362573582566 0 0 0 0 0 0 0 0 0 2.78463324185584 -2.59253731398037 0 0 0 0 0 0 -0.679633461393222 0 0 0 0 0 0 0 0 0 0 0 0 0 0 0 0 0 0 0 0
1.12766461126261 0 0 3.26487622500686 4.06231786462268 5.49778139736292 0 0 0 0 0 0 3.06773647943477 0 0 1.02694334211375 0 4.649870364906 1.04025267348253 -2.10006082888257 2.57042882322616 4.55298139588385 -2.79320800944252 0 0 0 0 0 0 0 0 0 0 0 0 0 0 0 0 0 0 0 0 0 0 0 0 0 0 0 0 0 0 0 0 0 0 0 0 0 0 0 0 0 0 0 0 0 0 0 0 0 0 0 1.11212600783483 2.11576363087724 1.62830639673848 0 0 0 0 -2.24959256285354 0 0 0 0 0 -1.25276296849537 -2.73914078817224 1.5762398430245 1.16654639880682 0 0.213574100298059 0 0 0 0 0 0 0 0 0 0 0 0 -0.420889578433796 -1.67624658210621 0 0 -2.15721924272252 0 -3.28568449454031 0 0 0 0 0 0 0 1.09406682629644 0 1.61554169537212 -0.431306339292052 0 0 -0.965080896043587 4.09298309162378 0.899829454820083 0 0 2.79860781487874 1.31857618706494 0 1.14188026891663 3.43288938902743 0.0268472500361881 0 1.59918141226691 0 0 0 0 1.5762398430245 0 0 1.11770326713294 0 0 0 0 0 -0.734819876960513 0 5.0610007205057 -1.94591014905531 0.287682072451781 0 2.4567357728213 -0.390274942614189 2.63540635805338 0 0 6.03075884468102 0 0 0 0.898445371554145 0 0 0 0 2.55522139853287 0 0 0 1.31127021849439 0 0.0721624462482306 0 0 0 0 0 0 0 0 0 0 0 0 0 0 0 0 0 0 0 0 0 0 0 0 0 0 0 0 0 0 0 0 0 0 0 0 0 0 0 0 0 0 0 0 0 0 0 0 0 0 0 0 0 0 0 0 0 0 0 0 0 0 0 0 0 0 0 0 0 0 0 0 0 0 0 0 0 0 0 0 0 0 0 0 0 0 0 0 0 0 0 0 0 0 0 0 0 0 0 0 0 0 0 0 0 0 0 0 0 0 0 0 0 0 0 0 0 0 0 0 0 0 0 0 0 0 0 0 0 0 0 0 0 0 0 0 0 0 0 0 0 0 0 0 0 0 0 0 0 0 0 0 0 0 0 0 0 0 0 0 0 0 0 0 0 0 0 0 0 0 0 0 0 0 0 0 0 0 0 0 0 0
0 -2.73914078817224 0 2.07731342851234 0 0 0 0 8.01027489010027 5.43436048310375 2.16340121480011 5.26404628847781 0 4.8931073279477 0 0 0 0 0 0 0 0 1.22916305315449 0 4.22030770521877 0 0 3.41728050401868 0 0 0 0 0 0 0 4.91806738258093 3.93754487422327 3.43035983035115 2.37506394487694 5.8867746304335 -1.62313675679226 2.44175531937561 2.91850589109552 2.67015287492452 0.799527584118517 0 4.5144040879569 0.649699860801009 0 0 8.22129423267357 5.66031147196437 6.68996725913319 6.43708203784129 5.95658609336604 4.58013142505992 0 0 0 0 0 0 0 0 0 0 4.04466114207545 0 0 0 0 0 3.96920031553703 2.51175389982419 0 -0.258629749857279 -2.07266185469446 2.70259316163915 -0.370373788296894 1.34550779681098 0.317835110622468 -1.18377009700842 -0.150190278611161 0 0 0 0 0 0 0 -0.646627164925052 0 0 0 1.04385195751217 1.38884213319869 4.1522176362275 0 2.07004377922106 2.23940619137251 0 0 0.302872237945756 -1.67624658210621 0.937825884425453 0.866070974895129 -0.18641154204548 1.06165658214568 -1.64052849950413 0 0 -0.507430034764852 1.59228483320785 0 0 3.82819764232162 3.72331374367818 2.37252989220638 3.59731226058845 6.33631991424137 0 0 -1.62313675679226 -0.146245500320145 2.8662742063171 0 0 0.996019418505701 3.10623261885229 4.20433719020649 1.64420077108295 2.29267217640694 7.07713632450036 4.73180283692146 -1.42089989029737 2.42534438863666 6.41852028780851 3.7567605967482 2.89018277556545 2.05621469107002 -1.22923247108517 0 0.589297239207486 5.01204020244181 2.03288103283767 0 3.92801686797161 7.10586983460491 7.08967993162323 3.25061176799939 5.3180866466162 0 -0.974049566026348 0 0 0 4.27083851386599 0 0 0 0 0 0 0 0 0 1.21614333994619 0 0 0 0 0.302872237945756 0 -0.142316222180255 2.88335551597237 2.48914933752679 5.1347574792752 1.92280762243397 0 0 0 0 0 0 0 0 0 9.45770388396284 5.04487239037758 0 0 0 0 5.48218251597017 0 0 0 0 0 0 0 0 0 0 0 2.75001440020124 2.48547338258866 0 0 -2.02001812120904 0 0 0 0 0 6.38025512352082 3.59805748651953 2.92673940206704 4.727056657991 6.63726694699974 0.139466128144337 1.10876466013213 4.783117108643 5.21689331977726 1.94639593968911 0 0 0 0 0 5.08311414597915 2.23650343171455 5.23819538199377 1.96086099421788 7.93186513431256 0 0 0 0 0 0 0 0 0 0 0 0 0 0 0 0 0 0 0 0 0 0 0 0 0 0 0 0 0 0 0 0 0 0 0 0 0 0 0 0 0 0.171492154863746 0.354291152583456 0 0 0 0 0 0 0 0 0 0 0 0 0 0 0 0 0 0 0 -2.79320800944252 0 1.51010605105643 0 0 0 0 0 0 0 0 0 0 0 0 0 0 0 0 0 0 0 0 0 0 0 0 0 0 0 0 0 0 0 0 0 0 0 0 0 0 0 0 0 -2.15721924272252 0 0 0 0 0 0 0 0 0 0 0 0 0 0 0 0 0 0
0 0 0 0.320307299767858 0 0 0 8.01027489010027 0 4.17229193125578 1.25276296849537 5.31290433507992 0 2.91629879069616 0 0 0 0 0 0 0 0 0 0 0 0 0 0 0 0 0 0 0 0 0 6.36284629015674 3.74854323031237 1.23610408250873 4.17788715593483 2.70850361303471 0 3.76301779509709 0 0 2.03198976718153 0 3.38381359531757 -0.28995222098632 1.85171693510541 0 6.57322401459785 4.72850091881072 6.78101901723918 5.81416099130634 2.92363692672514 4.53307483915924 0 0 0 0 0 0 0 0 0 0 2.94551251657496 0 0 -2.50552593699074 0 0 0.747751314594797 -2.1870722058722 0 0 0 1.27866369692753 0 0 0 0 0 0 0 0 0 0 0 0 0 0 0 0 0.305381649551182 0 1.90068505105038 0 0.969283262014665 2.17544721241286 0 0 0 0 0 -1.31413191487166 0 -1.2176716486841 0.434517430702666 0 0 0 0 0 0 2.09127599932684 1.60055503885652 1.61554169537212 4.02911040992245 6.14247619453691 0 0 0 0 0 1.13970635501701 0 0 0 0 0 0 1.96468326356324 -0.308301359654517 0 0 2.75630032097489 -0.236842395672372 0 -1.28913061266624 0 0 -0.54778133028842 2.51643388083675 -1.39312032619029 0 1.84797261406861 4.20388002412025 4.74909382029537 0.744525505345915 2.22554241587273 0 -3.19867311755068 0 0 0 -0.553681052415608 0 0 0 0 0 0 0 0 -0.0102565001671891 -0.583713339514483 0 0 0 0 0 0 0 0 0 -1.92237965164512 0 0 0 0 0 0 0 0 0 0 6.051977117829 6.19242508924327 0 0 0 0 3.29558488162603 0 0 0 0 0 0 0 0 0 0 0 0 2.2433837775243 0 0 0 0 0 0 0 0 5.71468652762218 4.05632947122063 0.868928119695909 6.13070875713919 3.85929653272291 0 4.01423571479524 0 -2.35137525716348 2.63516248535372 0 0 0 -1.50919249744304 0 6.31006050682522 4.18779773127921 4.8114374363784 1.230157583321 2.8233610476132 0 0 0 0 0 0 0 0 0 0 0 0 0 0 0 0 0 0 0 0 0 0 0 0 0 0 0 0 0 0 0 0 0 0 0 0 0 0 0 0 0 0 0 0 0 0 0 0 0 0 0 0 0 0 0 0 0 0 0 0 0 0 0 0 -0.178248231406319 0 0 0 0 0 0 0 0 0 0 0 0 0 0 0 0 0 0 0 0 0 0 0 0 0 0 0 0 0 0 0 0 0 0 0 0 0 0 0 0 0 0 0 0 0 0 0 0 0 0 0 0 0 0 0 0 0 0 0 0
0 0 0 0 0 0 0 5.43436048310375 4.17229193125578 0 0.564463107169748 5.66887173458737 0 0 0 0 0 0 0 0 0 0 0 0 0 0 0 0 0 0 0 0 0 0 0 0 0 0 0 0 0 0 0 4.50538743409403 0 0 2.64027136400014 0 0 0 5.95733425709916 4.11931366996174 3.24638510736816 7.76392763842503 3.85527267157754 0.0400053346136992 0 0 0 0 0 0 0 0 0 0 6.56544220832792 0 0 0 0 0 3.9743268887643 2.60771608456673 0 0 0 0.375543428243115 0 0 0 0 0 0 0 0 0 0 0 0 0 0 0 0 0.337443582010845 6.69369029048251 6.64868490342925 0 0 0 0 0 0 0 0 0 0 0.199742621149597 0 0 0 0 0 -1.46407206216257 0 -1.46407206216257 -3.04452243772342 0 0 -1.36609165380237 0 0 0 0 0 0 0 0 0 0 0 0 -0.236842395672372 -2.35137525716348 0 -1.83343216562862 2.86743497255307 2.15751999808344 0 0 0 0 0 2.93382068449458 0.564463107169748 0 0 1.69167601067107 4.56689596354664 -0.138402322859119 3.21519559172239 0 0 0 0 0 1.88583202511203 0 0 0 0 0 0 0 0 0 0 0 0 0 0 0 0 0 0 0 0 0 0 0 0 0 0 0 0 0 0 0 0 0 0 0 0 0 0 0 0 0 0 0 0 0 0 0 0 0 0 0 0 0 0 0 0 0 0 0 0 0 0 0 0 0 0 0 0 0 0 0 0 0 0 0 0 0.486030965152774 0 0 0 0 0 0 0 0 0 0 0 0 0 0 0 0 0 0 0 0 0 0 0 0 0 0 0 0 0 0 0 0 0 0 0 0 0 0 0 0 0 0 0 0 0 0 0 0 0 0 0 0 0 0 0 0 0 0 0 0 0 0 0 0 0 0 0 0 0 0 0 0 0 0 0 0 0 0 0 0 0 0 0 0 0 0 0 0 0 0 0 0 0 0 0 0 0 0 0 0 0 0 0 0 0 0 0 0 0 0 0 0 0 0 0 0 0 0 0 0 0 0 0 0 0 0
0 0 0 0 0 0 0 2.16340121480011 1.25276296849537 0.564463107169748 0 5.05804236207131 0 0 0 0 0 0 0 0 0 0 0 0 0 -0.734819876960513 0 0 0 0 0 0 0 0 0 0 0 0 0 0 0 0 0 4.31262369369719 0 0 -0.038132869695444 0 0 0 3.09505418532411 1.87337080467422 0.0101523714640179 3.08297038220767 0.285127792646684 3.49144425950993 0 0 0 0 0 0 0 0 0 0 5.74209792906727 0 0 0 0 0 7.0747243260161 4.24912672386667 0 0 0 3.76475335880192 5.5330936744967 5.02255938358055 4.63350639320233 1.55563520644112 4.25994547222898 0 0 0 0 0 0 0 0 0 0 0 -1.64052849950413 3.53353758891652 2.4438247953544 0 -1.19494339760654 0 0 0 0 0 0 0 0 1.3249254147436 0 0 0 0 0 0 0 0 0 0 0 0 0 0 0 0 0 0 0 0 0 0 0 0 2.6802291171782 -0.887789221741941 0 0 2.47407724785779 -1.339774345485 0 0 0 0 0 -0.134503682443462 -0.468644009729696 0 0 -1.37951467413451 3.84514160583855 0 1.80639113149612 0 0 0 0 0 -1.60604232343296 0 0 0 0 0 0 0 0 0 0 0 0 0 0 0 0 0 0 0 0 0 0 0 0 0 0 0 0 0 0 0 0 0 0 0 0 0 0 0 0 0 0 0 0 0 0 0 0 0 0 0 0 0 0 0 0 0 0 0 0 0 0 0 0 0 0 0 0 0 0 0 0 0 0 0 0 0 0 0 0 0 0 0 0 0 0 0 0 0 0 0 0 0 0 0 0 0 0 0 0 0 0 0 0 0 0 0 0 0 0 0 0 0 0 0 0 0 0 0 0 0 0 0 0 0 0 0 0 0 0 0 0 0 0 0 0 0 0 0 0 0 0 0 0 0 0 0 0 0 0 0 0 0 0 0 0 0 0 0 0 0 0 0 0 0 0 0 0 0 0 0 0 0 0 0 0 0 0 0 0 0 0 0 0 0 0 0 0 0 0 0 0 0 0 0 0 0 0 0 0 0 0 0
0 0 0 0 0 0 0 5.26404628847781 5.31290433507992 5.66887173458737 5.05804236207131 0 0 0 0 0 0 0 0 0 0 0 -2.28238238567653 0 0 -0.699973145630345 0 0 0 0 0 0 0 0 0 0 0 0 0 0 0 0 0 5.3942766862648 0 0 3.06011134320434 -0.360569788200273 0 0 6.2529060940088 4.02255380556953 3.21969181838553 6.72440462141701 4.17365440067998 4.04698195004385 0 0 0 0 0 0 0 0 0 0 7.22705713518937 0 0 0 0 0 7.15913584264219 5.37365514583291 0 0 0 4.32570820408366 4.65777554441311 4.09751413698338 4.18738459349189 0 4.78135047475996 0 0 0 0 0 0 0 0 0 0 0 1.65074958296186 4.91592584084907 5.13297332171591 0 0.0202027073175195 0 0 0 0 0 0 0 0 2.65639880465175 0 0 0 0 0.826678573184468 -2.07266185469446 0 1.64616992170283 1.86180998227314 0 0 0 0 0 0 0 0 0 0 0 -0.45783309362548 0 0 0 4.13945666079982 1.97935808312285 0 2.70532540377602 4.63651063771607 2.39572842471328 0 -2.79320800944252 0.0367320092687299 0 -0.360569788200273 2.95671562121154 1.48268620679496 0 0 3.78225517283604 5.73231704209326 1.54625901081257 4.51138265588792 0 0 0 0 0 3.04743364793088 0 0 0 0 0 0 0 0 0 0 0 0 0 0 0 0 0 0 0 -0.00682596507039987 0 0 0 0 0 0 0 0 0 0 0 0 0 0 0 0 0 0 0 0 0 0 0 0 0 0 0 0 0.594941656827163 0 0 0 0 0 0 0 0 0 0 0 0 0 0 0 0 0 -1.92237965164512 0 0 0 0 0 0 0 0 0 0.34950645446012 0 0 0 0 0 0 0 0 0 0 0 0 0 0 0 0 0 0 0 0 0 0 0 0 0 0 0 0 0 0 0 0 0 0 0 0 0 0 0 0 0 0 0 0 0 0 0 0 0 0 0 0 0 0 0 0 0 0 0 0 0 0 0 0 0 0 0 0 0 0 0 0 0 0 0 0 0 0 0 0 0 0 0 0 0 0 0 0 0 0 0 0 0 0 0 0 0 0 0 0 0 0 0 0 0 0 0 0 0 0 0 0 0 0 0 0 0 0 0 0 0 0 0 0 0 0
5.76941520984833 0 3.93442329628915 5.2992523035079 5.80671146512261 5.36421019978267 3.06773647943477 0 0 0 0 0 0 4.9373084575581 0 4.2989499925374 0.856006188278988 2.82900281151987 5.08933749091828 4.43968567903535 5.2388092555551 4.42431693845541 -0.80838244413753 0 0 0 0 0 0 0 0.790310929013593 0 0 0 0 0 0 0 0 0 0 0 0 0 0 0 0 0 0 0 0 0 0 0 0 0 0 0 0 0 0 0 0 0 0 0 0 0 0 0 0 0 0 0 0.60055439373212 0.711681830776768 0.72164869069216 0 0 0 0 -1.49392502531226 0 0 0 0 0 0 -0.713766467762681 -2.0459936076123 -0.80838244413753 0 0 0 0 0 0 0 0 0 0 0 1.0330150061823 0 0 -1.46407206216257 1.71765149707433 0 0 0 0 0 0 0 0 0 0 -1.25276296849537 2.71865140560787 3.37593771490292 4.09008379736125 -0.341245515373871 1.73939148371074 0 -0.0102565001671891 1.24299726588404 -2.15721924272252 2.25984800053769 -1.46407206216257 0.396353427756909 1.5078495626977 -2.50552593699074 0 0 2.48971367162755 -2.38774290133435 0 -0.21551962620355 0 0 0 3.45933792832007 2.91887326802838 0 0 0.888702775355326 0 0 0 0 0 3.60935390294135 0.905346710194838 0.566395474920801 -0.706846024918107 3.43891251406431 -0.038132869695444 4.09406107533147 3.47788543685536 0.757366773294239 0 0 -0.4260843953109 0 0 0 2.31441955064105 0 0.642569705816418 0 -2.97552956623647 1.2110902720948 -2.1870722058722 0 1.24397813893964 0.103317614028026 0 -1.94591014905531 0 0 4.76284235488106 0 5.44397729122251 5.04861242951294 5.67238774777309 3.24240632227839 0 0 0 0 0 0 6.95854538556745 4.08826033113145 4.5144040879569 5.19011835906103 3.87516141212399 0 0.25659148538175 0 0 0 0 0 0 0 0 0 1.98076686475994 -0.0888683877368425 0.699926867545324 0 0 0 0 0 0 0 0 0 0 0 0 0 0 1.54408273138997 0 0 0 0.881685202696679 0 0 0 0 0 0 0 0 0 0 0 0 0 0 0 0 0 0 0 0 0 0 0 0 0 0 0 0 0 0 0 0 0 0 0 0 0 0 0 -2.97552956623647 0 0 0 0 0 0 0 0 0 0 0 0 0 0 0 0 0 0 0 0 0 0 0 0 0 0 0 0 -0.956191948626341 3.24267206769585 2.82032552975062 0 0 0 0 0 0 0 0 0 0 0 0 0 0 0 0 0 0 0 0 5.14158398934794 -1.73233604875725 0 0 -3.04452243772342 0 0 0 0 0 6.38371345298822 0 0 0 0 0 0.708337346053921 0 0 0 0 0 0 0 0 0 0 0 0 0 0 0 0 0 0 0 0 0 0
5.0626811397132 0 5.85365775001319 5.49581513005624 6.25187766809747 2.01399557946366 0 4.8931073279477 2.91629879069616 0 0 0 4.9373084575581 0 6.80253836601371 -0.479573080261886 -0.983099401546265 0 0 0 0 0 0 0 0 0 6.07414114568086 0 4.6075143750043 5.43271148215814 5.97456230147226 4.86123521702759 6.59708537580094 6.36905028094791 4.24357548249763 3.69700958019719 4.37614200722808 3.95457411640943 3.67595617099935 4.88264730333597 2.02483089991869 1.63694719493406 2.49533956550971 0.368509401585735 5.16496088573925 2.60570855566164 0 0 -1.20624295286048 0 2.21890766982417 0.380205441348927 1.01715134220913 1.15375304734691 4.09864369770441 0 2.4346272820671 5.74110447378111 2.33603302706159 1.81639677361344 1.85757268779763 2.48149949146639 1.44089849515474 1.01221914971981 1.80191184069207 0 0 0 2.87973335969111 0 0 1.25664270178096 0 0 0 0 0 0 0 0 0 0 0 0 0 0 0 0 0 0 0 0 0 0 0 0 0 0 0 0 0 0 0 0 0 0 0 0 0 0 0 0 0 0 0 0 0 2.47836603213001 4.54351186682529 3.57697832079812 5.66759118177756 2.74281305975106 0 -0.0814609464589807 0 4.06500682397948 -1.94591014905531 0 0 0 -1.07840958135059 0 0 0 0 0 0 0 0 0 0 5.98563123987466 0 0 0 -0.20294084399669 0 0 0 0 0 4.60217250013518 1.53018854077996 -1.57270590316537 -1.57270590316537 0 0 0 0 -0.0240975515790605 4.46265786615057 3.35905176021139 -2.12823170584927 1.20906187383341 0 -1.01075093287678 -0.485082736072856 0 0 0 0 -2.54808555140953 0 -1.40691364832263 -2.15721924272252 0 0 0 3.09889650158586 2.39541849134647 4.07811377957956 0 5.10425367048895 4.16233163705985 4.64687342475161 1.2843294344632 0 5.11083968260471 1.19680431484732 0 0 0 5.24198094371247 8.09696453442212 6.19009931247208 2.99743150930695 1.44491617834135 0 0 0 0 0 0 0 0 1.31948569144778 5.0187429277988 0 4.51982717531371 3.45020348191535 1.49725143170587 2.30496321539901 2.79299974119226 0.750966751448772 -0.400376038600693 3.34787314457783 3.75333825268599 2.73886308753175 3.1598910142887 4.0701889369475 1.28150057826272 2.00716339620319 2.73335100213916 1.94006217917289 4.15654190957563 2.52136539768053 0 0 0.829650343573625 1.12324959305349 1.51982575374441 -0.18641154204548 -0.887789221741941 0 4.07250925819272 0 0 3.78318418118651 0 0 -1.85493837084959 0 0 0 0 0 0 0 -1.64052849950413 0 0 0 0 0 0 0 0 0 0 0 0 0 0 0 0 0 0 0 0 0 0 0 -2.54808555140953 0 0 0 0 0 0 0 0 0 0 0 0 0 0 0 0 0 0 0 0 0 0 0 0 0 2.07816521732023 3.11623270218687 2.97702088737228 0.477627554356395 0 -1.25276296849537 0 0.624518674170849 0 0 0 0 0 0 0 0 0 0 0 0 0 0 0 5.12424738595185 0 0 0 0 0 0 0 0 0 5.22936093754574 0.418978827274887 -2.59253731398037 -1.57270590316537 0 0 0 0 0.148302709944835 0.758960399129517 0.182888289594615 0 -1.77155676191054 0 0 -2.1870722058722 0 0 0 0 0 0 0 -0.271933715483642 0 0 0 0 0
-1.55644538229359 0 4.12894314982335 3.95958144275552 1.07218915464557 0 0 0 0 0 0 0 0 6.80253836601371 0 0.945783486098767 2.63881434577249 0 -0.929989576232317 0 0 0 0 0 0 0 2.24734560514471 0 4.8519505413541 5.62869722414471 6.67075338783242 0.373204245889943 3.51610402444897 1.34992671694902 2.48263650125346 0 0 0 0 0 0 0 -0.855266030036381 0 2.62757278066301 4.32898638022368 -0.190518323998133 1.35344784734759 0.504684355743908 2.92327129600809 0 0 0 0 0 0 -0.679633461393222 1.67652420565047 0.581721445399028 -1.65822807660353 0 1.00477494660808 0.525010258757947 -1.01075093287678 0 0 0 0 0.807143767163826 0 0 -1.67624658210621 0 0 -2.63905732961526 0 0 0 0 0 0 0 0 0 0 0 0 0 0 0 0 0 0 0 0.344698752892017 0 0 0 0 0 0 0 1.44331104156013 0 0 -1.26473915954208 1.04145387482816 0 0 0 0 0 0 0 0 0 0 4.47148329050589 5.60795061685145 4.7056309624026 4.07297267707375 4.4219502666036 0 2.84039040835658 1.5078495626977 4.916424283227 0 -0.778304988900252 -1.27686052007443 -0.679633461393222 0 1.86233838387064 1.78150296906087 0 0 0 0 0 0 0 0 6.36059728379179 4.15723419066939 0 4.06372170200812 5.03533896796055 0 0 0 0 4.27524788023061 3.99074616155767 0 0 -1.40691364832263 0 0 0.332577392359672 0 0 3.80097742613571 1.79910206081597 0 0 0 -0.565585954921927 2.39355687119977 0 0 0 0 -0.863298201733645 2.05185358516101 2.08410750984823 3.11154814507446 -0.879558722605425 0 0 2.31172685295214 -2.4254832293172 -0.627333961990374 0 4.87582027914717 -0.170151021173699 3.26149212702262 0 0 0 0 0 0 0 4.37502942206475 5.10088217194403 8.32697770221745 2.48999571929547 2.90332603648886 0 0 0 0 0 0 0 0 0 4.94863926748138 0 6.97947458908536 4.09858724996089 0.976995382501004 0 2.0566497574245 0 0 0 -1.83343216562862 0 0 0 0 1.88324871186965 0 0 5.7005914476978 5.90356223532039 0 1.54698338607061 4.31794152546881 3.79655870799072 0 0 0 0 0 0 0 0 0 0 0 0 0 0 0 0 0 0 0 0 0 0 0 0 0 0 -0.138402322859119 0 0 0 0 0 0 0 0 0 -1.47888714794772 0 -2.59253731398037 0 0 0 -3.28568449454031 0 0 0 0 0 0 0 0 0 0 0 0 -2.24959256285354 0 0 0 0 0 0 0 0 0 0 0 0 1.2833873712753 -0.490622916448471 -2.31628393735221 0 0 0.990981624475744 -0.0851578083403068 0.269663566949103 0 0 0 0 0 0 0 0 0 0 0 0 0 0 0 6.45949450375221 -0.468644009729696 0 -0.847297860387204 1.75244804901317 0 0 0 0 -0.602175402354219 5.63519039747605 0 0 0 0 0 1.64485758555648 0 0 1.27010444353186 0 0 0 0 0 -0.620984734311715 0 0 0 0 0 0 0 1.17813157314205 0 0 0 0 0
-1.42089989029737 -0.706846024918107 2.5249119844017 0 1.32763422001169 3.29785045842895 1.02694334211375 0 0 0 0 0 4.2989499925374 -0.479573080261886 0.945783486098767 0 4.79997025068723 2.69618874816588 6.01019951115047 2.54539787601963 3.06631118819658 2.55548556443059 -0.111425735160917 0 0 0 0 0 0 0 0 0 0 0 0 0 0 0 0 0 0 0 0 0 0 0 0 0 1.8147361034283 -0.921405832540926 0 0 0 0 0 0 0 0 0 0 0 0 0 0 0 0 0 0 0 0 0 0 0 0 -0.602175402354219 0.0909717782057268 0 0 0 0 0 0 0 0 0 0 0 0 0 0 0 0 0 0 0 0 0 0 0 0 0 0 -1.11923157587085 0 0 0 -1.15098027418543 0 0 0 0 0 0 0 0 0 0 0 1.72373794313074 1.00352884052783 0 0 0 0.285127792646684 -1.71328785378656 -0.646627164925052 -1.08845991720409 -1.32687094064909 0 0 -2.10006082888257 0 0 -2.24959256285354 1.69292835898754 -3.19867311755068 0 1.63363264102116 0 0 0 2.92783209931654 3.43639816455711 0 0 4.91547703018977 0 0 0 0 0 4.84848977759759 0 -0.162118849476435 0 2.45118101507996 2.11944687629354 4.46883603548538 3.56838227932832 0 0 0 0.838513030831471 0 0 0 -1.09861228866811 0 0 0 0 -1.01075093287678 -1.99470031322475 0 -0.974049566026348 -2.4254832293172 0 0 0 0 1.52056952469726 0 1.9947465891682 0.964108606224648 1.39138343062736 0 0 0 0 0 0 0 2.89865182025678 1.67014256306095 1.40232169702693 -0.303682413798222 1.51310680349567 0 0 0 0 0 0 0 0 0 0 0 0 0 0 0 0 0 0 0 0 0 0 0 0 0 0 0 0 0 0 0 0 0 0 0 0 0 0 0 0 0 0 0 0 0 0 0 0 0 0 0 0 0 0 0 0 0 0 0 0 0 0 0 0 0 0 0 0 0 0 0 0 0 0 0 0 0 0 0 0 0 0 0 0 0 0 0 0 0 0 0 0 0 0 0 0 0 0 0 0 0 0 -1.94591014905531 0 0 0 0 0 0 0 0 0 0 0 0 0 0 0 0 0 0 0 0 0 2.28300693029972 0 0 0 0 0 0 0 0 0 3.07294523558829 0 0 0 0 0 0 0 0 0 0 0 0 0 0 0 0 0 0 0 0 0 0 0 0 0 0 0 0
0 0 0.436717651612269 0 0 0.32768740706548 0 0 0 0 0 0 0.856006188278988 -0.983099401546265 2.63881434577249 4.79997025068723 0 1.84206020770285 3.97745398534874 1.44411393200872 1.31857618706494 -0.232541313772981 1.49420264885652 0 0 0 0 0 -2.12823170584927 0 -1.65822807660353 0 0 0 0 0 0 0 0 0 0 0 0 0 1.06752170159808 3.85412001674204 0 0.696542769561083 2.83501244499126 5.17260758895577 0 0 0 0 0 0 0 0 0 0 0 0 0 0 0 0 0 0 0 0 0 0 0 0 -1.26473915954208 0 0 0 0 0 0 0 0 0 0 0 0 0 0 0 0 0 0 0 1.80191184069207 0 0 0 0 0 0 0 -0.929989576232317 0 0 -1.08845991720409 -0.0206192872027357 0 0 0 0 0 0 0 0 0 0 -1.77155676191054 0.0594234204708008 -0.0631789016215316 0 0 0 -1.39312032619029 -2.1870722058722 -2.63905732961526 0 -1.28913061266624 -1.81237875643079 0 0 0 0 0 -0.672944473242426 0 0 1.08145920944186 0 0 0 4.91145368439042 4.76019511911306 0 4.22295314338341 6.26163447933904 0 0 0 0 3.32843160969773 5.07136128465759 0 0 0 2.15041657437078 -2.59253731398037 3.25534550464959 1.80022692032715 0 0 0 0 0 0 0 -0.646627164925052 0 0 0 0 -1.46407206216257 1.0929272250335 0 -0.938647638975432 -4.07414185490458 0 0 0 0 0.403194959573625 0 -0.249857763784442 -0.831549503419065 0.118538608038381 0 0 0 0 0 0 0 3.13075065530009 1.00352884052783 4.05172579195721 -1.24092851084837 0.516929406704008 0 -0.595983432106298 0 0 0 0 0 0 0 0 0 -0.992231885109538 0 0 0 0 0 0 0 0 0 0 0 0 0 0 0 0 0 0 0 0 -1.94591014905531 0 0 0 0 0 0 0 0 0 0 0 0 0 0 0 0 0 0 0 0 0 0 0 0 0 0 0 0 0 0 0 0 0 0 0 0 0 0 0 0 0 0 0 0 0 0 0 0 0 0 0 0 0 0 0 0 0 0 0 0 0 0 0 0 0 0 0 0 0 0 0 0 0 0 0 0 0 0 0 0 0 0 0 0 0 0 0 0 0 0 0 3.11879236631122 0 0 0 0 0 0 0 0 0 1.44411393200872 0 0 0 0 0 0 0 0 0 0 0 0 0 0 0 0 0 0 0 0 0 0 0 0 0 0 0 0
-1.25276296849537 2.62461929586777 0 1.065179780153 1.08835578850092 4.13549303405508 4.649870364906 0 0 0 0 0 2.82900281151987 0 0 2.69618874816588 1.84206020770285 0 2.08283713068097 1.1728822172559 5.1449005443655 5.20387585695952 4.05715353389602 0 0 0 0 0 0 0 0 0 0 0 0 0 0 0 0 0 0 0 0 0 0 0 0 0 0 0 0 0 0 0 0 0 0 0 0 0 0 0 0 0 0 0 0 0 0 0 0 0 0 0 -0.640154650419435 1.29928298413026 1.52871470116166 0 0 0 0 0 0 0 0 0 0 -0.501796217046596 0 0.755770603761417 1.96468326356324 0 1.11212600783483 0 0 0 0 0 0 0 0 0 0 0 0 0 0 0 0 0 0 -1.73233604875725 0 0 0 0 0 0 0 0.891496073260939 0 3.09490018516981 0 0 0 0 4.79246800276827 0 0 0 3.55155077344472 1.41727214160537 0.394062476010353 1.41396908327611 6.33326150349652 5.66729724567715 1.24201542977179 6.34195972125675 0 0 1.27866369692753 1.32130222237418 2.94854796216966 0 0 2.03643817309356 0 0 0 0.802581021605407 2.90089817088315 2.81422671027737 0 3.31356738417646 0 4.92354970285003 4.5689436253389 3.32879735185359 3.33463110685246 1.34284704136095 0 0 6.28440699419063 0 0 0 0.023530497410194 0 0 0 -0.0559586536480445 3.23747725081875 0 0 -1.46407206216257 -2.73914078817224 0 -1.87691727756836 0 0 0 0 0 0 0 0 0 0 0 0 0 0 0 0 0 0 0 0 0 0 0 0 0 0 0 0 0 0 0 0 0 0 0 0 0 0 0 0 0 0 0 0 0 0 0 0 0 0 0 0 0 0 0 0 0 0 0 0 0 0 0 0 0 0 0 0 0 0 0 0 0 0 0 0 0 0 0 0 0 0 0 0 0 0 0 0 0 0 0 0 0 0 0 0 0 0 0 0 0 0 0 0 0 0 0 0 0 0 0 0 0 0 0 0 0 0 0 0 0 0 0 0 0 0 0 0 0 0 0 0 0 0 0 0 0 0 0 0 0 0 0 0 0 0 0 0 0 0 0 0 0 0 0 0 0 0 0 0 0 0 0 0 0 0 0 0 0 0 0 0 0 0 0 0 0 0 0 0 0 0
2.01263287200773 0.259219607788019 1.35168883194241 -0.166126870873974 1.22916305315449 4.46002644071762 1.04025267348253 0 0 0 0 0 5.08933749091828 0 -0.929989576232317 6.01019951115047 3.97745398534874 2.08283713068097 0 3.80605762055484 3.62079724656388 2.94390177797168 1.30391047966231 0 0 0 0 0 0 0 0 0 0 0 0 0 0 0 0 0 0 0 0 0 0 0.458457638248675 0 0 1.96563655248195 2.88734374649852 0 0 0 0 0 0 0 0 0 0 0 0 0 0 0 0 0 0 0 0 0 0 0 0 0 -0.263044768066396 0 0 0 0 0 0 0 0 0 0 0 0 0 0 0 0 0 0 0 0 0 0 0 0 0 0 -0.365459773494465 0 0 0 -0.965080896043587 0 0 0 0 0 0 0 0 0 0 0 0.127561225638019 0.863205643421842 0 0 0 -2.21784386453896 0.762140052046897 0 -1.22923247108517 0.49228750276708 -0.162118849476435 0 -1.12970287573814 0 0 0 0.976995382501004 0 0 0.857450231851222 0 0 -0.646627164925052 2.57665452426862 3.72429912723632 0 -1.03918886819731 5.10009454184072 0 0 0 0 0 4.40783858075591 0 0.103317614028026 0 2.74434495631937 2.13645822212007 5.36038152796047 3.74998415275188 0 0 0 1.94591014905531 0 0 0 1.71948132375141 0 -3.04452243772342 0 0 -2.68784749378469 -1.22923247108517 -2.50552593699074 0.940485460461212 1.10876466013213 0 -2.31628393735221 0 0 1.75126810787332 0 1.1770839041096 1.1885483340003 -0.524524468124153 0 0 0 0 0 0 0 0.984648481078722 0 -0.78573996738777 1.92974521220196 0 0 0 0 0 0 0 0 0 0 0 0 0 0 0 0 0 0 0 0 0 0 0 0 0 0 0 0 0 0 0 0 0 0 0 0 0 0 0 0 0 0 0 0 0 0 0 0 0 0 0 0 0 0 0 0 0 0 0 0 0 0 0 0 0 0 0 0 0 0 0 0 0 0 0 0 0 0 0 0 0 0 0 0 0 0 0 0 0 0 0 0 0 0 0 0 0 0 0 0 0 0 0 -0.693147180559945 -0.0631789016215316 0 0 0 0 0 0 0 0 0 0 0 0 0 0 0 0 0 0 0 0 0.133531392624523 0 0 0 0 0 0 0 0 0 2.7545702167371 0 0 0 0 0 0 0 0 0 0 0 0 0 0 0 0 0 0 0 0 0 0 0 0 0 0 0 0
-0.0668086696721103 -0.375312069937477 0.469152927365423 0.954988021827839 3.13015612496153 6.99443525185714 -2.10006082888257 0 0 0 0 0 4.43968567903535 0 0 2.54539787601963 1.44411393200872 1.1728822172559 3.80605762055484 0 4.73888013409921 3.21314515015922 1.32311545949836 0 0 0 0 0 0 0 0 0 0 0 0 0 0 0 0 0 0 0 0 0 0 0 0 0 0 0 0 0 0 0 0 0 0 0 0 0 0 0 0 0 0 0 0 0 0 0 0 0 0 0 0.342286206486633 -0.341245515373871 -0.896088024556636 0 0 0 0 0 0 0 0 0 0 0 0 0 1.71029852276907 0 0 0 0 0 0 0 0 0 0 0 0 0 0 0 0 0 0 0 0 0 0 0 0 0 0 0 0 0 0 0 0 0 0 0 -2.24959256285354 0 0 0 -3.73766961828337 -1.89939013342042 0 -0.322287601629256 0.877450898557891 -0.331721633862615 0 0.760551489361759 0 0 0 0 4.24484427048748 0 0 2.32478580297424 0 0 0 0 0 1.71581831599267 0 0 0 3.23961172334738 0.72164869069216 7.03879249229728 4.46758783935656 0 0 0 0 0 0 0 0 0 0 0 0 -0.80838244413753 0 0 0 0 0 0 0 0 0 0 0 0 0 0 0 0 0 0 0 0 0 0 0 0 0 0 0 0 0 0 0 0 0 0 0 0 0 0 0 0 0 0 0 0 0 0 0 0 0 0 0 0 0 0 0 0 0 0 0 0 0 0 0 0 0 0 0 0 0 0 0 0 0 0 0 0 0 0 0 0 0 0 0 0 0 0 0 0 0 0 0 0 0 0 0 0 0 0 0 0 0 0 0 0 0 0 0 0 0 0 0 0 0 0 0 0 0 0 0 0 0 0 0 0 0 0 0 0 0 0 0 0 0 0 0 0 0 0 0 0 0 0 0 0 0 0 0 0 0 0 0 0 0 0 0 0 0 0 0 0 0 0 0 0 0 0 0 0 0 0 0 0 0 0 0 0 0 0 0 0 0 0 0 0 0 0 0 0
-4.58496747867057 2.77640795030678 -1.67624658210621 1.08376335792671 3.44858282357348 6.84121202862866 2.57042882322616 0 0 0 0 0 5.2388092555551 0 0 3.06631118819658 1.31857618706494 5.1449005443655 3.62079724656388 4.73888013409921 0 4.55466426503516 3.23547203659161 0 0 0 0 0 0 0 0 0 0 0 0 0 0 0 0 0 0 0 0 0 0 0 0 -0.142316222180255 0 0.527020309685971 0 0 0 0 0 0 0 0 0 0 0 0 0 0 0 0 0 0 0 0 0 0 0 0 1.34904449368932 1.62496303020051 2.27044131993936 0 0 0 0 -1.85493837084959 0 0 0 0 0 0 0 0.570249044236791 2.37696027919996 0 0 -2.68784749378469 0 0 0 0 0 0 0 0 0 0 0 -0.763598841510557 0 0 0 1.320394369384 -2.31628393735221 -3.60413822565885 0 0 0 0 0 0 0 0.897059369946268 0 0.572170274414685 -0.0668086696721103 0 -3.60413822565885 0 2.69962478407424 1.7734523217837 0 0 3.87530256534604 2.55442848187972 -2.07266185469446 2.25236533601502 3.98114285298028 1.50860229137456 0 4.56827330126504 0 0 2.19267911496454 1.09406682629644 4.56317828971249 0 0 2.73732276375927 0 0 0 0 -0.0102565001671891 3.29230329342302 0 0.967992106251045 0 4.66817692229718 3.00183605649201 5.9836706479871 4.97881929778172 -0.154150679827258 0 0 3.76703655469201 0 0 0 2.4177949038899 0 -1.28913061266624 -2.85036642328247 -0.778304988900252 2.9965822523557 0 0 -0.992231885109538 1.85491523207478 0 -0.190518323998133 0 0 0 0 0 -0.452471150484095 0 0.351901665186075 0 0 0 0 0 0 2.55045444035336 0 0 0 0 0 0 0 0 0 0 0 0 0 0 0 0 0 0 0 0 0 0 0 0 0 0 0 0 0 0 0 0 0 0 0 0 0 0 0 0 0 0 0 0 0 0 0 0 0 0 0 0 0 0 0 0 0 0 0 0 0 0 0 0 0 0 0 0 0 0 0 0 0 0 0 0 0 0 0 0 0 0 0 0 0 0 0 0 0 0 0 0 0 0 0 0 0 0 0 0 0 0 0 0 0 0 0 0 0 0 0 0 0 0 0 0 0 0 0 0 0 0 0 0 0 0 0 0 0.60055439373212 0 0 0 0 0 0 0 0 0 0 0 0 0 0 0 0 0 0 0 0 0 0 0 0 0 0 0 0 0 0 0 0 0 0 0 0 0 0
