0 3.73734562670432 6.44665340785962 9.18294470466091 8.57923881193914 7.50123244933814 5.42725489016233 1.84098145894668 0 0 0 0 6.79475035078395 5.75237825647494 5.6051766206456 4.42072392462757 3.6322011170955 5.50618842217096 4.04257376991453 5.21009932491114 5.43810888553401 5.53990207456011 0 0 0 2.04659502790754 0 0 0 4.62256896597288 6.29539777978865 0 4.76820258907791 0 3.20930637385205 0 0 0 0 0 0 0 0 1.95654340535668 0 0 0 0 0 0 0 0 0 0 0 0 0 0 0 0 0 0 1.75597954179464 0 0 0 0 1.65074958296186 2.78063449928667 2.19835772193339 0 2.63418639938066 0 0 2.63443051020819 2.62313927586401 3.0573967706791 0 0 0 0 0 0 0 0 2.32644776114305 2.66543143083732 2.15791315712133 0 2.52844603728476 2.89169363515408 2.17312702575716 2.23650343171455 2.20212562390434 0 0 0 0 0 0 0 0 2.75543564301353 0 0 3.06090834651424 3.39653801758753 2.07518077681898 2.07518077681898 3.16032388349682 2.35396341778001 2.38419642844021 0 0 0 0 0 3.60668022781337 5.01034046605824 6.00704826998896 6.88217928312636 4.815001025282 3.86001337863174 2.34813060798336 4.16682341410499 5.25839845052417 5.07572638362822 4.11326867470773 3.31998240740956 3.54891340927863 5.19635243989135 5.01450534679288 4.59553205129459 5.07861177621862 5.34142246708286 4.80888818176277 3.52666059963717 4.73359929837648 2.20961910220593 0 0 5.64095375326031 4.52071583386813 0 0 3.61293830087855 0 0 0 0 3.15061155086339 4.8162686970697 6.07015626411151 4.81024674577571 3.91514737121091 4.47644742713008 4.16850922211145 4.81676430543911 4.74573038996934 5.53610151863785 0 0 5.5133327354117 0 0 2.3594411179596 3.8379882906643 0 2.57380588839175 0 0 4.60220661527377 2.41658167959793 0 3.76695791051754 4.35369539499555 4.36084295211894 3.57593164864395 0 0 6.50230547687928 0 3.89445461505867 6.20602030827645 5.46191309703985 3.84018352058143 0 0 0 0 0 0 4.32543828640691 3.31220507050983 4.05532790987965 2.52980196969589 2.28923101678272 3.67638677859331 0 0 0 0 0 0 0 0 0 0 0 3.27277117315219 3.57077749005428 0 0 0 0 0 0 0 0 0 0 0 0 0 0 0 0 0 0 0 0 0 0 0 0 0 0 0 0 0 0 0 0 0 0 0 0 0 0 0 0 0 0 0 0 0 0 0 0 0 0 0 0 0 0 0 0 0 0 0 0 0 0 0 0 0 0 0 0 0 0 0 0 0 0 0 0 0 0 0 0 0 0 0 0 0 0 0 0 4.44177051661193 3.91826200572828 2.10172541520118 0 0 0 3.20255285083627 0 0 0 0 1.66693640449532 0 0 1.92181259747625 2.59738463321469 0 0 2.41323770323364 0 0 0 3.62388731536822 2.37062512972573 0 0 0 0 0 0 0 0 3.304741420985 4.00733318523247 2.38294172313131 0 0 0 0 0 2.71031520773306 0 0 3.61522925262511 0 0 0 0 0 0 0 0 0 0 0 0 0 0 0 0 0
3.73734562670432 0 0 3.22808499071085 3.23359686861648 3.6735413358457 0 0 0 0 0 0 2.73555948360217 0 0 0 0 4.00727134040113 0 3.91025273193526 4.53905218683908 0 5.23732809492161 0 0 0 0 0 0 0 0 0 0 0 0 0 0 0 0 0 0 0 0 0 0 0 0 0 0 0 0 0 0 0 0 0 0 0 0 0 0 0 0 0 0 0 2.28266000922079 0 0 0 0 0 0 0 0 0 0 0 0 0 0 0 0 0 0 0 0 0 0 0 0 0 0 0 0 0 0 0 0 0 0 0 0 0 0 0 0 0 0 0 0 0 0 0 0 0 0 0 0 2.13364301816949 0 0 0 0 1.85597906196235 0 0 0 0 1.94785189723822 2.1551577922606 2.3403002253962 3.76175367230886 2.80603665630732 2.88392623795114 3.21396583137064 5.12453071220392 5.06472399741291 0 5.34815977898324 4.82159735526856 0 4.73446643255254 0 0 2.6966475690044 0 0 3.18736409649904 4.6854640395159 4.51615308830972 0 0 0 0 4.98295409313706 5.58715948017751 3.26253460822206 5.1900994087204 0 0 0 2.59434049083346 0 0 0 0 0 0 0 0 0 0 0 0 0 2.26232983127445 0 0 0 0 0 0 0 0 0 0 0 0 0 0 0 0 0 0 0 0 0 0 0 0 0 0 0 0 0 0 0 0 0 0 0 0 0 0 0 0 0 0 0 0 0 0 0 0 0 0 0 0 0 0 0 0 0 0 0 0 0 0 0 0 0 0 0 0 0 0 0 0 0 0 0 0 0 0 0 0 0 0 0 0 0 0 0 0 0 0 0 0 0 0 0 0 0 0 0 0 0 0 0 0 0 0 0 0 0 0 0 0 0 0 0 0 0 0 0 0 0 0 0 0 0 0 0 0 0 0 0 0 0 0 0 0 0 0 0 0 0 0 0 0 0 0 0 0 0 0 0 0 0 0 0 0 0 0 0 0 0 0 0 0 0 0 0 0 0 0 0 0 0 0 0 0 0 0 0 0 0 0 0
6.44665340785962 0 0 6.46395763460337 6.03496051439479 4.46014441393783 0 0 0 0 0 0 5.52562908970032 4.58832847696623 5.34402536427392 4.79167797959079 3.96830045688266 2.51753187710408 4.02583748136894 2.82376508802274 2.7911233724566 0 0 0 0 0 0 0 0 3.56847819798937 5.12390323897745 0 0 0 0 0 0 0 0 0 0 0 0 0 0 0 0 0 0 0 0 0 0 0 0 0 0 0 0 0 0 0 0 0 0 0 0 0 0 0 0 0 0 0 0 0 0 0 0 0 0 0 0 0 0 0 0 0 0 0 0 0 0 0 0 0 0 0 0 0 0 0 0 0 0 0 0 0 0 0 0 0 0 0 0 0 0 0 2.88030615206954 3.59497984361464 4.72919222194461 2.42684747023634 0 0 1.9546184769471 2.58052599639027 1.9732303241417 0 0 0 2.01444940293412 0 0 0 1.92974521220196 0 0 2.14803750901393 0 0 0 5.63364706539592 2.94443897916644 0 0 3.13134483238234 0 0 0 0 0 5.15647162191116 3.00419972465309 0 0 0 0 3.47998341307857 0 2.34226357681222 0 0 0 0 0 0 0 0 0 0 0 0 0 0 2.31911439494526 0 0 0 0 0 4.07511320029421 0 2.58232756681707 3.71539552348805 3.27521757880159 0 0 0 0 0 0 0 2.84376175512937 2.27254658387482 3.02505988864851 0 0 0 0 0 0 0 0 0 0 0 0 0 0 0 2.30190458939514 0 0 0 0 0 0 0 0 0 0 0 0 0 0 0 0 0 0 0 0 0 0 0 0 0 0 0 0 0 0 0 0 0 0 0 0 0 0 0 0 0 0 0 0 0 0 0 0 0 0 0 0 0 0 0 0 0 0 0 0 0 0 0 0 0 0 0 0 0 0 0 0 0 0 0 0 0 0 0 0 0 0 0 0 0 0 0 0 3.0881005916717 2.59306935808318 0 0 0 0 0 0 0 0 0 0 0 0 0 0 0 0 0 0 0 0 2.74718369607917 0 0 0 0 0 0 0 0 0 0 0 0 0 0 0 0 0 0 0 0 0 0 0 0 0 0 0 0 0 0 0 0 0 0 0 0 0 0
9.18294470466091 3.22808499071085 6.46395763460337 0 8.46672304543871 7.62569461919341 5.94775076201017 2.23650343171455 0 0 0 0 6.72367298933399 5.54511100944968 5.54363501404851 4.24844665000387 3.56607746701445 6.19644412779452 4.07111771161228 4.72669526663034 4.93109132824349 5.43849330189123 0 0 0 1.77806062486989 0 0 0 4.47780052883848 6.14680256841351 0 4.59136788800293 2.97771376805131 3.2011689591125 0 0 0 0 0 0 0 0 1.85704176131847 0 0 0 0 0 0 2.07218740276432 0 0 0 0 0 0 0 0 0 0 0 0 0 0 0 0 0 2.34748041290194 0 0 2.14684585048165 0 0 1.99613387262769 2.03332636795971 2.52218495789577 0 0 0 0 0 0 0 0 0 2.10463179050839 0 0 0 2.41384653125853 0 0 0 0 0 0 0 0 0 0 0 2.34357033949409 0 0 2.56964787824309 2.80274176041047 0 0 2.71797808047863 0 1.81805469054473 0 0 0 0 0 4.24825225820659 4.96253536784829 5.87528418057271 6.55721309466968 5.17676447881826 3.31985942886916 1.93712531949958 3.59703265762283 6.2579216802368 5.64389525096296 3.49557948715393 2.75500302349564 2.99522193927397 4.82236410047289 4.5135843546969 4.34654043613081 4.92194037334536 5.63498394774279 5.28917708166868 3.11366646936485 4.64488135969365 0 0 0 5.5619497956808 3.80960599919775 0 0 0 0 0 0 0 0 4.74929997853728 6.38196564305452 5.27529937141099 4.29756302976305 3.58086993028453 3.44869094921558 4.55165458881133 3.76064625248361 5.74953379665343 3.34271756694521 0 6.59256450095034 0 0 0 3.39459970103516 0 0 0 0 4.4213372836049 1.95413666532612 0 3.29053181377464 3.79525985767251 3.82938054945349 3.02786355173678 0 0 6.33927291795399 0 3.57249849631135 6.37696987271459 5.56219801081928 3.84142534841917 3.26448633612025 0 0 0 0 0 4.02644438798465 3.64791572619397 3.73328685012827 2.23831864368512 1.86497621183119 4.42333830520164 0 0 0 0 0 0 0 0 0 0 0 3.0834378539731 3.45955185494405 0 0 0 0 0 0 0 0 0 0 0 0 0 0 0 0 0 0 0 0 0 0 0 0 0 0 0 0 0 0 0 0 0 0 0 0 0 0 0 0 0 0 0 0 0 0 0 0 0 0 0 0 0 0 0 0 0 0 0 0 0 0 0 0 0 0 0 0 0 0 0 0 0 0 0 0 0 0 0 0 0 0 0 0 0 0 2.92345412807735 0 4.11793042908498 3.59870910395009 2.76104273124272 0 0 0 4.42822192226565 0 0 0 0 0 0 0 0 3.4022172695629 0 0 2.64002867500489 0 0 0 3.2517973045935 0 0 0 0 0 0 0 0 0 2.92455041906966 5.29385162764984 2.83341340407489 0 0 0 0 0 2.57872117444877 0 0 4.69178465882486 0 0 0 0 0 0 0 0 0 0 0 0 0 0 0 0 0
8.57923881193914 3.23359686861648 6.03496051439479 8.46672304543871 0 8.00495046426013 6.13584461754053 0 0 0 0 0 6.96838950459399 4.96997862982355 4.45038438387845 4.75940832554749 3.42073319999197 6.32396876605884 4.6702506520837 5.42608815106538 5.61846415960822 5.92872033360458 0 0 0 0 0 0 0 3.20227622566162 4.91841557199949 0 0 0 0 0 0 0 0 0 0 0 0 1.53312971937078 0 0 0 0 0 0 0 0 0 0 0 0 0 0 0 0 0 0 0 0 0 0 0 0 0 0 0 0 0 0 0 0 2.19419656593858 0 0 0 0 0 0 0 0 0 0 0 0 0 0 0 0 0 0 0 0 0 0 0 0 0 2.21816775118146 0 0 2.45176718156803 2.67906266422896 0 0 2.42594589241419 0 0 0 0 0 0 0 3.57412117599734 4.28029708521023 5.28972614569991 5.58757982218924 4.57123344720496 3.04549378311305 2.12230227288994 3.52795988521298 5.27013482770576 5.45409936810738 3.28888405372123 2.68511341575911 2.80870578837137 4.51198020595052 4.20758213550681 4.22852058829567 4.7152135973054 5.57436312134278 5.15713775308526 3.05707692420269 4.6404256959319 0 0 0 4.83584989484842 3.83152100862403 0 0 3.14418160031604 0 0 0 0 0 4.74223698834685 5.87398439924993 5.54647868083753 3.67440444655006 4.04781374855893 3.40153745988342 5.1686657072091 4.15178953112116 5.64675610491917 0 0 6.75576100260355 0 0 0 3.20379671804108 0 0 0 0 4.12466260328071 2.00028421291775 0 3.37953588488098 3.52475860196683 3.59721906828606 2.81951449969805 0 0 5.67398929120803 0 3.31924430920899 5.744626237647 5.1764379419311 3.33025898426971 2.94694210938456 0 0 0 0 0 3.73839821576551 2.87705598192039 3.49815534762717 2.10587479874799 0 3.97879118189299 0 0 0 0 0 0 0 0 0 0 0 0 2.86724160505754 0 0 0 0 0 0 0 0 0 0 0 0 0 0 0 0 0 0 0 0 0 0 0 0 0 0 0 0 0 0 0 0 0 0 0 0 0 0 0 0 0 0 0 0 0 0 0 0 0 0 0 0 0 0 0 0 0 0 0 0 0 0 0 0 0 0 0 0 0 0 0 0 0 0 0 0 0 0 0 0 0 0 0 0 0 0 2.51175389982419 0 3.86523084392139 3.33970787346765 0 0 0 0 3.32182527297196 0 0 0 0 0 0 0 0 2.80644775600479 0 0 2.29404533144591 0 0 0 3.21982775259358 0 0 0 0 0 0 0 0 0 2.87456341040651 4.34856481740571 2.44323395338743 0 0 0 0 0 2.0162626400583 0 0 4.08854546700062 0 0 0 0 0 0 0 0 0 0 0 0 0 0 0 0 0
7.50123244933814 3.6735413358457 4.46014441393783 7.62569461919341 8.00495046426013 0 6.49108992655125 0 0 0 0 0 6.51654019608207 3.54174773444575 3.28430680478879 4.68301267275203 3.69363005687253 6.26602519466979 5.66476582231375 6.35121808065631 6.40581860263339 6.56442625489771 4.08922946155533 0 0 0 0 0 0 0 3.36141415204951 0 0 0 0 0 0 0 0 0 0 0 0 0 0 0 0 0 0 0 0 0 0 0 0 0 0 0 0 0 0 0 0 0 0 0 0 0 0 0 0 0 0 0 0 0 0 0 0 0 0 0 0 0 0 0 0 0 0 0 0 0 0 0 0 0 0 0 0 0 0 0 1.75656691332401 0 0 2.01490302054226 2.29575912792365 0 0 1.9732303241417 0 0 0 0 0 0 0 2.61620340461111 3.41605248265308 4.72964281448141 4.46226555543546 3.88114292251635 2.64945017240423 0 3.18046022969731 4.28095584676238 4.98674677990081 2.89940116461556 2.37632856723959 2.5014917101936 4.09207441368756 3.86893086237335 4.02947340829294 4.3153088699607 4.92651398544155 4.74327444045775 3.13356985740473 5.08515782235701 0 0 0 3.80862579176772 5.06879723547609 0 0 4.31385339803997 0 0 0 0 0 4.36599749106934 4.934106812454 5.50687892502255 3.2521921713311 5.09299869776538 4.01515655343731 6.36011511519985 5.17925800653205 5.23170867687859 0 0 6.06539757684647 0 0 0 2.78568289032001 0 0 0 0 3.69962087764194 0 0 3.02191705254906 3.13475451621349 3.32047417038971 2.37664447310228 0 0 4.04340924170628 0 0 4.0336986816763 3.36459455404711 0 0 0 0 0 0 0 0 0 2.05054153598962 0 0 0 0 0 0 0 0 0 0 0 0 0 0 0 0 0 0 0 0 0 0 0 0 0 0 0 0 0 0 0 0 0 0 0 0 0 0 0 0 0 0 0 0 0 0 0 0 0 0 0 0 0 0 0 0 0 0 0 0 0 0 0 0 0 0 0 0 0 0 0 0 0 0 0 0 0 0 0 0 0 0 0 0 0 0 0 0 0 0 0 0 0 0 0 0 0 0 0 0 0 0 0 0 2.73357206989733 2.03954032492765 0 0 0 0 0 0 0 0 0 0 0 0 0 0 0 0 0 0 0 0 1.82903777733583 0 0 0 0 0 0 0 0 0 0 0 0 0 0 0 0 0 0 0 0 0 0 0 0 0 0 0 0 0 0 0 0 0 0 0 0 0 0
5.42725489016233 0 0 5.94775076201017 6.13584461754053 6.49108992655125 0 0 0 0 0 0 3.77837498792741 0 0 0 0 6.42380449869062 3.01359892107396 3.51721519179397 4.10847330475114 5.33409810382887 0 0 0 0 0 0 0 0 0 0 0 0 0 0 0 0 0 0 0 0 0 0 0 0 0 0 0 0 0 0 0 0 0 0 0 0 0 0 0 0 0 0 0 0 0 0 0 0 0 0 0 0 0 0 0 0 0 0 0 0 0 0 0 0 0 0 0 0 0 0 0 0 0 0 0 0 0 0 0 0 0 0 0 0 0 0 0 0 0 0 0 0 0 0 0 0 2.76426334594276 3.72134005882696 3.16277327597565 3.29898132491876 0 0 0 3.98810182330458 4.66167267803123 0 0 0 2.83640951137956 2.27359755612079 0 3.74942404071483 4.62866746025504 4.78904948578627 0 4.75564063266954 0 0 0 0 3.53542297771615 0 0 0 0 0 0 0 0 0 4.19592242244694 5.15104771992181 2.81667070334724 3.27547474737701 0 3.86337568819846 0 4.67111078497946 0 0 6.19217466665385 0 0 0 0 0 0 0 0 2.78673143817743 0 0 0 0 0 0 0 0 2.93219098743855 0 0 3.35097762468313 0 0 0 0 0 0 0 0 0 0 0 0 0 0 0 0 0 0 0 0 0 0 0 0 0 0 0 0 0 0 0 0 0 0 0 0 0 0 0 0 0 0 0 0 0 0 0 0 0 0 0 0 0 0 0 0 0 0 0 0 0 0 0 0 0 0 0 0 0 0 0 0 0 0 0 0 0 0 0 0 0 0 0 0 0 0 0 0 0 0 0 0 0 0 0 0 0 0 0 0 0 0 0 0 0 0 0 0 0 0 0 0 0 0 0 0 0 0 0 0 0 0 0 0 0 0 0 0 0 0 0 0 0 0 0 0 0 0 0 0 0 0 0 0 0 0 0 0 0 0 0 0 0 0 0 0 0 0 0 0 0 0 0 0 0 0 0 0 0 0 0 0 0 0 0 0
1.84098145894668 0 0 2.23650343171455 0 0 0 0 6.98691219414332 6.08899859736183 4.84418708645859 6.26282796718908 0 5.37609691866958 0 0 0 2.30360498089479 0 0 0 0 0 0 2.36168794926912 3.12926366617851 3.21150176441549 0 0 0 0 4.27581541713574 0 0 0 6.52181264688663 5.25305668072125 5.21462145208294 5.10005307043525 6.79723787640939 3.86850463518781 4.79243979839942 4.69225242214516 5.05396841880263 3.93608492307139 0 4.73291103621121 3.33171848343417 3.39082632739667 2.73357206989733 6.63838969160421 5.96385036646908 7.42635469004661 7.29129469135187 7.18216600189372 6.45252095616236 3.53085222254075 0 0 2.45147414127289 0 0 1.68853826099911 0 0 0 4.25503358717282 2.05968993349032 1.88065870783181 2.02393242726166 1.6494432470478 0 4.12812138956674 3.7645957046947 2.67297507811474 1.81029411944488 1.97841779156321 5.59858571480105 3.22552036758687 4.00529028360267 2.58258466927381 2.11494328628652 2.53709240295857 2.0618558429357 1.6771601357196 1.99010836192905 1.73640015632315 0 0 0 0 0 0 0 3.2040729229869 5.41242016905861 4.14765962098982 0 5.06950300463333 5.34979261716966 3.87077575042944 4.66827272762083 2.95441412422326 3.10714586092489 3.09966319640222 5.22042936530486 0 3.46488520091941 3.40165079359466 2.77873476256757 1.86233838387064 0 3.39094088149497 2.39075792675083 3.30661256230309 4.79227055547901 4.95781320309917 3.50144279665321 4.05018651037923 6.07591667127646 0 2.88126007754491 0 0 0 2.83999303104159 0 0 0 2.18084013765588 3.55796853176169 2.21111108308694 3.74332254458616 2.73754295532682 2.32178729997798 2.5861771801943 3.79510694078254 3.19310439927577 0 2.78819756054707 2.10463179050839 0 2.76832795737893 3.71878493689284 3.29558488162603 0 4.73294097050544 4.61707186826622 4.70254996048915 3.41392779636316 3.89445461505867 0 0 0 0 0 2.52054516523536 0 0 0 0 0 0 0 0 0 4.39960089063771 4.22105712445397 2.07986662138868 0 1.58812393954869 2.25236533601502 2.77619615320761 0 2.97511298635126 0 2.17467441484735 0 0 0 0 0 0 0 0 0 0 5.90303286697447 3.67371401759366 2.90033705612046 0 0 0 4.67982951243491 0 0 0 0 0 0 0 0 0 0 0 2.3520229255799 0 0 0 0 0 3.05931370417346 0 0 0 4.23060041473619 3.26734199745858 3.35419133928622 2.7593208194957 5.33889443311671 3.20545280453606 0 3.53770054467584 3.59151785185278 0 0 0 0 0 0 4.03832595473849 2.61146937309643 3.27650276083172 4.03616521924805 5.06674125205638 0 2.56573397892195 0 0 0 0 0 0 0 0 0 0 0 0 0 0 0 0 0 0 0 0 0 0 0 0 0 0 0 0 0 0 0 0 0 0 0 0 0 0 2.43432917504447 0 0 0 0 0 0 0 0 0 0 0 0 0 0 0 0 0 0 0 0 0 0 0 2.20325323161638 0 0 0 0 0 0 0 0 0 0 0 0 0 0 0 0 0 0 0 0 0 0 0 0 0 0 0 0 0 0 0 0 0 0 0 0 0 0 0 0 0 0 0 0 0 0 0 0 0 0 0 0 0 0 0 0 0 0 0 0
0 0 0 0 0 0 0 6.98691219414332 0 4.45754578266211 3.50451499569018 4.77100165019063 0 3.9488205863175 0 0 0 0 0 0 0 0 0 0 0 2.15160398792807 0 0 0 0 0 0 0 0 0 5.95089053770989 4.22718126916394 4.06097066863623 4.69763153745832 4.71892395100394 0 4.09841788760974 2.71663006859174 3.62179801997225 0 0 3.63372982563474 0 0 0 7.50842906857136 6.41360949785963 6.877899017538 5.55909743597228 4.99278993377625 4.94685234534068 0 0 0 0 0 0 0 0 0 0 3.79907519995816 0 0 1.42874767737223 0 0 3.5742165457938 2.95795269833316 2.13122366215068 0 0 4.2801558655428 2.55522139853287 3.43002941567773 0 0 0 0 0 0 0 0 0 0 0 0 0 0 0 4.11326867470773 3.10364056129062 0 4.28123804034905 5.56364687971518 3.98234832214888 4.2241487794547 2.79694943970596 3.56607746701445 3.30673718065953 4.5396334343579 0 2.81849978626751 2.47321727933697 2.12677291638561 0 0 2.68441711771543 1.78436256494717 2.59306935808318 5.36248911124768 4.54275186461727 2.61670042251398 3.60260991692094 5.3358850920824 0 0 0 0 0 0 0 0 0 0 2.92235663391194 0 2.57975290010129 0 0 0 2.56860566866465 0 0 0 0 0 0 2.79070592306628 0 0 5.22356816320851 4.39188434993641 3.63678024967605 2.38294172313131 2.76576275716938 0 0 0 0 0 0 0 0 0 0 0 0 0 0 0 4.2054538282273 3.46997859053852 1.53459707106473 0 0 0 2.56311617637988 0 2.80377258206653 0 0 0 0 0 0 0 0 0 0 0 0 4.00038267940595 3.07514684050336 0 0 0 0 3.22349100884401 0 0 0 0 0 0 0 0 0 0 0 0 0 0 0 0 0 0 0 0 0 3.52425747441938 2.76533458332426 2.50232771414364 2.85830603666793 3.35169267655485 0 0 0 0 0 0 0 0 0 0 3.74974414315035 2.69320127036081 2.15909170764078 0 2.69204985975577 0 0 0 0 0 0 0 0 0 0 0 0 0 0 0 0 0 0 0 0 0 0 0 0 0 0 0 0 0 0 0 0 0 0 0 0 0 0 0 0 0 0 0 0 0 0 0 0 0 0 0 0 0 0 0 0 0 0 0 0 0 0 0 0 0 0 0 0 0 0 0 0 0 0 0 0 0 0 0 0 0 0 0 0 0 0 0 0 0 0 0 0 0 0 0 0 0 0 0 0 0 0 0 0 0 0 0 0 0 0 0 0 0 0 0 0 0 0 0 0 0 0 0 0 0
0 0 0 0 0 0 0 6.08899859736183 4.45754578266211 0 4.86031325449933 6.19055932614121 0 2.13364301816949 0 0 0 0 0 0 0 0 0 0 0 0 0 0 0 0 0 0 0 0 0 0 0 0 0 2.40344570332902 0 0 3.04791802672456 5.10960810479807 0 0 2.94943898958315 0 0 0 4.30415701764235 3.35324020379662 4.86036596097697 6.20223251609756 4.39893224587211 4.90012169034549 0 0 0 0 0 0 0 0 0 0 5.25878776215535 0 0 0 0 0 4.31997933892166 0 0 0 0 4.19776442051176 0 3.73758863022906 0 0 0 0 0 0 0 0 0 0 0 0 0 0 0 6.38645549104113 5.71494443732157 0 2.76211742237249 0 0 0 0 0 0 3.24916086752723 0 0 2.12474328305237 0 0 0 0 0 0 0 3.11758863459801 0 0 3.76032962143529 0 0 0 0 0 0 0 0 0 0 0 0 2.58001066527864 0 0 0 2.84237492974613 2.62190425038901 0 0 0 0 0 2.51450948161743 2.43938494789538 0 0 2.50204912380893 3.70406961960791 2.39106930772797 3.11018399177462 0 0 0 0 0 0 0 0 0 0 0 0 0 0 0 0 2.08748731872672 0 0 0 0 0 0 0 0 0 0 0 0 0 0 0 0 0 0 0 2.62190425038901 0 2.81402277431255 0 0 0 0 0 0 0 0 0 0 0 0 0 0 0 3.02191705254906 0 0 0 0 0 0 0 0 0 0 0 0 0 2.91905690589502 2.61694883886106 0 3.42881696030737 3.67336862427359 0 0 0 0 0 0 0 0 0 2.70213706128917 3.30211592719702 0 0 0 0 0 0 0 0 0 0 0 0 0 0 0 0 0 0 0 0 0 0 0 0 0 0 0 0 0 0 0 0 0 0 0 0 0 0 0 0 2.69274086519614 0 0 0 0 0 0 0 0 0 0 0 0 0 0 0 0 0 0 0 0 0 0 0 0 0 0 0 0 0 0 0 0 0 0 0 0 0 0 0 0 0 0 0 0 0 0 0 0 0 0 0 0 0 0 0 0 0 0 0 0 0 0 0 0 0 0 0 0 0 0 0 0 0 0 0 0 0 0 0 0 0 0 0 0
0 0 0 0 0 0 0 4.84418708645859 3.50451499569018 4.86031325449933 0 5.89988803474306 0 0 0 0 0 0 0 0 0 0 0 0 0 0 0 0 0 0 0 0 0 0 0 0 0 0 0 0 0 0 2.6825579491576 3.71415261824456 0 0 0 0 0 0 3.28761469584579 0 3.54773901102269 3.61165307165546 0 5.26778802545878 0 0 0 0 0 0 0 0 0 0 4.86281374932064 0 0 0 0 0 5.25965432099852 3.70113399158228 2.21853777893777 0 0 5.37814026984658 4.23089717999705 5.33016863188135 3.4283757027161 2.45556891154538 3.38450555705663 0 0 0 0 0 0 0 0 0 0 0 0 3.75588622762926 4.11271225359389 0 2.89602468419895 0 0 0 0 0 0 0 0 0 0 0 0 0 0 0 0 0 0 0 0 0 0 0 0 0 0 0 0 0 0 0 0 0 0 0 0 0 2.54031561284014 0 0 0 0 0 0 0 0 0 0 0 2.55151572991968 0 0 0 0 0 0 0 0 0 0 0 0 0 0 0 0 0 0 0 0 0 0 0 0 0 0 0 0 0 0 0 0 0 0 0 0 0 0 0 0 0 0 0 0 0 0 0 0 0 0 0 0 0 0 0 0 0 0 0 0 0 0 0 0 0 0 0 0 0 0 0 0 0 0 2.11494328628652 0 0 0 0 0 0 0 0 0 0 0 0 0 0 0 0 0 0 0 0 0 0 0 0 0 0 0 0 0 0 0 0 0 0 0 0 0 0 0 0 0 0 0 0 0 0 0 0 0 0 0 0 0 0 0 0 0 0 0 0 0 0 0 0 0 0 0 0 0 0 0 0 0 0 0 0 0 0 0 0 0 0 0 0 0 0 0 0 0 0 0 0 0 0 0 0 0 0 0 0 0 0 0 0 0 0 0 0 0 0 0 0 0 0 0 0 0 0 0 0 0 0 0 0 0 0 0 0 0 0 0 0 0 0 0 0
0 0 0 0 0 0 0 6.26282796718908 4.77100165019063 6.19055932614121 5.89988803474306 0 0 0 0 0 0 0 0 0 0 0 0 0 0 3.15598673631927 0 0 0 0 0 0 0 0 0 0 0 0 0 2.57302757728748 0 0 3.60787965592229 4.90603035082043 0 0 3.05274895399423 0 0 0 4.55265882101681 3.49092615162829 5.19397673879096 5.09247648818037 3.78271978489333 5.68494400825783 0 0 0 0 0 0 0 0 0 0 5.71029185484172 0 0 0 0 0 5.85074508863744 3.94553672680534 0 0 0 5.33301452001601 4.47780052883848 5.45067343410611 3.69667214135477 2.86955955085102 3.80257250451879 0 0 0 0 0 0 0 0 0 0 0 0 5.48923284199179 5.46912160576897 0 3.48739588111522 0 0 0 0 0 0 3.41336791728241 0 2.83381340408022 2.7324662420726 0 0 0 0 0 0 2.85498344981375 3.47841034369645 0 0 3.83930600681397 0 0 0 0 0 0 0 0 0 0 0 0 3.78496237176677 2.66566803322811 0 0 3.88708886707414 3.32586766225811 0 2.71076759407871 0 0 0 2.94192956756101 2.45000765032228 0 0 3.31369113889477 4.13706950688844 3.03016656311823 3.36963884886529 0 0 0 0 0 2.50926736725418 0 0 0 0 0 0 0 0 0 0 0 0 0 0 0 0 0 0 0 0 0 0 0 0 0 0 0 0 0 0 2.24950000454173 0 2.87896912579835 0 0 0 0 0 0 0 0 0 0 0 0 0 0 0 3.41325590384068 0 0 0 0 0 0 0 0 0 0 0 0 0 2.64631952565704 2.68395264952315 0 3.5880438330544 3.83498032830683 0 0 0 0 0 0 0 0 0 0 3.0184318610701 0 0 0 0 0 0 0 0 0 0 0 0 0 0 0 0 0 0 0 0 0 0 0 0 0 0 0 0 0 0 0 0 0 0 0 0 0 0 0 0 2.83501244499126 0 0 0 0 0 0 0 0 0 0 0 0 0 0 0 0 0 0 0 0 0 0 0 0 0 0 0 0 0 0 0 0 0 0 0 0 0 0 0 0 0 0 0 0 0 0 0 0 0 0 0 0 0 0 0 0 0 0 0 0 0 0 0 0 0 0 0 0 0 0 0 0 0 0 0 0 0 0 0 0 0 0 0 0
6.79475035078395 2.73555948360217 5.52562908970032 6.72367298933399 6.96838950459399 6.51654019608207 3.77837498792741 0 0 0 0 0 0 3.97029191355212 3.7351559336028 5.32782663318586 4.31521796500177 3.73694048955985 5.53242104381283 4.61215255513476 4.35805973658019 4.24825225820659 0 0 0 0 0 0 0 0 3.58323545156548 0 0 0 0 0 0 0 0 0 0 0 0 0 0 0 0 0 0 0 0 0 0 0 0 0 0 0 0 0 0 0 0 0 0 0 0 0 0 0 0 0 0 0 0 0 0 0 0 0 0 0 0 0 0 0 0 0 0 0 0 0 0 0 0 0 0 0 0 0 0 0 1.78436256494717 0 0 0 2.06488025656102 0 0 0 0 0 0 0 0 0 0 0 2.59662446594129 3.99801345328367 4.1719247951753 2.34226357681222 1.9327037942417 2.06961450254566 3.12329349919201 2.11985528961349 2.37538025043074 2.58207039824165 2.164963715118 2.12189485793218 2.9965822523557 2.87494728757053 2.99317799374889 2.74478221037094 2.67578933888399 2.37948314398811 2.36807978950327 3.35775006190322 0 0 0 4.5400328461386 4.02437940091621 0 0 3.62288863173172 0 0 0 0 0 5.33095905463398 2.59890323639188 2.48943154438629 0 3.30349204551014 2.62609712864905 5.06293941529468 4.11048346791616 2.49758109068473 0 0 3.09428394728249 0 0 0 2.40743527437185 0 0 0 0 2.0483509546098 1.82246241117944 0 3.20296764517336 2.49618072636122 2.59940892540392 2.02078140057163 0 0 3.99513791213865 0 2.37979805502834 3.5855010996601 3.21724183757655 0 0 0 0 0 0 0 2.84889604760871 1.92081658145766 2.77979061738005 0 0 0 0 0 0 0 0 0 0 0 0 0 0 0 1.92280762243397 0 0 0 0 0 0 0 0 0 0 0 0 0 0 0 0 0 0 0 0 0 0 0 0 0 0 0 0 0 0 0 0 0 0 0 0 0 0 0 0 0 0 0 0 0 0 0 0 0 0 0 0 0 0 0 0 0 0 0 0 0 0 0 0 0 0 0 0 0 0 0 0 0 0 0 0 0 0 0 0 0 0 0 0 0 0 0 0 3.0252250277786 2.49869997192034 0 0 0 0 0 0 0 0 0 0 0 0 0 0 0 0 0 0 0 0 2.55178087641467 0 0 0 0 0 0 0 0 0 0 0 0 0 0 0 0 0 0 0 0 0 0 0 0 0 0 0 0 0 0 0 0 0 0 0 0 0 0
5.75237825647494 0 4.58832847696623 5.54511100944968 4.96997862982355 3.54174773444575 0 5.37609691866958 3.9488205863175 2.13364301816949 0 0 3.97029191355212 0 5.52500564828362 2.70736969750331 2.84336571552023 2.98082580375794 1.91582156607713 0 0 0 0 0 0 2.70873024193087 4.98122750086044 0 4.04710082077208 5.25885852980749 6.25484216504467 5.72345170636758 5.58555291074949 5.82000218262839 5.28876508571415 4.14421394082825 4.52922903275271 5.50174400117852 3.99657671630291 5.84833426818323 4.22185588641546 3.72863966064699 4.09542108007444 3.49938940784137 4.64383475289329 3.56771059096646 3.17478886896934 2.65233132685826 3.30148979230712 3.0147676331195 4.19464125794956 3.46764734014499 2.73908294023132 3.32488918859883 4.86701102725598 0 4.91876364022437 5.15012114591196 3.58058569133241 3.52565999919347 3.89521588711176 3.30549029770497 2.72936340270376 2.97875218974379 2.26797956381657 0 0 0 3.79066214842388 2.2433837775243 1.52056952469726 3.02918020762153 0 0 0 0 0 0 0 0 0 0 0 0 0 1.89966775696468 2.01217822321608 2.14006616349627 0 0 0 0 2.16924804494306 0 0 2.62511214950022 0 0 0 0 0 0 0 2.0514164266841 0 1.87650069768315 0 0 0 0 0 0 0 0 0 0 2.63711180370977 3.30536552385741 4.1744395971503 4.96096378927928 5.06489583717276 4.0138671417829 0 2.07432644101307 2.02752148450148 4.39868138877572 3.01992700214105 0 0 0 2.75066650325663 2.08622122866521 2.93382068449458 2.51999796959927 2.98890630848359 2.58026836403022 2.36168794926912 3.01209428148557 0 0 0 4.7693289267228 2.96674473668074 0 3.30947486280745 2.72691868540659 2.60595971728546 3.72544751551772 3.70205754649449 0 3.36541745422874 3.8535431907112 3.72806746134254 0 2.33438693615492 0 0 2.26657012031334 0 2.800263444396 5.01917019654609 5.30589065746541 3.23292631270052 3.00840671445072 0 2.68092833641191 1.90878636118111 0 0 0 0 2.23686673780393 0 0 2.6797626992593 0 0 0 3.54322433066817 4.01742433657954 3.71688497349448 0 2.23541272082656 4.0992644126751 2.95459135063046 0 0 4.35417640600248 2.66614107013381 0 0 0 2.18620413519146 4.66667477266272 3.67956752488126 0 0 0 0 0 0 0 0 0 0 0 3.58068044662693 0 2.53250833129363 3.82248524873247 3.76805836653175 4.77674829704288 3.39938167530767 3.95104746698625 3.81126262608265 3.13327347328874 3.22916286739834 4.10533833045431 2.76018214599167 4.40281250525198 3.17777034345732 2.34128238294773 2.80624222728142 0 3.17208366336144 1.85810333254343 2.26586465291194 0 0 0 3.16478592760387 2.20775099032321 0 2.44824501766851 3.65813968269388 0 3.93615133074814 0 0 0 0 0 0 0 0 0 0 0 0 0 0 0 0 0 0 0 0 0 0 0 0 0 0 0 0 0 0 0 0 0 0 0 0 0 0 0 0 0 0 0 0 0 0 0 0 0 0 0 0 0 0 0 0 0 0 0 0 0 0 2.7781007141473 2.38137112441046 0 0 0 0 0 0 0 0 0 0 0 0 0 0 0 0 0 0 0 0 2.64075656536822 0 0 0 0 0 0 0 0 0 0 0 0 0 0 0 0 0 0 2.89752674982121 3.54420751824122 0 0 0 0 0 0 0 0 0 0 0 0 0 0 0 0 0 0
5.6051766206456 0 5.34402536427392 5.54363501404851 4.45038438387845 3.28430680478879 0 0 0 0 0 0 3.7351559336028 5.52500564828362 0 3.71232689159634 4.65454327060539 2.84889604760871 3.2469144179535 0 0 0 0 2.27429759115113 0 2.75218642538183 5.02613808520128 0 5.76297082476509 6.43770811137365 6.5752323763221 3.2181953212693 5.07547139000168 4.33077809402887 4.82741537471177 0 3.12926366617851 4.27996754162511 0 3.28264874688709 3.26201350346822 0 3.17108516103185 3.13445848305562 5.19134936153645 5.4001461427455 0 3.27650276083172 4.34926799050315 4.80802772788969 0 0 0 0 0 0 2.97736738772225 2.44323395338743 2.58796860741683 3.35061990691863 2.05621469107002 0 2.22296746502935 0 0 0 0 0 2.68232530986377 1.98217366452302 0 0 0 0 0 0 0 0 0 0 0 0 0 0 0 0 0 0 0 0 0 0 0 0 0 3.04646418590633 0 0 0 0 0 0 1.97417550379618 2.17273980406791 0 2.07347137469333 0 0 0 0 0 0 0 0 0 0 0 2.21483132547292 3.37337629773814 4.06902675423781 4.82719746824725 3.14535376162241 0 2.54111979462855 2.60520604308825 3.14212700610927 2.36680468572834 1.88169551456025 0 0 2.56886632290827 2.229209453352 3.07451830497041 2.53682333259505 2.51009689861656 2.56730137736197 0 3.29306153938377 0 0 0 6.18442236500648 3.84222806309722 0 4.07349376674191 4.05733003044009 0 2.77873476256757 3.54959783854026 0 3.81035935165165 4.69084847526452 2.49477839826715 0 1.83121999314999 0 0 3.12074534522386 2.49055957609079 2.19873515164159 5.27894729874573 3.95984087977864 2.21631555580105 0 0 0 2.43849460802354 0 0 0 0 1.8344844138944 2.20062016633736 2.38450985893956 3.21996366832604 0 0 0 2.79777897106834 2.25164977247823 3.97955449215204 0 2.79694943970596 3.66869410052617 3.22077877501429 0 0 0 0 0 0 0 2.88942648889677 3.59917428514655 4.89839807641376 0 2.19948958396707 0 0 0 0 0 0 0 0 0 3.85707103914491 0 3.5421417066758 4.6412462424619 3.92035554017518 0 2.912794221952 0 3.02588531172468 0 1.98451394174372 2.6412415314301 1.94639593968911 0 0 2.30054219136425 0 0 3.41705733954554 3.00487403351209 2.49281182929511 2.1448565918189 2.49449769651093 2.76490622606776 0 0 0 0 0 0 0 0 0 0 0 0 0 0 0 0 0 0 0 0 0 0 0 0 0 0 0 0 0 0 0 0 0 0 0 0 0 0 0 0 0 0 0 0 0 0 0 0 0 0 0 0 0 0 0 0 0 0 0 0 0 0 0 0 0 0 0 0 0 3.33256887527306 2.44765678235743 0 0 0 0 0 0 0 0 0 0 0 2.26303779590579 0 0 0 0 0 0 0 0 3.50696597730932 2.32078579764089 0 2.85321995371647 0 0 0 2.41384653125853 0 2.61794188760205 2.69274086519614 0 0 0 0 0 0 0 0 3.13593777326621 2.50510935710552 0 0 0 0 0 0 0 0 0 0 0 0 0 0 0 0 0 0
4.42072392462757 0 4.79167797959079 4.24844665000387 4.75940832554749 4.68301267275203 0 0 0 0 0 0 5.32782663318586 2.70736969750331 3.71232689159634 0 5.29727941309469 3.04419844614437 5.33627812878726 3.45601620011174 3.27096472104804 0 0 0 0 0 0 0 0 0 2.58361241859346 0 0 0 0 0 0 0 0 0 0 0 0 0 0 3.21560517600008 0 0 0 3.66982144747815 0 0 0 0 0 0 0 0 0 0 0 0 0 0 0 0 0 0 0 0 0 0 0 0 0 0 0 0 0 0 0 0 0 0 0 0 0 0 0 0 0 0 0 0 0 0 0 0 0 0 0 0 0 0 0 0 0 0 0 0 0 0 0 0 0 0 0 0 0 2.75738011807797 2.54779627823529 0 0 0 2.02393242726166 0 0 0 0 0 0 0 1.97700569436457 0 0 0 0 2.7593208194957 0 0 0 4.75575767386817 3.97458252882449 0 0 4.36660216434825 0 0 0 0 0 5.38848136517152 0 0 0 0 0 4.36223166040964 3.55651356278685 0 0 0 0 0 0 0 0 0 0 0 0 0 0 0 2.30496321539901 0 0 0 0 0 0 0 0 0 0 0 0 0 0 0 0 0 0 0 0 0 0 0 0 0 0 0 0 0 0 0 0 0 0 0 0 0 0 0 0 0 0 0 0 0 0 0 0 0 0 0 0 0 0 0 0 0 0 0 0 0 0 0 0 0 0 0 0 0 0 0 0 0 0 0 0 0 0 0 0 0 0 0 0 0 0 0 0 0 0 0 0 0 0 0 0 0 0 0 0 0 0 0 0 0 0 0 0 0 0 0 0 0 0 0 0 0 0 0 0 0 0 0 0 0 0 0 0 0 0 0 0 0 0 0 0 0 0 0 0 0 0 0 0 0 0 0 0 0 0 0 0 0 0 0 0 0 0 0 0 0 0 0 0 0 0 0 0 0 0 0 0 0 0 0 0 0 0 0 0 0 0 0 0 0
3.6322011170955 0 3.96830045688266 3.56607746701445 3.42073319999197 3.69363005687253 0 0 0 0 0 0 4.31521796500177 2.84336571552023 4.65454327060539 5.29727941309469 0 2.79049713300393 4.50606369365318 0 0 0 0 0 0 0 0 0 3.03377489899984 0 3.22902819633222 0 0 0 0 0 0 0 0 0 0 0 0 0 3.32427715601959 4.96600314007549 0 3.60455463207752 4.19873521996465 5.69470511865865 0 0 0 0 0 0 0 0 0 0 0 0 0 0 0 0 0 0 0 0 0 0 0 0 0 0 0 0 0 0 0 0 0 0 0 0 0 0 0 0 0 0 0 0 0 2.33339797942358 0 0 0 0 0 0 0 0 0 0 0 0 0 0 0 0 0 0 0 0 0 0 0 2.79445670887636 2.45556891154538 0 0 0 1.90929052050614 0 0 0 0 0 0 0 0 0 0 0 0 2.74914426745111 0 0 2.74609282654806 5.30680168091136 4.98066688416741 0 4.78828507880144 5.52741594058118 0 0 0 0 4.3691033515593 5.4600775048352 0 0 0 0 0 4.02115192194007 3.14900793509587 0 0 0 0 0 0 0 0 0 0 0 0 0 0 0 2.39044644878538 0 0 0 0 0 0 0 0 0 0 0 0 0 0 0 0 0 0 0 2.0738989992455 0 0 0 0 0 0 0 0 0 0 0 0 0 0 0 0 0 0 0 0 0 0 0 0 0 0 0 0 0 0 0 0 0 0 0 0 0 0 0 0 0 0 0 0 0 0 0 0 0 0 0 0 0 0 0 0 0 0 0 0 0 0 0 0 0 0 0 0 0 0 0 0 0 0 0 0 0 0 0 0 0 0 0 0 0 0 0 0 0 0 0 0 0 0 0 0 0 0 0 0 0 0 0 0 0 0 0 0 0 0 0 0 0 0 0 0 0 0 0 0 0 0 0 0 0 0 0 0 0 0 0 0 0 0 0 0 0 0 0 0 0 0 0 0 0 0 0 0 0 0 0 0 0 0 0 0 0 0 0 0 0 0 0 0 0
5.50618842217096 4.00727134040113 2.51753187710408 6.19644412779452 6.32396876605884 6.26602519466979 6.42380449869062 2.30360498089479 0 0 0 0 3.73694048955985 2.98082580375794 2.84889604760871 3.04419844614437 2.79049713300393 0 3.24134263383879 4.11293485919334 5.08345153501299 5.83665889092577 3.87077575042944 0 0 0 0 0 0 0 2.77513649431858 0 0 0 0 0 0 0 0 0 0 0 0 0 0 0 0 0 0 0 0 0 0 0 0 0 0 0 0 0 0 0 0 0 0 0 2.9698910423701 0 0 0 0 0 2.67320990258453 0 0 0 0 0 0 0 0 0 0 0 0 0 0 0 0 0 0 0 0 0 0 0 0 0 0 0 0 0 0 0 0 0 0 0 0 0 0 0 0 0 0 0 0 3.58521817420907 3.76695791051754 5.15600114436778 3.5881378843124 4.91819174986254 0 0 0 5.24295206201344 6.05595523546893 0 0 0 4.05662385728063 3.2647462789343 5.31355778203574 5.40341254088352 6.69447365291612 6.86401306672359 4.45600704767187 6.88812161700235 0 0 3.39710739641063 2.78903438067959 4.82667975001065 0 0 3.44912333491035 0 0 0 3.41381584562137 4.27614633164464 3.06090834651424 4.72349729129881 5.35319521513253 4.36335856760241 4.49062170941907 4.97483186462404 4.25831085648039 4.25082488783217 5.25792045173663 0 0 7.06192053596262 0 0 0 1.7945899268211 0 0 0 0 4.40247931074661 0 0 0 2.0514164266841 3.20172274564195 0 0 0 3.47767539694701 0 0 4.08729026058261 3.40662480339752 0 0 0 0 0 0 0 0 0 0 0 0 2.69687690050408 0 0 0 0 0 0 0 0 0 0 0 0 0 0 0 0 0 0 0 0 0 0 0 0 0 0 0 0 0 0 0 0 0 0 0 0 0 0 0 0 0 0 0 0 0 0 0 0 0 0 0 0 0 0 0 0 0 0 0 0 0 0 0 0 0 0 0 0 0 0 0 0 0 0 0 0 0 0 0 0 0 0 0 0 0 0 0 0 0 0 0 0 0 0 0 0 0 0 0 2.42202963496121 0 0 0 0 0 0 0 0 0 0 0 0 0 0 0 0 0 0 0 0 0 0 0 0 0 0 0 0 0 0 0 0 0 0 0 0 0 0 0 0 0 0 0 0 2.56101698904382 0 0 0 0 0 0 0 0 0 0 0 0 0 0 0 0 0
4.04257376991453 0 4.02583748136894 4.07111771161228 4.6702506520837 5.66476582231375 3.01359892107396 0 0 0 0 0 5.53242104381283 1.91582156607713 3.2469144179535 5.33627812878726 4.50606369365318 3.24134263383879 0 4.02450098885484 3.66443340976257 3.40865251615717 0 0 0 0 0 0 0 0 2.09211598257656 0 0 0 0 0 0 0 0 0 0 0 0 0 0 2.67999593541196 0 0 0 3.28213802164617 0 0 0 0 0 0 0 0 0 0 0 0 0 0 0 0 0 0 0 0 0 0 0 0 0 0 0 0 0 0 0 0 0 0 0 0 0 0 0 0 0 0 0 0 0 0 0 0 0 0 0 0 0 0 0 0 0 0 0 0 0 0 0 0 0 0 0 0 0 2.17390101960385 0 0 0 0 0 0 0 0 0 0 0 0 0 0 0 0 0 2.7911233724566 0 0 0 3.81703930293655 5.25586422383449 0 0 5.02031617395419 0 0 0 0 0 4.83568784218095 0 0 0 2.88087861654467 0 5.54584155214254 3.92681108004417 0 0 0 2.42564518575127 0 0 0 0 0 0 0 0 0 0 0 0 0 0 0 0 0 0 0 0 0 0 0 0 0 0 0 0 0 0 0 0 0 0 0 0 0 0 0 0 0 0 0 0 0 0 0 0 0 0 0 0 0 0 0 0 0 0 0 0 0 0 0 0 0 0 0 0 0 0 0 0 0 0 0 0 0 0 0 0 0 0 0 0 0 0 0 0 0 0 0 0 0 0 0 0 0 0 0 0 0 0 0 0 0 0 0 0 0 0 0 0 0 0 0 0 0 0 0 0 0 0 0 0 0 0 0 0 0 0 0 0 0 0 0 0 0 0 0 0 0 0 0 0 0 0 0 0 0 0 0 0 0 0 0 0 0 0 0 0 0 0 0 0 0 0 0 0 0 0 0 0 0 0 0 0 0 0 0 0 0 0 0 0 0 0 0 0 0 0 0 0 0 0 0 0 0
5.21009932491114 3.91025273193526 2.82376508802274 4.72669526663034 5.42608815106538 6.35121808065631 3.51721519179397 0 0 0 0 0 4.61215255513476 0 0 3.45601620011174 0 4.11293485919334 4.02450098885484 0 5.45668654124856 4.60172889739121 4.73625811960614 0 0 0 0 0 0 0 0 0 0 0 0 0 0 0 0 0 0 0 0 0 0 0 0 0 0 0 0 0 0 0 0 0 0 0 0 0 0 0 0 0 0 0 0 0 0 0 0 0 0 0 0 0 0 0 0 0 0 0 0 0 0 0 0 0 0 0 0 0 0 0 0 0 0 0 0 0 0 0 0 0 0 0 0 0 0 0 0 0 0 0 0 0 0 0 0 2.4874544218668 0 0 0 0 0 0 0 0 0 0 1.90777727935987 1.93368804628967 2.38607553954748 2.09421285900015 2.37632856723959 2.47922158615339 0 4.03526353303385 0 0 0 0 4.62453921255703 0 0 3.46594846524074 0 0 0 0 0 3.22322011625126 0 0 0 5.07950117339306 3.84586866708913 5.56113940168042 5.60209371827279 0 0 0 3.09011437904576 0 0 0 0 0 0 0 0 0 0 0 0 0 0 0 0 0 0 0 0 0 0 0 0 0 0 0 0 0 0 0 0 0 0 0 0 0 0 0 0 0 0 0 0 0 0 0 0 0 0 0 0 0 0 0 0 0 0 0 0 0 0 0 0 0 0 0 0 0 0 0 0 0 0 0 0 0 0 0 0 0 0 0 0 0 0 0 0 0 0 0 0 0 0 0 0 0 0 0 0 0 0 0 0 0 0 0 0 0 0 0 0 0 0 0 0 0 0 0 0 0 0 0 0 0 0 0 0 0 0 0 0 0 0 0 0 0 0 0 0 0 0 0 0 0 0 0 0 0 0 0 0 0 0 0 0 0 0 0 0 0 0 0 0 0 0 0 0 0 0 0 0 0 0 0 0 0 0 0 0 0 0 0 0 0 0 0 0 0 0 0 0 0 0 0 0 0
5.43810888553401 4.53905218683908 2.7911233724566 4.93109132824349 5.61846415960822 6.40581860263339 4.10847330475114 0 0 0 0 0 4.35805973658019 0 0 3.27096472104804 0 5.08345153501299 3.66443340976257 5.45668654124856 0 5.5043632004253 4.34970722273229 0 0 0 0 0 0 0 0 0 0 0 0 0 0 0 0 0 0 0 0 0 0 0 0 0 0 0 0 0 0 0 0 0 0 0 0 0 0 0 0 0 0 0 0 0 0 0 0 0 0 0 0 0 0 0 0 0 0 0 0 0 0 0 0 0 0 0 0 0 0 0 0 0 0 0 0 0 0 0 0 0 0 0 0 0 0 0 0 0 0 0 0 0 0 0 0 2.90667799493456 0 2.19571171774359 0 0 0 0 2.95812929877512 0 0 0 2.65783044412318 2.58438253800003 3.05323076561521 2.93941384296377 3.41134975312617 3.52305374270617 0 5.46892087453308 0 0 0 2.52763159445434 4.30988559131568 0 0 3.19114799842817 0 0 0 0 0 3.05947328288599 0 2.95777606669798 0 5.26894460142228 4.84891636464115 4.92184125303801 4.69268880392379 3.02868666479667 0 0 3.83328896488564 0 0 0 0 0 0 0 0 2.21297293430436 0 0 0 1.78321970767992 0 0 0 0 0 0 0 0 0 0 0 0 0 0 0 0 0 0 0 0 0 0 0 0 0 0 0 0 0 0 0 0 0 0 0 0 0 0 0 0 0 0 0 0 0 0 0 0 0 0 0 0 0 0 0 0 0 0 0 0 0 0 0 0 0 0 0 0 0 0 0 0 0 0 0 0 0 0 0 0 0 0 0 0 0 0 0 0 0 0 0 0 0 0 0 0 0 0 0 0 0 0 0 0 0 0 0 0 0 0 0 0 0 0 0 0 0 0 0 0 0 0 0 0 0 0 0 0 0 0 0 0 0 0 0 0 0 0 0 0 0 0 0 0 0 0 0 0 0 0 0 0 0 0 0 0 0 0 0 0 0 0 0 0 0 0 0 0 0 0 0 0 0 0 0 0 0 0 0 0 0 0 0 0
5.53990207456011 0 0 5.43849330189123 5.92872033360458 6.56442625489771 5.33409810382887 0 0 0 0 0 4.24825225820659 0 0 0 0 5.83665889092577 3.40865251615717 4.60172889739121 5.5043632004253 0 0 0 0 0 0 0 0 0 0 0 0 0 0 0 0 0 0 0 0 0 0 0 0 0 0 0 0 0 0 0 0 0 0 0 0 0 0 0 0 0 0 0 0 0 0 0 0 0 0 0 0 0 0 0 0 0 0 0 0 0 0 0 0 0 0 0 0 0 0 0 0 0 0 0 0 0 0 0 0 0 0 0 0 0 0 0 0 0 0 0 0 0 0 0 0 0 0 3.13193865662782 0 2.57120915881004 0 0 0 2.81849978626751 3.53581944912585 0 0 0 2.69962478407424 2.52572864430826 3.26915499976819 3.31344361414103 3.85101565732012 4.11443615225521 0 5.49548006087528 0 0 0 0 3.92841847440271 0 0 0 0 0 0 0 0 0 3.00166700907381 3.70532511255374 0 4.61367136333127 4.22045763400288 4.47416233153671 3.79937979941224 3.678794760493 0 0 4.75850420590879 0 0 0 0 0 0 0 0 2.44824501766851 0 0 0 0 0 0 0 0 0 0 0 0 0 0 0 0 0 0 0 0 0 0 0 0 0 0 0 0 0 0 0 0 0 0 0 0 0 0 0 0 0 0 0 0 0 0 0 0 0 0 0 0 0 0 0 0 0 0 0 0 0 0 0 0 0 0 0 0 0 0 0 0 0 0 0 0 0 0 0 0 0 0 0 0 0 0 0 0 0 0 0 0 0 0 0 0 0 0 0 0 0 0 0 0 0 0 0 0 0 0 0 0 0 0 0 0 0 0 0 0 0 0 0 0 0 0 0 0 0 0 0 0 0 0 0 0 0 0 0 0 0 0 0 0 0 0 0 0 0 0 0 0 0 0 0 0 0 0 0 0 0 0 0 0 0 0 0 0 0 0 0 0 0 0 0 0 0 0 0 0 0 0 0 0 0 0 0 0
0 5.23732809492161 0 0 0 4.08922946155533 0 0 0 0 0 0 0 0 0 0 0 3.87077575042944 0 4.73625811960614 4.34970722273229 0 0 0 0 0 0 0 0 0 0 0 0 0 0 0 0 0 0 0 0 0 0 0 0 0 0 0 0 0 0 0 0 0 0 0 0 0 0 0 0 0 0 0 0 0 0 0 0 0 0 0 0 0 0 0 0 0 0 0 0 0 0 0 0 0 0 0 0 0 0 0 0 0 0 0 0 0 0 0 0 0 0 0 0 0 0 0 0 0 0 0 0 0 0 0 0 0 0 2.17737659753771 0 0 0 0 1.95124091040686 0 0 0 0 0 2.0709017801317 2.20662844577128 3.34954598521169 2.5352073882628 2.56232949743541 2.91795457251131 4.05391223100226 4.58086355331965 0 4.52237994312186 4.98797689227465 0 4.69203415982416 0 0 3.00958150689934 0 0 0 4.38648098502326 4.09853079903085 0 0 0 0 4.6040130541842 4.81731469347656 3.73133277036628 5.25648508294602 0 0 0 0 0 0 0 0 0 0 0 0 0 0 0 0 0 2.09505037998713 0 0 0 0 0 0 0 0 0 0 0 0 0 0 0 0 0 0 0 0 0 0 0 0 0 0 0 0 0 0 0 0 0 0 0 0 0 0 0 0 0 0 0 0 0 0 0 0 0 0 0 0 0 0 0 0 0 0 0 0 0 0 0 0 0 0 0 0 0 0 0 0 0 0 0 0 0 0 0 0 0 0 0 0 0 0 0 0 0 0 0 0 0 0 0 0 0 0 0 0 0 0 0 0 0 0 0 0 0 0 0 0 0 0 0 0 0 0 0 0 0 0 0 0 0 0 0 0 0 0 0 0 0 0 0 0 0 0 0 0 0 0 0 0 0 0 0 0 0 0 0 0 0 0 0 0 0 0 0 0 0 0 0 0 0 0 0 0 0 0 0 0 0 0 0 0 0 0 0 0 0 0 0
0 0 0 0 0 0 0 0 0 0 0 0 0 0 2.27429759115113 0 0 0 0 0 0 0 0 0 3.27096472104804 0 0 0 0 0 0 0 0 0 0 0 0 0 0 0 0 2.7545702167371 0 0 2.63394222894849 1.89046523803352 3.01809930370089 2.4098825071625 2.67485213169261 0 3.15569692324667 0 0 0 0 0 0 0 0 0 0 0 0 0 0 0 0 0 0 0 0 0 0 0 0 0 0 0 0 0 0 0 0 0 0 0 0 0 0 0 0 0 0 0 0 0 0 0 2.95494570924508 4.03634545896736 4.47187200231985 4.13728675650911 5.1194591930673 4.92052698059609 4.06342939836101 3.71199458287849 4.06038436467947 2.25593549332372 0 0 0 0 0 0 0 0 0 0 0 3.25508310632744 0 0 0 5.24578807769946 4.31148372868466 0 0 3.26863733442726 0 0 0 0 0 0 0 0 0 0 0 0 0 0 0 0 0 0 3.52505915799774 3.91839720480913 2.90369903164424 0 2.57923717033225 0 0 0 0 0 0 0 0 0 0 0 0 0 0 0 4.29594247147344 4.01460415201157 0 0 0 0 5.54988308600399 5.42393058827342 5.4734276100619 0 0 2.76661855525328 0 0 0 0 0 0 0 0 0 0 0 0 0 0 0 0 0 0 0 0 0 0 0 0 0 0 0 0 0 0 0 0 0 0 0 0 0 0 0 0 0 0 0 0 0 0 0 0 0 0 0 0 0 0 0 0 0 0 0 0 0 0 0 0 0 0 0 0 0 0 0 0 0 0 0 0 0 0 0 0 0 0 0 0 0 0 0 0 0 0 0 0 0 0 0 0 0 0 0 0 0 0 0 0 0 0 0 0 0 0 0 0 0 0 0 0 0 0 0 0 0 0 0 0 0 0 0 0 0 0 0 0 0 0 0 0 0 0 0 0 0 0 0 0 0 0 0 0 0 0 0 0 0 0 0 0 0 0 0 0 0 0 0 0 0 0 0 0 0 0 0 0 0 0 0 0 0 0 0 0 0 0
