0 4.38504079500815 6.51971402074106 9.05256169033055 8.40888502504382 7.4007348499071 5.2359714512304 0 0 0 0 0 6.94949766613764 6.0065123239057 4.32120003667932 4.67066488249732 3.82181543141869 5.34718851221324 4.2559986053418 5.15055496828822 5.59167209453301 5.62962566126093 0 0 0 0 0 0 0 0 4.4608126660903 0 0 0 0 0 0 0 0 0 0 0 0 0 0 0 0 0 0 0 0 0 0 0 0 0 0 0 0 0 0 0 0 0 0 0 2.3744310334634 0 0 0 0 0 1.91632219186982 0 0 0 3.47145928885241 0 0 0 0 0 0 0 0 0 0 0 0 0 3.58935974639402 3.0104198001834 0 0 0 0 0 0 0 0 0 0 5.09808119495847 0 0 3.45816051314524 3.73483112645419 0 0 4.32083850377589 0 3.4877078773738 0 0 0 0 0 0 4.80788887564214 7.07694966706073 6.85769645325899 4.09235846425047 4.51689641696953 3.39105542247213 4.61633214865346 4.64615543248814 5.18241394086856 5.29202208255933 4.97144179145712 4.648340441592 6.29906178554123 5.96855096335187 5.41738453577968 6.13198041993551 5.92938105979382 5.44799742663076 4.06745566200577 5.41513243576567 0 0 0 5.33928628904936 4.61471631311708 0 0 3.71539552348805 0 0 2.43819765182239 2.65137186408377 3.32157975369746 4.90716264005255 6.12349183294033 4.66337491543862 4.23089717999705 4.72774895992248 4.57758222946926 4.78953047947189 4.92924814565214 6.16418088072582 0 0 5.10429496805859 0 0 0 5.42626773801588 0 0 0 0 5.39693068115678 3.26708272859532 0 4.40189595309016 5.74215248592917 5.44912426976028 4.95927038955436 0 0 5.64730810051723 0 4.07187170637004 5.14317413080803 4.95018214283867 3.78418963391826 0 0 0 0 0 0 4.96158319086188 3.96546704652547 4.49237469184275 3.65321702859006 3.76096278330844 0 0 0 0 0 0 0 0 0 0 0 0 0 3.39414308002266 0 0 0 0 0 0 0 0 0 0 0 0 0 0 3.19561416077164 0 0 0 3.41157419482838 0 0 0 0 0 0 0 0 0 0 0 0 0 0 0 0 0 0 0 0 0 0 0 0 0 0 0 0 0 0 0 0 0 0 0 0 0 0 0 0 0 0 0 0 0 0 0 0 0 0 0 0 0 0 0 0 0 0 0 0 0 0 0 0 0 0 0 0 0 5.16171030624032 4.5569155926607 0 0 0 0 0 0 0 0 0 0 0 0 0 0 0 0 3.76048794949136 0 0 0 4.54394589460988 3.6858988259758 0 3.41056381023499 0 0 0 0 0 3.57688321404071 4.13347805719906 0 0 0 0 0 0 0 0 0 0 0 0 0 0 0 0 0 0 0 0 0 0 0 0 0 0 0 0
4.38504079500815 0 0 0 0 0 0 3.05194541839454 0 0 0 0 0 0 0 0 0 0 0 0 0 0 4.38049484984539 0 0 0 0 0 0 0 0 0 0 0 0 0 0 0 0 0 0 0 0 0 0 0 0 0 0 0 0 0 0 0 0 0 0 0 0 0 0 0 0 0 0 0 3.87212178867596 0 0 0 0 0 3.55135565149288 0 0 0 0 0 0 0 0 0 0 0 0 0 0 0 0 0 0 0 0 0 0 0 2.9199745897256 0 0 0 0 0 2.6746176925871 0 0 0 0 0 0 0 0 0 0 0 0 0 0 0 0 3.46562960463327 0 0 0 0 0 0 0 2.66543143083732 3.06947574779954 2.65997406766644 3.20806934531138 3.12374250017239 4.08024333806947 3.62967813864419 3.4181726642206 3.7712741816879 4.34702490025691 4.73628795387677 0 4.1144917124408 4.46136265628291 0 4.84252519956686 0 0 3.36928774581294 0 0 3.77814169736295 4.34869670003036 4.99396652663787 0 0 0 0 3.73734562670432 4.80797218930424 0 4.32273509499692 0 0 0 0 0 0 0 0 0 0 0 0 2.43700894440159 0 0 0 2.96901806108376 3.19338357292359 0 0 0 0 0 0 0 0 0 0 0 0 0 0 0 0 0 0 0 0 0 0 0 0 0 0 0 0 0 0 0 0 0 0 0 0 0 0 0 0 0 0 0 0 0 0 0 0 0 0 0 0 0 0 0 0 0 0 0 0 0 0 0 0 0 0 0 0 0 0 0 0 0 0 0 0 0 0 0 0 0 0 0 0 0 0 0 0 0 0 0 0 0 0 0 0 0 0 0 0 0 0 0 0 0 0 0 0 0 0 0 0 0 0 0 0 0 0 0 0 0 0 0 0 0 0 0 0 0 0 0 0 0 0 0 0 0 0 0 0 0 0 0 0 0 0 0 0 0 0 0 0 0 0 0 0 0 0 0 0 0 0 0 0 0 0 0 0 0 0 0 0 0 0 0 0 0 0 0 0 0 0 0
6.51971402074106 0 0 6.43032276321936 6.04338392097707 5.15228837822055 0 0 0 0 0 0 5.49013170583232 4.94755300616496 3.86037160897768 4.60022601088366 0 3.39139896670682 0 3.39539828644067 3.74846311815531 3.77845273935613 0 0 0 0 0 0 0 0 3.96875048742804 0 0 0 0 0 0 0 0 0 0 0 0 0 0 0 0 0 0 0 0 0 0 0 0 0 0 0 0 0 0 0 0 0 0 0 0 0 0 0 0 0 0 0 0 0 0 0 0 0 0 0 0 0 0 0 0 0 0 0 0 0 0 0 0 0 0 0 0 0 0 0 3.09351311551689 0 0 0 0 0 0 0 0 0 0 0 0 0 0 0 2.69366146365011 4.50951300721108 4.52455758806679 0 0 0 2.61645194444089 0 0 2.61843804241252 2.89244820979845 0 2.76362005225702 2.49393605650739 2.87609803568371 2.83381340408022 0 0 0 3.15381108820602 0 0 0 5.44430067321295 0 0 0 0 0 0 0 0 0 4.93175404318988 0 0 0 0 0 3.8799494792914 0 3.13667659856764 0 0 0 0 0 0 2.71302646108844 0 0 0 0 0 0 0 2.92728589994019 2.50982046461342 0 0 0 0 3.81269114405048 0 0 3.34199606619241 3.33886353351036 0 0 0 0 0 0 0 0 2.87052377809765 3.30947486280745 0 0 0 0 0 0 0 0 0 0 0 0 0 0 0 0 0 0 0 0 0 0 0 0 0 0 0 0 0 0 0 0 0 0 0 0 0 0 0 0 0 0 0 0 0 0 0 0 0 0 0 0 0 0 0 0 0 0 0 0 0 0 0 0 0 0 0 0 0 0 0 0 0 0 0 0 0 0 0 0 0 0 0 0 0 0 0 0 0 0 0 0 0 0 0 0 0 0 0 0 0 0 0 0 3.64498798600215 3.08234674639076 0 0 0 0 0 0 0 0 0 0 0 0 0 0 0 0 0 0 0 0 3.3255008468233 0 0 0 0 0 0 0 0 0 0 0 0 0 0 0 0 0 0 0 0 0 0 0 0 0 0 0 0 0 0 0 0 0 0 0 0 0 0
9.05256169033055 0 6.43032276321936 0 8.21442372481018 7.35490840106526 5.07447203843384 0 0 0 0 0 6.72938102337494 5.74027401785681 4.05314456731934 4.47664083950521 3.63874910658555 5.02195421271338 4.16745592519502 4.59078144853599 5.06684843893681 5.31668505791983 0 0 0 0 0 0 0 0 4.47144441101287 0 0 0 0 0 0 0 0 0 0 0 0 0 0 0 0 0 0 0 0 0 0 0 0 0 0 0 0 0 0 0 0 0 0 0 0 0 0 0 0 0 0 0 0 0 2.84988039654143 0 0 0 0 0 0 0 0 0 0 0 0 0 0 0 0 0 0 0 0 0 0 0 0 0 4.50328058606113 0 0 2.80541968970677 3.05033640758884 0 0 3.73985382009821 0 0 0 0 0 0 0 2.60394865577308 4.46485196647051 6.51216977786842 6.37246618303777 3.92264664629867 3.8386473657861 2.95565404998658 3.97891844073765 5.15177654703492 4.949941225424 4.60937900355126 4.42011018921009 3.99451169882994 5.7145631559874 5.3147128355226 4.81912882772523 5.58492743603848 5.57715946086461 4.97867883519136 3.55106289716047 4.95441281668096 0 0 0 5.24323961975163 4.1577663886596 0 0 3.3802308119416 0 0 0 0 2.99215445220611 4.72693620871505 6.10105081556019 4.68367324747603 3.97509361297284 3.8490614714849 3.81486758680236 4.53040265571438 4.04251406663979 5.96455817643855 0 0 4.99631556737535 0 0 0 4.76666988876774 0 0 0 0 4.92300529661056 2.77556049262894 0 3.87155525654552 5.06009470840671 4.8096370065589 4.2855550664333 0 0 5.17516919896967 0 3.645432134355 4.94861514115594 4.48752744661217 3.29898132491876 0 0 0 0 0 0 4.51990126036338 3.63435861523552 4.03784619460935 0 3.27290008066123 0 0 0 0 0 0 0 0 0 0 0 0 0 3.05931370417346 0 0 0 0 0 0 0 0 0 0 0 0 0 0 0 0 0 0 2.93037709250986 0 0 0 0 0 0 0 0 0 0 0 0 0 0 0 0 0 0 0 0 0 0 0 0 0 0 0 0 0 0 0 0 0 0 0 0 0 0 0 0 0 0 0 0 0 0 0 0 0 0 0 0 0 0 0 0 0 0 0 0 0 0 0 0 0 0 0 0 0 4.75009476244206 4.13189590787423 0 0 0 0 0 0 0 0 0 0 0 0 0 0 0 0 3.25534550464959 0 0 0 4.13200510202154 3.22606083510442 0 2.93037709250986 0 0 0 0 0 0 3.66032949655892 3.0876352950367 0 0 0 0 0 0 0 0 0 0 0 0 0 0 0 0 0 0 0 0 0 0 0 0 0 0 0
8.40888502504382 0 6.04338392097707 8.21442372481018 0 7.80537343868478 5.45418668528709 0 0 0 0 0 6.89653955602123 5.71345212581358 3.91941061569882 4.65719450562857 3.53502634905453 5.17684129553362 4.50014974855153 5.1391342037237 5.62025296954 5.84073064249811 0 0 0 0 0 0 0 0 4.2214565851873 0 0 0 0 0 0 0 0 0 0 0 0 0 0 0 0 0 0 0 0 0 0 0 0 0 0 0 0 0 0 0 0 0 0 0 2.73600059521056 0 0 0 0 0 0 0 0 0 0 0 0 0 0 0 0 0 0 0 0 0 0 0 0 0 0 0 0 0 0 0 0 0 0 0 4.54759151578558 0 0 2.55601368696729 3.012596079606 0 0 3.40040341576098 0 0 0 0 0 0 0 0 4.04941598015707 6.26387757756903 5.82778447956459 3.40921504078246 3.57764381495207 3.23774430917258 4.08734734961297 3.83468638356632 4.86522933627479 4.50936328419837 4.52123385356447 3.96778588814422 5.40646989926359 5.06067723897907 4.75053603625962 5.32370660055286 5.34023264077121 4.77229752804113 3.60353644343955 4.94559475732517 0 0 0 5.20706696190404 3.8412063143585 0 0 2.96726980889023 0 0 0 0 2.70532540377602 4.60561226512746 5.28425638766156 4.78103671347268 3.38381359531757 4.24762022376398 3.80522532753967 4.95589891474928 4.24362431181476 5.81082524799417 0 0 5.08334611316737 0 0 0 4.64765610154607 0 0 0 0 4.59412299530065 2.98065316672687 2.83121053946125 4.08940038711766 4.85756868253926 4.67935590050367 4.1032054154113 0 0 4.99987465770995 0 3.69574359699228 4.54083119142903 4.48545927276123 0 0 0 0 0 0 0 4.55687989686031 3.63229110584696 4.15494250634509 3.25061176799939 3.38508182630556 0 0 0 0 0 0 0 0 0 0 0 0 0 3.10180681994547 0 0 0 0 0 0 0 0 0 0 0 0 0 0 0 0 0 0 3.05547615549204 0 0 0 0 0 0 0 0 0 0 0 0 0 0 0 0 0 0 0 0 0 0 0 0 0 0 0 0 0 0 0 0 0 0 0 0 0 0 0 0 0 0 0 0 0 0 0 0 0 0 0 0 0 0 0 0 0 0 0 0 0 0 0 0 0 0 0 0 0 4.71069395362571 4.1041040394538 0 0 0 0 0 0 0 0 0 0 0 0 0 0 0 0 0 0 0 0 4.21690327617715 3.35193091360184 0 3.05947328288599 0 0 0 0 0 3.24307055345526 3.73523711890831 0 0 0 0 0 0 0 0 0 0 0 0 0 0 0 0 0 0 0 0 0 0 0 0 0 0 0 0
7.4007348499071 0 5.15228837822055 7.35490840106526 7.80537343868478 0 5.9859733073337 0 0 0 0 0 6.64905504205921 4.71649248667309 3.87035030902758 4.79955026496057 3.87551425782822 5.64240147275215 5.32046817508357 5.88608513482415 6.21645672878772 6.32062146215282 4.1285049617241 0 0 0 0 0 0 0 3.40312296417932 0 0 0 0 0 0 0 0 0 0 0 0 0 0 0 0 0 0 0 0 0 0 0 0 0 0 0 0 0 0 0 0 0 0 0 0 0 0 0 0 0 0 0 0 0 0 0 0 0 0 0 0 0 0 0 0 0 0 0 0 0 0 0 0 0 0 0 0 0 0 0 4.17908579067719 0 0 0 2.62511214950022 0 0 3.1646423010327 0 0 0 0 0 0 0 0 3.43002941567773 5.79448506549554 4.95071195693449 3.20255285083627 3.24836857909281 0 3.70758103530519 3.21287144001655 4.87001697606582 4.19592242244694 4.21725426773188 3.68606938712238 5.13305357692752 4.78465325095287 4.5172678742005 5.12199816767046 5.24856245144175 4.6607078615931 3.49382410439124 5.18616893684624 0 0 0 4.61117254390447 4.68747093890382 0 0 3.89590745007155 0 0 0 0 3.08062973980332 4.77221118840975 4.61579382685862 5.17810792014881 2.91242460450185 4.90570300621177 3.99645168504494 5.99815132437198 4.94445672889692 5.3956199942464 0 0 5.52761878993918 0 0 0 4.30658994133317 0 0 0 0 4.38521033682181 2.62066769773979 0 3.71149591265539 4.56498574329052 4.41847171753727 3.76428032189622 0 0 3.96236686965765 0 0 3.47683479586778 3.41850701919725 0 0 0 0 0 0 0 3.44348768544368 2.78840683123948 3.26630451843931 0 0 0 0 0 0 0 0 0 0 0 0 0 0 0 0 0 0 0 0 0 0 0 0 0 0 0 0 0 0 0 0 0 0 0 0 0 0 0 0 0 0 0 0 0 0 0 0 0 0 0 0 0 0 0 0 0 0 0 0 0 0 0 0 0 0 0 0 0 0 0 0 0 0 0 0 0 0 0 0 0 0 0 0 0 0 0 0 0 0 0 0 0 0 0 0 0 0 0 0 0 0 0 0 3.85253294383642 0 0 0 0 0 0 0 0 0 0 0 0 0 0 0 0 0 0 0 0 0 3.25245532922736 0 0 0 0 0 0 0 0 0 0 0 0 0 0 0 0 0 0 0 0 0 0 0 0 0 0 0 0 0 0 0 0 0 0 0 0 0 0
5.2359714512304 0 0 5.07447203843384 5.45418668528709 5.9859733073337 0 0 0 0 0 0 4.77209605730407 3.44087586548033 0 0 0 5.39273042173109 4.10343014713875 0 4.12422253506304 4.67935590050367 0 0 0 0 0 0 0 0 0 0 0 0 0 0 0 0 0 0 0 0 0 0 0 0 0 0 0 0 0 0 0 0 0 0 0 0 0 0 0 0 0 0 0 0 0 0 0 0 0 0 0 0 0 0 0 0 0 0 0 0 0 0 0 0 0 0 0 0 0 0 0 0 0 0 0 0 0 0 0 0 0 0 0 0 0 0 0 0 0 0 0 0 0 0 0 0 0 4.42068302064965 3.78062732859455 0 0 0 0 0 4.45778230111165 0 0 0 3.62723922320372 3.0255552242485 0 3.63039963939699 4.39478503510216 3.45182151797301 0 4.095874004274 0 0 0 0 4.36832779031572 0 0 0 0 0 0 0 0 0 0 4.95410093519339 0 0 0 4.48277192470659 0 4.61824756836302 0 0 5.61021906767527 0 0 0 0 0 0 0 0 3.07373207959773 0 0 0 2.61570613955859 0 0 0 0 0 0 0 0 0 0 0 0 0 0 0 0 0 0 0 0 0 0 0 0 0 0 0 0 0 0 0 0 0 0 0 0 0 0 0 0 0 0 0 0 0 0 0 0 0 0 0 0 0 0 0 0 0 0 0 0 0 0 0 0 0 0 0 0 0 0 0 0 0 0 0 0 0 0 0 0 0 0 0 0 0 0 0 0 0 0 0 0 0 0 0 0 0 0 0 0 0 0 0 0 0 0 0 0 0 0 0 0 0 0 0 0 0 0 0 0 0 0 0 0 0 0 0 0 0 0 0 0 0 0 0 0 0 0 0 0 0 0 0 0 0 0 0 0 0 0 0 0 0 0 0 0 0 0 0 0 0 0 0 0 0 0 0 0 0 0 0 0 0 0 0 0 0 0 0 0 0 0 0 0
0 3.05194541839454 0 0 0 0 0 0 6.26808438250264 5.89047842563429 4.66273290206269 5.88011485468312 0 6.20334077827022 3.95854302106304 0 0 0 0 0 0 0 0 0 3.10318244110241 3.76451686831956 0 0 0 0 0 0 0 0 0 6.0668890720507 5.47686195831128 4.76941551555578 5.06442320676094 6.70772685643248 4.07401458501704 5.46988115208407 5.07372719114629 5.5151690567083 4.4690309254706 3.50103245606477 5.06909671353087 4.10309303060561 4.27297450613414 0 6.41953502937217 6.14651860885036 6.41425043599203 7.05481381350209 6.99074184391518 6.05036699856466 0 0 0 0 0 0 0 0 0 0 4.59002201600269 0 0 2.496741107435 2.04219167424927 0 4.32737108844698 3.95678823557392 3.22916286739834 0 2.71663006859174 5.37927017800483 3.38173483258724 4.00875456173479 3.17847891005679 3.21040467160111 3.17833723689653 2.65854549599491 2.62140981280168 2.7326875054876 0 0 0 0 0 0 0 0 3.71597501768863 5.57153305878204 4.12003219977019 0 5.05259949319529 5.63129711697523 4.30360534421901 5.02414901326298 3.45773201822707 3.86508826175817 3.73588636418351 5.3828710774228 0 3.82099615605912 3.33753527152675 0 2.3562225763978 0 3.6352562007908 3.18666179996059 3.74243634110419 5.2301077159603 5.10044697936445 0 4.09836142711795 6.64805888116297 0 0 0 0 2.41201893403951 0 0 2.38199965994341 3.29230329342302 3.09643912053047 2.9531726591352 2.80973048361422 4.81502860045883 3.79426547965046 3.30048716031436 3.95847808388973 4.68659341596924 4.49393454682623 0 3.48520917747927 3.18694277776519 0 3.7992275112828 4.36357513500986 4.22921434451775 3.09766856589818 5.18926523800829 5.2598840983806 5.36301531375211 4.34970722273229 4.86078751282091 0 0 0 0 0 3.71911499713183 0 0 0 0 0 0 0 0 0 5.04741101825647 5.50178562939691 2.57768838323897 1.8147361034283 2.83660893305735 0 0 0 2.89395565308372 2.59408639351282 3.33256887527306 0 0 0 0 0 0 0 0 0 0 7.11155095672687 4.98623572246541 4.61194987297347 0 3.79854192755761 0 5.63004073579718 0 0 0 0 0 0 0 0 0 0 0 3.61284655355063 0 0 0 0 0 0 0 0 0 4.68825379134481 3.86223234092513 3.48541764110312 3.39756266616582 5.61342599140666 3.89735817741659 2.90145897097262 4.68640527511389 5.01095270403385 2.71392858113158 0 2.24554671996812 0 0 0 5.24933075451256 4.55459271124456 5.24618232880668 5.59822037657568 6.41163952671629 3.8732538909691 0 0 0 0 0 0 0 0 0 0 0 0 0 0 0 0 0 0 0 0 0 0 0 0 0 0 0 0 0 0 0 0 0 0 0 0 0 0 0 4.42395006320926 0 0 0 0 0 0 0 0 0 0 0 0 0 0 0 0 0 0 0 0 0 0 0 2.74434495631937 0 0 0 0 0 0 0 0 0 0 0 0 0 0 0 0 0 0 0 0 0 0 0 0 0 0 0 0 0 0 0 0 0 0 0 0 0 0 0 0 0 0 0 0 0 0 0 0 0 0 0 0 0 0 0 0 0 0 0 0
0 0 0 0 0 0 0 6.26808438250264 0 3.80325533144871 0 4.01668940269051 0 4.87405422840766 0 0 0 0 0 0 0 0 0 0 0 2.53007293569132 0 0 0 0 0 0 0 0 0 5.67805758341777 4.41485760214087 0 4.43453517674332 4.55333969040578 0 3.69549020791199 3.01460075785837 3.87063395673902 0 0 3.49144425950993 0 0 0 7.48123946910204 6.49038282427326 6.16332196476804 4.88724985957544 4.91694738047274 4.28386801415632 0 0 0 0 0 0 0 0 0 0 3.95847808388973 0 0 0 0 0 3.8364487573519 3.38749853730399 0 0 0 4.33937828517361 0 0 0 0 0 0 0 0 0 0 0 0 0 0 0 0 0 4.16344324821632 3.11562947490271 0 4.21615073631973 5.36081298605581 4.28868730059227 5.036554961743 0 4.37776586981303 3.8642323415918 4.1390772672829 0 3.16851299613845 0 0 0 0 0 0 0 5.17407216949968 4.23050147340832 0 0 5.80103881141601 0 0 0 0 0 0 0 0 0 0 0 0 0 0 0 0 0 0 0 0 0 0 0 3.15250342365353 0 0 5.22932449506109 4.57235882098296 3.99124905319513 0 3.48760388943631 0 0 0 0 0 0 0 0 0 0 0 0 0 0 0 4.6996451376802 4.42027388882167 0 0 0 0 0 0 0 0 0 0 0 0 0 0 0 0 0 0 0 5.22722681541917 4.64886152937452 0 0 0 0 4.23030356137957 0 0 0 0 0 0 0 0 0 0 0 0 0 0 0 0 0 0 0 0 0 4.42594586860872 3.78442151797727 3.18342486799489 3.89735817741659 3.70641193287558 0 3.29141794586629 0 0 2.87820430740543 0 0 0 0 0 5.04114030552061 4.81196310419612 4.17976264489302 2.94049278570465 3.74990415595171 0 0 0 0 0 0 0 0 0 0 0 0 0 0 0 0 0 0 0 0 0 0 0 0 0 0 0 0 0 0 0 0 0 0 0 0 0 0 0 0 0 0 0 0 0 0 0 0 0 0 0 0 0 0 0 0 0 0 0 0 0 0 0 0 0 0 0 0 0 0 0 0 0 0 0 0 0 0 0 0 0 0 0 0 0 0 0 0 0 0 0 0 3.71919749517255 0 0 0 0 0 0 0 0 0 0 0 0 0 0 0 0 0 0 0 0 0 0 0 0 0 0 0 0 0 0 0 0
0 0 0 0 0 0 0 5.89047842563429 3.80325533144871 0 4.62179985091883 5.4921091690136 0 3.04371226187096 0 0 0 0 0 0 0 0 0 0 0 0 0 0 0 0 0 0 0 0 0 0 0 0 0 0 0 2.80809046684647 3.79854192755761 4.99484230452284 0 0 3.65065824129374 0 0 0 4.25932078755428 3.83915967962612 3.79066214842388 5.70306793371833 4.49100305404483 4.8639697580669 0 0 0 0 0 0 0 0 0 0 4.64853588133204 0 0 0 0 0 4.12718924419424 0 0 0 0 4.54513850059501 0 0 0 0 0 0 0 0 0 0 0 0 0 0 0 0 2.82416896524956 5.8401768285852 4.70916241903529 0 3.50584335638211 2.53574632656741 0 0 0 0 0 3.35620950344246 0 0 0 0 0 0 0 0 0 0 3.74348358814879 0 0 3.81276627270834 0 0 0 0 0 0 0 0 0 0 0 0 3.79027805008998 0 0 3.41538201665411 3.91636729681121 4.09598720327797 0 0 0 0 3.2716102571882 3.49743477525567 3.68572823573315 0 0 3.17890380914965 4.52573670313026 3.5547648010471 4.38783456587373 0 0 0 0 0 3.32965023037011 0 0 0 0 0 0 0 0 0 0 3.08406080991911 0 0 0 0 0 0 0 0 0 0 0 0 0 0 0 0 0 0 0 4.13134975821565 0 4.56158076021783 0 3.92325223794656 0 3.04111527940181 0 0 0 0 0 0 0 0 0 0 0 4.37853414847987 0 0 0 0 0 0 0 0 0 0 0 0 0 3.64142767961563 3.62188894972908 0 4.8029052222564 5.20734639818973 0 0 0 0 0 0 0 0 0 4.05385320086736 4.72222733466949 0 0 0 0 0 0 0 0 0 0 0 0 0 0 0 0 0 0 0 0 0 0 0 0 0 0 0 0 0 0 0 0 0 0 0 0 0 0 0 0 4.66571477258899 0 0 0 0 0 0 0 0 0 0 0 0 0 0 0 0 0 0 0 0 0 0 0 0 0 0 0 0 0 0 0 0 0 0 0 0 0 0 0 0 0 0 0 0 0 0 0 0 0 0 0 0 0 0 0 0 0 0 0 0 0 0 0 0 0 0 0 0 0 0 0 0 0 0 0 0 0 0 0 0 0 0 0 0
0 0 0 0 0 0 0 4.66273290206269 0 4.62179985091883 0 5.21556407245234 0 0 0 0 0 0 0 0 0 0 0 0 0 3.15584184028192 0 0 0 0 0 0 0 0 0 0 0 0 0 0 0 0 3.6750081810977 4.31553609621085 0 0 0 0 0 0 0 0 0 0 0 4.57593752103419 0 0 0 0 0 0 0 0 0 0 4.20970592271285 0 0 0 0 0 4.55702267241738 3.65857802925769 0 0 0 4.90386284738848 3.75858635633454 4.54456044501332 3.34499889110206 0 0 0 0 0 0 0 0 0 0 0 0 0 0 4.14980715751796 0 0 3.08062973980332 0 0 0 0 0 0 0 0 0 0 0 0 0 0 0 0 0 0 0 0 0 0 0 0 0 0 0 0 0 0 0 0 0 3.68768826874378 0 0 0 0 0 0 0 0 0 0 0 0 0 0 0 3.56009866424801 0 0 0 0 0 0 0 0 0 0 0 0 0 0 0 0 0 0 0 0 0 0 0 0 0 0 0 0 0 0 0 0 0 0 0 0 0 0 0 0 0 0 0 0 0 0 0 0 0 0 0 0 0 0 0 0 0 0 0 0 0 0 0 0 0 0 0 0 0 0 0 0 0 0 3.53740376473598 0 0 0 0 0 0 0 0 0 0 0 0 0 0 0 0 0 0 0 0 0 0 0 0 0 0 0 0 0 0 0 0 0 0 0 0 0 0 0 0 0 0 0 0 0 0 0 0 0 0 0 3.06488386260337 0 0 0 0 0 0 0 0 0 0 0 0 0 0 0 0 0 0 0 0 0 0 0 0 0 0 0 0 0 0 0 0 0 0 0 0 0 0 0 0 0 0 0 0 0 0 0 0 0 0 0 0 0 0 0 0 0 0 0 0 0 0 0 0 0 0 0 0 0 0 0 0 0 0 0 0 0 0 0 0 0 0 0 0
0 0 0 0 0 0 0 5.88011485468312 4.01668940269051 5.4921091690136 5.21556407245234 0 0 2.82416896524956 0 0 0 0 0 0 0 0 0 0 0 3.60158974525815 0 0 0 0 0 0 0 0 0 0 0 0 0 0 0 0 4.31312486690858 5.06461658256593 0 0 3.65726241270166 0 0 0 4.43526107103659 3.95717845410124 4.05432534440777 4.930403604092 4.12532234270758 5.37131806895632 0 0 0 0 0 0 0 0 0 0 5.07394006127503 0 0 0 0 0 5.26314829833057 4.13994424105706 3.14227390291453 0 2.84039040835658 5.3694508025341 4.13211428424678 4.78550564481042 3.71886746216625 3.49216915986788 3.87233415550506 0 3.12643228063449 0 0 0 0 0 0 0 0 0 0 5.28513562984597 4.70032574654201 0 3.84659520010569 0 0 0 0 0 0 3.48207699701086 0 0 2.92217360105704 0 0 0 2.98839247786511 3.3918568421727 0 3.12449038742586 4.09660956885295 0 0 3.84543249377603 0 0 0 0 0 0 0 0 0 0 0 0 4.79238338727513 3.78596603909673 0 4.1537679826929 4.80293313299785 4.64396563866292 0 3.49237617777567 0 0 0 3.76032962143529 3.55164832014528 0 0 3.89722010354685 4.90605552673715 3.99707668506528 4.48691510015804 0 0 0 0 0 3.78511684770745 0 0 0 0 0 0 0 0 0 2.33570402557811 0 0 0 0 0 0 0 0 0 0 0 0 0 0 0 0 0 0 0 0 3.49485705562449 0 4.29612781110886 0 0 0 0 0 0 0 0 0 0 0 0 0 0 0 4.36236175299238 0 0 0 0 0 0 0 0 0 0 0 0 0 3.07922272010743 3.2177867967181 0 4.55441380436512 4.99308998109365 0 0 0 0 0 0 0 0 0 3.48531341472333 4.12581686179785 0 0 0 0 0 0 0 0 0 0 0 0 0 0 0 0 0 0 0 0 0 0 0 0 0 0 0 0 0 0 0 0 0 0 0 0 0 0 0 0 4.4796532389562 3.85520066956145 0 0 0 0 0 0 0 0 0 0 0 0 0 0 0 0 0 0 0 0 0 0 0 0 0 0 0 0 0 0 0 0 0 0 0 0 0 0 0 0 0 0 0 0 0 0 0 0 0 0 0 0 0 0 0 0 0 0 0 0 0 0 0 0 0 0 0 0 0 0 0 0 0 0 0 0 0 0 0 0 0 0 0
6.94949766613764 0 5.49013170583232 6.72938102337494 6.89653955602123 6.64905504205921 4.77209605730407 0 0 0 0 0 0 5.26620871756915 3.96495101735837 5.04333733602031 4.08488957351936 4.52019754568831 4.9424195743873 4.81728718126801 5.10806649649284 5.04931076880326 0 0 0 0 0 0 0 0 3.86130240774177 0 0 0 0 0 0 0 0 0 0 0 0 0 2.09881056824878 2.62017264822473 0 0 0 2.68696784373607 0 0 0 0 0 0 0 0 0 0 0 0 0 0 0 0 3.09981646485221 0 0 0 0 0 0 0 0 0 0 0 0 0 0 0 0 0 0 0 0 0 0 0 0 0 0 0 0 0 0 0 0 0 0 0 4.22290329417724 0 0 0 2.52763159445434 0 0 0 0 0 0 0 0 0 0 0 3.310096019421 5.46760078021293 4.75654734385642 0 0 3.23413298979271 3.84157134447753 2.38262780066758 3.23332870020511 3.96197867089501 4.18722962280686 3.29306153938377 4.09638329891195 3.92001816963792 4.12025318203726 4.08362976690482 3.72520154331134 3.57316697745166 3.22633095936322 4.35417640600248 0 0 0 4.96607426973303 3.93515475225155 0 0 2.84356375493072 0 0 0 0 2.4786512981425 4.93329867223443 3.31369113889477 3.60075428454583 0 3.90238487073464 3.35121603212257 5.00608983172458 4.35910435038573 3.57897347608444 0 0 4.24108202042885 0 0 0 3.97573210105481 0 0 0 0 3.08546104352012 2.91795457251131 2.98186100053776 4.05000874840205 3.95431330920967 3.84877163741287 3.27444567602301 0 0 4.46077336949927 0 0 4.02224921539325 3.98721882103971 0 0 0 0 0 0 0 4.12394739405154 3.30073791257245 3.9324923438631 0 3.12299405316492 0 0 0 0 0 0 0 0 0 0 0 0 0 2.78505323346218 0 0 0 0 0 0 0 0 0 0 0 0 0 0 0 0 0 0 0 0 0 0 0 0 0 0 0 0 0 0 0 0 0 0 0 0 0 0 0 0 0 0 0 0 0 0 0 0 0 0 0 0 0 0 0 0 0 0 0 0 0 0 0 0 0 0 0 0 0 0 0 0 0 0 0 0 0 0 0 0 0 0 0 0 0 0 0 0 4.24659840045049 0 0 0 0 0 0 0 0 0 0 0 0 0 0 0 0 0 0 0 0 0 3.88387545180462 3.04920855763444 0 0 0 0 0 0 0 2.99607235177526 0 0 0 0 0 0 0 0 0 0 0 0 0 0 0 0 0 0 0 0 0 0 0 0 0 0 0 0 0
6.0065123239057 0 4.94755300616496 5.74027401785681 5.71345212581358 4.71649248667309 3.44087586548033 6.20334077827022 4.87405422840766 3.04371226187096 0 2.82416896524956 5.26620871756915 0 6.34400595976511 3.87445534699545 4.24518559238171 4.34878461211833 3.53264326779566 3.17251128791361 3.4380386745767 3.34787314457783 0 2.80521394955586 3.94790219213067 4.2204076602391 5.55823227061931 3.65813968269388 5.23172685489592 5.82115222260302 6.24317572207134 4.90937319635477 5.34670252483935 5.36269643619838 5.36731023803499 4.58791329514523 5.30830137367122 5.8436824337316 4.8858636089042 5.70605879344027 4.77471201613565 5.26562901249982 4.96105910680586 4.62126446526107 5.7003639397056 4.82244621688664 4.44173046454424 4.16766667335176 4.75359019110636 4.59391662534739 5.04666760508131 5.14452376581759 4.37146940200598 4.18262120041143 5.8072432277236 0 4.1879526139559 5.89882511740135 4.23213275482002 4.22479581927022 4.59704200353755 4.32764048500033 4.39868138877572 4.00044495172281 3.43727343813597 0 3.06122697006322 3.28875719041627 5.06721278841628 4.12636604078908 3.67423188399571 4.82266516102939 2.64462972441005 3.21928390485754 3.02918020762153 2.35137525716348 3.25757311482188 2.98496017657208 0 0 0 0 0 3.00756673120099 2.92582790806537 3.85943994302001 4.12086063159621 3.6940531224117 3.22240699789775 3.42727170613676 2.79466467393898 3.42506004981116 4.11881592363617 0 3.76475335880192 3.97279167449233 0 0 0 0 0 0 3.85375953946623 3.93734591544024 3.75866566162028 2.75478664353158 0 3.04144027127987 0 3.15163069632541 2.26727509038131 2.39355687119977 0 0 0 3.85692728869544 4.15077204636258 2.46515504159849 4.27420655860483 5.59359804733431 5.73171081780478 3.16478592760387 0 3.45805340662771 3.50379899300015 4.18215399558553 3.34319827840741 3.30424185809213 3.86158863314622 3.2177867967181 4.00560008254564 3.71299117792817 4.81805723713511 4.42386851709488 4.00510435815824 4.50519950302659 4.07649920190209 5.03048238263336 3.13104778797201 0 0 5.61848885462477 4.31821347398157 3.82218760753673 4.61538989525221 4.20342264893758 3.845359779724 5.2737493210288 5.29386871042443 3.67905241497976 4.83814282419226 4.65512585145496 0 3.4050448459534 2.62634322191964 0 3.84237394201797 3.71464996573492 3.23064305336462 3.15671090175029 5.13297332171591 4.42947965648156 4.129271664938 3.84724862881446 0 4.23592876125163 3.72978307795549 0 0 3.74645822554741 2.84751632924655 3.21724183757655 3.14564658739317 3.67784945900036 4.11432502262238 3.46997859053852 3.86743827174123 2.65209154745417 4.32106447715718 5.02983750108019 4.26172128801086 0 3.41984332229142 3.95756852041746 3.89756525248204 0 0 5.28658211032962 3.84819171713566 2.67180012791495 0 0 3.96256091254174 5.54402084475344 4.66565073980418 2.86064476312859 3.27290008066123 0 0 0 0 0 0 0 0 2.56127962857257 4.09309661833106 0 3.73661626162478 3.70733062839265 3.44446536191067 0 0 0 0 3.83218435856544 3.88436511639417 3.53075262590704 3.83350973980651 4.2417181994613 2.88297485361528 4.1309672759008 3.34559837556339 3.64285332362435 4.46836814449545 3.44587587589704 3.70146992842931 3.278299245339 3.4181726642206 3.46881364468265 4.18017894296845 4.2198577839474 3.60056853178222 3.59693943925875 4.64452171214437 0 0 0 0 0 0 0 0 0 0 0 0 0 0 0 0 0 0 0 0 0 0 0 0 0 0 0 0 0 0 0 0 0 0 0 0 0 0 0 2.59179660749772 2.99112986195254 0 0 0 0 0 0 0 0 0 0 0 0 0 0 0 0 0 0 0 2.8004702054843 3.31270067205633 0 0 4.12317659623767 0 0 0 0 2.42894799613996 0 0 0 2.55601368696729 0 0 0 3.65400980555296 3.15381108820602 0 3.01626825866163 0 3.31146120734634 0 0 0 4.09059604871711 3.22294915025584 0 3.37069141898761 2.44588999744555 0 3.64853566156342 4.01656686117942 2.67812852123716 3.61247948004004 3.39938167530767 0 0 0 0 0 0 0 0 2.68279053434297 0 0 0 0 0 2.35137525716348 0 0 0 0 0 0 0 2.69204985975577 0 2.70714276002361 0 0 0
4.32120003667932 0 3.86037160897768 4.05314456731934 3.91941061569882 3.87035030902758 0 3.95854302106304 0 0 0 0 3.96495101735837 6.34400595976511 0 3.63883850804285 4.71585324643399 4.01711817976363 3.71820706920846 0 0 0 0 3.07357476031792 3.08701456255246 4.26301516623138 4.54805979020294 0 5.36036554445545 5.81839596754529 6.17456527872443 3.46626722420854 4.85534640061196 3.94105330134834 4.02261471247335 0 4.2417181994613 5.0010658430801 0 3.66155370097903 3.89188971122279 4.48042418957646 4.24020048846521 4.59260862571164 5.09105469690232 5.21831292344852 0 0 4.74838666920076 4.7693289267228 0 0 0 0 4.15301983965581 0 3.20047629440378 3.12014483477194 3.12866825085875 3.7469397664877 0 0 3.54950009160699 0 0 0 3.35976106394133 3.41157419482838 3.56761459864577 3.6952367546094 3.20848185820825 3.2960887869025 2.58950156632715 2.96639453531137 2.30902688506153 0 0 2.38576259947295 0 0 0 2.24157774488602 0 2.92910540553678 0 3.55213591096873 3.39437141659176 0 0 0 0 0 0 0 0 4.38206915077686 3.04953093030003 0 0 0 0 0 4.11743199360821 3.72667646983241 0 0 0 2.38074219357212 0 0 0 0 0 0 0 0 0 0 3.70883213017625 5.26096158000427 4.71919712114511 0 0 3.57335789001428 3.55864679349982 3.46445957844012 3.00487403351209 3.35514157097668 3.77009886323723 2.94479695303817 3.58068044662693 3.32660088971367 4.35906084659002 3.93827405127987 3.55262326416323 4.07470858770524 3.63597368961082 4.70322859584125 0 0 0 5.64062772733232 4.47350294396748 0 4.21945768391706 4.28475875751706 0 3.87056305235356 4.54050467266037 0 4.57010680553384 4.2414246286597 0 0 0 0 0 3.70004141677931 0 0 5.10514119260626 3.70188969084995 3.80507392708518 0 0 0 3.77588374491066 0 0 0 0 2.74193663550565 3.36082407709287 3.943165652784 4.10185596342131 3.27264224902386 3.50553696818587 2.56782329804187 3.00689423621936 2.29164107131473 4.0193204195966 0 3.17635170227742 3.60019692271068 3.65550556052806 0 0 0 0 0 0 0 3.90936641859958 4.14792831540528 5.09793574494627 2.94533367368796 3.67707536529637 0 0 0 0 0 0 0 0 0 3.60824842148377 0 4.0517849478033 3.84368589555892 3.46318162299463 0 0 0 0 0 2.52708826382429 0 2.7668323903872 0 0 3.73766961828337 0 0 4.30185636784461 4.02498719282698 3.65286448143323 3.80930449923316 3.7062448066113 4.22896662968579 0 3.25350726883784 0 0 0 0 0 0 0 0 0 0 0 0 0 0 0 0 0 0 0 0 0 0 0 0 0 0 0 0 0 0 0 0 0 0 0 0 0 0 0 0 0 0 3.14725559819887 0 0 0 0 0 0 0 0 0 0 0 0 0 0 0 0 0 0 0 0 0 3.16291717122016 0 0 4.48084795920622 0 0 0 0 0 0 0 0 2.41445498883739 0 0 0 3.75779295737195 3.40040341576098 3.14344830117047 3.44609270157005 3.33111061763221 3.87678347249586 0 0 0 4.2696023022213 3.58295188428724 0 4.10942305202217 2.87456341040651 0 0 3.73320550632866 2.87954235596596 4.1928962359506 3.49630139715279 0 0 0 0 0 0 0 0 0 0 0 0 0 0 0 0 0 0 0 0 0 0 0 0 2.62116250230209 0 0 0
4.67066488249732 0 4.60022601088366 4.47664083950521 4.65719450562857 4.79955026496057 0 0 0 0 0 0 5.04333733602031 3.87445534699545 3.63883850804285 0 4.92164298294393 3.52064192362932 4.64232833395502 3.46913149180086 0 0 0 0 0 0 0 0 0 0 2.78063449928667 0 0 0 0 0 0 0 0 0 0 0 0 0 0 2.95281767155603 0 0 0 0 0 0 0 0 0 0 0 0 0 0 0 0 0 0 0 0 0 0 0 0 0 0 0 0 0 0 0 0 0 0 0 0 0 0 0 0 0 0 0 0 0 0 0 0 0 0 0 0 0 0 0 0 2.99539207964018 0 0 0 0 0 0 0 0 0 0 0 0 0 0 0 0 4.00776599199101 0 0 0 0 2.65615999868046 0 0 2.63027250005953 2.893013767359 0 0 0 2.86704820016379 2.73224492968927 0 0 0 3.39494203001665 0 0 0 4.70710647833228 3.54312595872377 0 0 0 0 0 0 0 0 5.16022749487096 0 0 0 0 0 4.10477747794381 0 0 0 0 0 0 0 0 2.62042020361651 0 0 0 0 0 0 0 2.94067249637096 0 0 0 0 0 0 0 0 0 0 0 0 0 0 0 0 0 0 0 0 0 0 0 0 0 0 0 0 0 0 0 0 0 0 0 0 0 0 0 0 0 0 0 0 0 0 0 0 0 0 0 0 0 0 0 0 0 0 0 0 0 0 0 0 0 0 0 0 0 0 0 0 0 0 0 0 0 0 0 0 0 0 0 0 0 0 0 0 0 0 0 0 0 0 0 0 0 0 0 0 0 0 0 0 0 0 0 0 0 0 0 0 0 0 0 0 0 0 0 0 0 0 0 0 0 0 0 0 0 0 0 0 0 0 0 0 0 0 0 0 0 0 0 0 0 0 0 0 0 0 0 0 0 0 0 0 0 0 0 0 0 0 0 0 0 0 0 0 0 0 0 0 0 0 0 0 0 0 0 0 0 0 0 0 0
3.82181543141869 0 0 3.63874910658555 3.53502634905453 3.87551425782822 0 0 0 0 0 0 4.08488957351936 4.24518559238171 4.71585324643399 4.92164298294393 0 3.53413335896691 4.14378239480796 0 0 0 0 0 0 2.7023651374676 0 0 0 0 3.43376773778834 0 0 0 0 0 0 0 0 0 0 0 0 3.42506004981116 0 4.70946891365871 0 0 4.16428936143443 5.10082001316978 0 0 0 0 0 0 0 0 0 0 0 0 0 0 0 0 0 0 0 0 0 0 0 0 0 0 0 0 0 0 0 0 0 0 0 0 0 0 0 0 0 0 0 0 0 3.58832596029566 0 0 0 0 0 0 3.21982775259358 0 0 0 0 0 0 0 0 0 0 0 0 0 0 0 0 4.14690689231296 0 0 0 2.56521096635773 2.74936187162996 0 0 2.5897568311658 0 0 2.55416403655225 0 3.22956677181312 2.86491827390597 0 2.84751632924655 0 3.77845273935613 0 0 0 5.48399213856402 4.3148542625064 0 3.35857861139727 4.14765962098982 0 0 0 0 3.60233179148458 5.10152425313758 0 0 0 0 0 3.82545679835238 3.20861932470101 0 0 0 3.35324020379662 0 0 0 2.75435374309192 0 0 0 0 0 0 2.81483826875122 3.1085141621646 2.44588999744555 0 0 0 0 2.85439596326008 0 0 0 0 0 0 0 0 0 0 0 0 0 3.34775354881138 0 0 0 0 0 0 0 0 0 0 0 0 0 0 0 0 0 0 0 0 0 0 0 0 0 0 0 0 0 0 0 0 0 0 0 0 0 0 0 0 0 0 0 0 0 0 0 0 0 0 0 0 0 0 0 0 0 0 0 0 0 0 0 0 0 0 0 0 0 0 0 0 0 0 0 0 0 0 0 0 0 0 0 0 0 0 0 0 0 0 0 0 0 0 0 0 0 0 0 0 0 0 0 0 2.95121866615182 0 0 0 0 0 0 0 0 0 0 0 0 0 0 0 0 0 0 0 0 0 2.90742135122228 0 0 0 0 0 0 0 0 0 0 0 0 0 0 0 0 0 0 0 0 0 0 0 0 0 0 0 0 0 0 0 0 0 0 0 0 0 0
5.34718851221324 0 3.39139896670682 5.02195421271338 5.17684129553362 5.64240147275215 5.39273042173109 0 0 0 0 0 4.52019754568831 4.34878461211833 4.01711817976363 3.52064192362932 3.53413335896691 0 4.24834945882875 4.35005846966249 4.8952218976056 5.18107627584969 0 0 0 0 0 0 0 0 3.1832838938634 0 0 0 0 0 0 0 0 0 0 0 0 0 0 2.83979428315264 0 0 0 3.15090284128199 0 0 0 0 0 0 0 0 0 0 0 0 0 0 0 0 4.55809283982233 0 0 0 0 0 4.08694765794122 0 0 0 0 0 0 0 0 0 0 0 0 0 0 0 0 0 0 0 0 0 0 3.39471382371717 0 0 0 0 0 0 0 0 0 0 0 0 0 0 0 0 0 0 0 0 0 0 3.04322584110741 5.2200800010523 3.99438640909727 3.461902032289 0 0 1.92875706982906 3.53661192068788 5.55730072595916 2.42172774816647 0 0 4.41658415029648 3.59731226058845 3.59104909451986 4.4836557073536 5.98270177613249 5.30415065989825 0 5.94749311133863 0 0 3.67982498036434 3.79380620223884 5.38213629481504 0 0 4.40543253960515 0 0 3.74114591427781 0 4.92661264368946 3.72232738818148 0 4.63218298523416 3.76506859247148 4.30157993384147 4.33050954152524 4.69222124473007 4.66741014909667 5.32602517335133 0 0 6.21658573344904 0 0 0 2.79028829933918 0 0 0 0 4.08317126162398 0 0 0 3.01793298353418 3.01543485582983 2.17968695667089 0 0 0 0 0 0 0 0 0 0 0 0 0 0 0 0 3.55135565149288 0 0 0 0 0 0 0 0 0 0 0 0 0 0 0 0 0 0 0 0 0 0 0 0 0 0 0 0 0 0 0 0 0 0 0 0 0 0 0 0 0 0 0 0 0 0 0 0 0 0 0 0 0 0 0 0 0 0 0 0 0 0 0 0 0 0 0 0 0 0 0 0 0 0 0 0 0 0 0 0 0 0 0 0 0 0 0 0 0 0 0 0 0 0 0 0 0 0 0 0 0 0 0 0 3.20296764517336 0 0 0 0 0 0 0 0 0 0 0 0 0 0 0 0 0 0 0 0 0 0 0 0 0 0 0 0 0 0 0 0 0 0 0 0 0 0 0 0 0 0 0 0 0 0 0 0 0 0 0 0 0 0 0 0 0 0 0 0
4.2559986053418 0 0 4.16745592519502 4.50014974855153 5.32046817508357 4.10343014713875 0 0 0 0 0 4.9424195743873 3.53264326779566 3.71820706920846 4.64232833395502 4.14378239480796 4.24834945882875 0 4.15344741849718 4.28765988724826 4.20474338467767 0 0 0 0 0 0 0 0 0 0 0 0 0 0 0 0 0 0 0 0 0 0 0 0 0 0 0 0 0 0 0 0 0 0 0 0 0 0 0 0 0 0 0 0 0 0 0 0 0 0 0 0 0 0 0 0 0 0 0 0 0 0 0 0 0 0 0 0 0 0 0 0 0 0 0 0 0 0 0 0 3.00419972465309 0 0 0 0 0 0 0 0 0 0 0 0 0 0 0 0 3.9563327880889 0 0 0 0 2.61570613955859 0 0 2.68116130088588 3.05001429452437 0 2.82900281151987 2.64631952565704 3.13149332150578 3.01058737454492 2.98082580375794 2.81116329523996 0 4.04721967737173 0 0 0 4.15211062713162 4.47420110550387 0 0 4.02486566399411 0 0 0 0 0 4.32952423152077 0 0 0 3.54587672182973 0 5.07797600787118 4.13923988212999 0 0 0 3.97061274515037 0 0 0 2.66803098328788 0 0 0 0 0 0 0 2.86356050044551 2.66116298707886 0 1.94930573805645 0 0 0 0 0 0 0 0 0 0 0 0 0 0 0 0 0 0 0 0 0 0 0 0 0 0 0 0 0 0 0 0 0 0 0 0 0 0 0 0 0 0 0 0 0 0 0 0 0 0 0 0 0 0 0 0 0 0 0 0 0 0 0 0 0 0 0 0 0 0 0 0 0 0 0 0 0 0 0 0 0 0 0 0 0 0 0 0 0 0 0 0 0 0 0 0 0 0 0 0 0 0 0 0 0 0 0 0 0 0 0 0 0 0 0 0 0 0 0 0 0 0 0 0 0 0 0 0 0 0 0 0 0 0 0 0 0 0 0 0 0 0 0 0 0 0 0 0 0 0 0 0 0 0 0 0 0 0 0 0 0 0 0 0 0 0 0 0 0 0 0 0 0 0 0 0 0 0 0 0 0 0
5.15055496828822 0 3.39539828644067 4.59078144853599 5.1391342037237 5.88608513482415 0 0 0 0 0 0 4.81728718126801 3.17251128791361 0 3.46913149180086 0 4.35005846966249 4.15344741849718 0 5.05281690813255 4.44273128530073 0 0 0 0 0 0 0 0 0 0 0 0 0 0 0 0 0 0 0 0 0 0 0 0 0 0 0 0 0 0 0 0 0 0 0 0 0 0 0 0 0 0 0 0 0 0 0 0 0 0 0 0 0 0 0 0 0 0 0 0 0 0 0 0 0 0 0 0 0 0 0 0 0 0 0 0 0 0 0 0 0 0 0 0 0 0 0 0 0 0 0 0 0 0 0 0 0 3.72323158453588 0 0 0 0 0 0 0 2.33931710226278 0 0 2.87283413723084 2.72134018159477 2.96586900319803 3.04436045505521 3.13608558200197 3.0549954247721 0 4.21675281350415 0 0 0 3.2974732185628 3.84383156198307 0 0 0 0 0 0 0 0 3.45472740173767 0 0 0 4.66597086273412 0 4.79491874273769 4.77557292243613 0 0 0 3.93714691706473 0 0 0 2.42684747023634 0 0 0 0 0 0 0 0 2.59966167404674 0 0 0 0 0 0 0 0 0 0 0 0 0 0 0 0 0 0 0 0 0 0 0 0 0 0 0 0 0 0 0 0 0 0 0 0 0 0 0 0 0 0 0 0 0 0 0 0 0 0 0 0 0 0 0 0 0 0 0 0 0 0 0 0 0 0 0 0 0 0 0 0 0 0 0 0 0 0 0 0 0 0 0 0 0 0 0 0 0 0 0 0 0 0 0 0 0 0 0 0 0 0 0 0 0 0 0 0 0 0 0 0 0 0 0 0 0 0 0 0 0 0 0 0 0 0 0 0 0 0 0 0 0 0 0 0 0 0 0 0 0 0 0 0 0 0 0 0 0 0 0 0 0 0 0 0 0 0 0 0 0 0 0 0 0 0 0 0 0 0 0 0 0 0 0 0 0 0 0 0 0 0 0 0
5.59167209453301 0 3.74846311815531 5.06684843893681 5.62025296954 6.21645672878772 4.12422253506304 0 0 0 0 0 5.10806649649284 3.4380386745767 0 0 0 4.8952218976056 4.28765988724826 5.05281690813255 0 5.00806964736097 0 0 0 0 0 0 0 0 0 0 0 0 0 0 0 0 0 0 0 0 0 0 0 0 0 0 0 0 0 0 0 0 0 0 0 0 0 0 0 0 0 0 0 0 0 0 0 0 0 0 0 0 0 0 0 0 0 0 0 0 0 0 0 0 0 0 0 0 0 0 0 0 0 0 0 0 0 0 0 0 2.62363285928963 0 0 0 0 0 0 0 0 0 0 0 0 0 0 0 0 4.17877324183889 0 0 0 0 0 0 3.61851902987704 2.74761971091058 0 2.40774150619173 3.73669732846443 3.43497420900679 3.39983591106383 3.79724565226076 4.09542108007444 3.87290024666085 0 4.88537539665065 0 0 0 3.56270673141097 4.49954508506612 0 0 3.67405929165838 0 0 0 0 0 3.78958630109042 0 0 0 4.73150311266553 3.89742720720297 4.89728121164135 4.22025772396173 0 0 0 4.5825697709803 0 0 0 2.86724160505754 0 0 0 0 2.92946890972108 0 0 0 3.1908681998813 3.09659288388896 2.33339797942358 0 0 0 0 0 0 0 0 0 0 0 0 0 0 0 0 0 0 0 0 0 0 0 0 0 0 0 0 0 0 0 0 0 0 0 0 0 0 0 0 0 0 0 0 0 0 0 0 0 0 0 0 0 0 0 0 0 0 0 0 0 0 0 0 0 0 0 0 0 0 0 0 0 0 0 0 0 0 0 0 0 0 0 0 0 0 0 0 0 0 0 0 0 0 0 0 0 0 0 0 0 0 0 0 0 0 0 0 0 0 0 0 0 0 0 0 0 0 0 0 0 0 0 0 0 0 0 0 0 0 0 0 0 0 0 0 0 0 0 0 0 0 0 0 0 0 0 0 0 0 0 0 0 0 0 0 0 0 0 0 0 0 0 0 0 0 0 0 0 0 0 0 0 0 0 0 0 0 0 0 0 0
5.62962566126093 0 3.77845273935613 5.31668505791983 5.84073064249811 6.32062146215282 4.67935590050367 0 0 0 0 0 5.04931076880326 3.34787314457783 0 0 0 5.18107627584969 4.20474338467767 4.44273128530073 5.00806964736097 0 0 0 0 0 0 0 0 0 0 0 0 0 0 0 0 0 0 0 0 0 0 0 0 0 0 0 0 0 0 0 0 0 0 0 0 0 0 0 0 0 0 0 0 0 0 0 0 0 0 0 0 0 0 0 0 0 0 0 0 0 0 0 0 0 0 0 0 0 0 0 0 0 0 0 0 0 0 0 0 0 0 0 0 0 0 0 0 0 0 0 0 0 0 0 0 0 0 4.18676456660419 3.71332315568871 0 0 0 0 0 3.89327696260709 2.427448070855 0 0 3.71024814807143 3.28111578797678 2.991983760049 3.73896453591333 4.23188576195685 3.74485141231506 0 4.60517018598809 0 0 0 3.42671925045727 4.32548327774608 0 0 0 0 0 0 0 0 0 0 3.85289386346353 0 3.90574483549607 0 4.71512218544922 0 4.10253091704387 0 0 4.79460921055091 0 0 0 2.57094911460106 0 0 0 0 3.0789097800329 0 0 0 2.92235663391194 2.84771354845634 0 0 0 0 0 0 0 0 0 0 0 0 0 0 0 0 0 0 0 0 0 0 0 0 0 0 0 0 0 0 0 0 0 0 0 0 0 0 0 0 0 0 0 0 0 0 0 0 0 0 0 0 0 0 0 0 0 0 0 0 0 0 0 0 0 0 0 0 0 0 0 0 0 0 0 0 0 0 0 0 0 0 0 0 0 0 0 0 0 0 0 0 0 0 0 0 0 0 0 0 0 0 0 0 0 0 0 0 0 0 0 0 0 0 0 0 0 0 0 0 0 0 0 0 0 0 0 0 0 0 0 0 0 0 0 0 0 0 0 0 0 0 0 0 0 0 0 0 0 0 0 0 0 0 0 0 0 0 0 0 0 0 0 0 0 0 0 0 0 0 0 0 0 0 0 0 0 0 0 0 0 0 0
0 4.38049484984539 0 0 0 4.1285049617241 0 0 0 0 0 0 0 0 0 0 0 0 0 0 0 0 0 0 0 0 0 0 0 0 0 0 0 0 0 0 0 0 0 0 0 0 0 0 0 0 0 0 0 0 0 0 0 0 0 0 0 0 0 0 0 0 0 0 0 0 0 0 0 0 0 0 0 0 0 0 0 0 0 0 0 0 0 0 0 0 0 0 0 0 0 0 0 0 0 0 0 0 0 0 0 0 0 0 0 0 0 0 0 0 0 0 0 0 0 0 0 0 0 3.28315921142089 0 0 0 0 0 0 0 0 2.86511209113693 2.2562918090232 2.82759535175199 2.69089712187596 3.44641785195496 3.10927352130201 2.99828004563279 3.23721012112569 3.43519341111201 4.31988885756076 0 0 4.21880717975341 0 4.42035572857947 0 0 0 0 0 0 0 3.86266124935976 0 0 0 0 3.85750216654973 3.9208276677933 0 4.90103299053007 0 0 0 0 0 0 0 2.49842036895472 0 0 0 0 0 0 0 0 2.70099589946272 2.74827337691054 0 0 0 0 0 0 0 0 0 0 0 0 0 0 0 0 0 0 0 0 0 0 0 0 0 0 0 0 0 0 0 0 0 0 0 0 0 0 0 0 0 0 0 0 0 0 0 0 0 0 0 0 0 0 0 0 0 0 0 0 0 0 0 0 0 0 0 0 0 0 0 0 0 0 0 0 0 0 0 0 0 0 0 0 0 0 0 0 0 0 0 0 0 0 0 0 0 0 0 0 0 0 0 0 0 0 0 0 0 0 0 0 0 0 0 0 0 0 0 0 0 0 0 0 0 0 0 0 0 0 0 0 0 0 0 0 0 0 0 0 0 0 0 0 0 0 0 0 0 0 0 0 0 0 0 0 0 0 0 0 0 0 0 0 0 0 0 0 0 0 0 0 0 0 0 0 0 0 0 0 0 0 0
0 0 0 0 0 0 0 0 0 0 0 0 0 2.80521394955586 3.07357476031792 0 0 0 0 0 0 0 0 0 0 0 0 0 2.28092359621287 0 0 0 0 0 0 0 0 0 0 0 0 3.32977201080014 0 0 3.15685567192789 0 3.10608033072286 3.06106767097885 3.26240435748922 0 0 0 0 0 0 0 0 0 0 0 0 0 0 0 0 0 0 0 0 0 0 0 0 0 0 0 0 0 0 0 0 0 0 0 0 0 0 0 0 0 0 0 0 0 0 0 0 0 0 0 0 0 4.28001462592957 3.36200387902302 0 0 0 0 0 0 0 0 0 0 0 0 0 0 0 0 0 0 0 4.43514012524032 3.87198018573038 0 0 3.4510667602683 0 0 0 0 0 0 0 0 0 0 0 0 0 0 0 0 0 0 0 3.47293779793999 3.31455699336163 0 3.13431043360683 0 0 0 0 0 0 0 0 0 0 0 0 0 0 0 2.75500302349564 0 0 0 0 0 5.62557576003172 5.17195168677742 4.63165313126276 0 0 0 0 0 0 0 0 0 0 0 0 0 0 0 0 0 0 0 0 0 0 0 0 0 0 0 0 0 0 0 0 0 0 0 0 0 0 0 0 0 0 0 0 0 0 0 0 0 0 0 0 0 0 0 0 0 0 0 0 0 0 0 0 0 0 0 0 0 0 0 0 0 0 0 0 0 0 0 0 0 0 0 0 0 0 0 0 0 0 0 0 0 0 0 0 0 0 0 0 0 0 0 0 0 0 0 0 0 0 0 0 0 0 0 0 0 0 0 0 0 0 0 0 0 0 0 0 0 0 0 0 0 0 0 0 0 0 0 0 0 0 0 0 0 0 0 0 0 0 0 0 0 0 0 0 0 0 0 0 0 0 0 0 0 0 0 0 0 0 0 0 0 0 0 0 0 0 0 0 0 0 0 0 0
