0 -0.3557035985491 5.82177712813159 9.54190066189664 7.87921037440671 5.30291562188651 0.760551489361759 0 0 0 0 0 5.57938321220678 4.71063273725643 -1.57270590316537 -0.763598841510557 0 -1.18377009700842 1.26339622479674 -1.92237965164512 -4.99043258677874 -0.83939268088009 0 0 0 0 0 0 0 -1.60604232343296 2.51009689861656 0 0 0 0 0 0 0 0 0 0 0 0 0 0 0 0 0 0 0 0 0 0 0 0 0 0 0 0 0 0 0 0 0 0 -0.207116215407171 0 0 0 -2.1870722058722 -0.847297860387204 -0.518793793415168 0 0 3.53433187013382 3.74926395106429 4.56047875338762 0 0 0 0 0.332577392359672 0 0 -2.97552956623647 -0.00340715832161431 -0.178248231406319 0.356674943938732 2.70190893308013 3.63462797550651 4.13549303405508 0.87035363668713 1.25664270178096 -0.249857763784442 0 0 0 0 0 0 0 0 -0.541916210836022 0 0 0.799527584118517 -2.4254832293172 -2.59253731398037 0 -0.763598841510557 0.936493439191674 -2.24959256285354 0 0 0 0 0 0.619039208406224 2.99044621810434 5.20620953673641 7.15954049589558 2.10297203909003 1.9203182011832 0 0.182888289594615 3.45944489735263 2.59763789394797 1.28055584507956 0 0 3.14418160031604 2.01716802717312 -3.60413822565885 2.09169607914818 3.31862881094373 0.188538022136734 0 -2.28238238567653 0 0 0 3.9264088274241 0 0 0 0 0 0 0 0 0 2.89263676452702 5.37781047266885 2.20512975684333 1.39560462727099 0 0 -2.9109910450989 0 5.06429426877993 0 0 0.736415160808461 0 0 -2.0459936076123 3.3780285508371 0 1.71029852276907 0.337443582010845 2.64559567473872 1.55419842458476 0 0 0 2.4040605204403 0.325233418103913 2.27779043438083 0 0 5.49310343456439 0 3.00436834450004 5.19516529483545 4.97771847908311 1.37946839604949 0 0 0 0 0 0 4.67866086367033 2.97146049076968 2.24590675597561 3.18017742426556 1.70165115572789 0 -0.174191430710704 0 0 -3.38099467434464 0 0 0 0 0 0 -4.07414185490458 -2.85036642328247 0.60055439373212 0 0 0 0 0 0 0 0 0 0 0 0 0 0 0.171492154863746 0 0 0 -2.73914078817224 0 0 0 0 0 0 0 0 0 0 0 0 0 0 0 0 0 0 0 0 0 0 0 0 0 -3.11863040987714 -1.64052849950413 0 0 0 0 0 0 0 0 0 -4.07414185490458 0 -2.85036642328247 0 -1.71328785378656 0 0 0 0 0 0 0 0 0 0 0 0 0 0 0 0 0 0 0 0 0 0 0 0 0 0 0 1.71214184126336 4.17788715593483 3.6825670557757 0.405465108108164 0 0 0 -2.21784386453896 -0.77092488160263 0 0 0 -2.97552956623647 0 0 0 0 0 0 0 0 0 0 2.74740172725849 -0.4260843953109 0 0 0 0 0 0 0 0 3.3731431159719 1.6494432470478 -2.59253731398037 -3.11863040987714 0 0 -2.59253731398037 0 1.47881773001704 0 0 0 0 0 0 -2.15721924272252 0 0 0 -3.89182029811063 0 0 0 0 0 0 0 0 0
-0.3557035985491 0 0 0 0 0 0 -2.73914078817224 0 0 0 0 0 0 0 -0.992231885109538 0 2.03198976718153 0.60055439373212 0.504684355743908 3.31715006760588 1.6771601357196 6.52253287739151 0 0 0 0 0 0 0 0 0 0 0 0 0 0 0 0 0 0 0 0 0 0 0 -0.0310905870700311 -0.0925927868278249 0 0 -1.73233604875725 -0.713766467762681 0 0 0 -0.370373788296894 0 0 0 0 0 0 0 0 0 0 0 0 0 0 0 0 0 0 0 0 0 0 0 0 0 0 0 0 0 0 0 0 0 -4.99043258677874 -2.02001812120904 0 0 0 0 0 0 0 0 0 0 0 -3.60413822565885 0 0 0 0 0 0 -1.18377009700842 0 0 0 0 0 0 0 0 0 0 0 -1.83343216562862 0 0 0 0 -2.9109910450989 0 0 0 -3.11863040987714 0 1.08491344430995 -0.620984734311715 -0.0523679855173159 1.67906550307914 4.06588209755834 5.11301177009627 0 5.41097770416786 5.85392123019759 0 4.55698698043915 0 0 0.844378150283869 0 -0.608405952104855 2.52871737089109 4.9052243866422 5.21881022971654 0 0 0 0 5.15264256948753 6.84442056812153 1.35520377404986 4.58357820364857 0 0 0 0 0 0 0 -1.89939013342042 0 0 0 0 0.653245963807759 0 -0.134503682443462 0 -1.08845991720409 0 0 0 0 0 0 0 0 0 0 0 0 0 0 0 0 0 0 0 0 0 0 0 0 0 0 0 0 0 0 0 0 0 0 0 0 0 0 0 0 0 0 0 0 0 0 0 0 0 0 0 0 0 0 0 0 0 0 0 0 0 0 0 0 0 0 0 0 0 0 0 0 0 0 0 0 0 0 0 0 0 0 0 0 0 0 0 0 0 0 0 0 0 0 0 0 0 0 0 0 0 0 0 0 0 0 0 0 0 0 0 0 0 0 0 0 0 0 0 0 0 0 0 0 0 0 0 0 0 0 0 0 0 0 0 0 0 0 0 0 0 0 0 0 0 0 0 0 0 0 0 0 0 0 0 0 0 0 0 0 0 0 0 0 0 0 0 0 0 0 0 0 0 0 0 0 0 0 0 0 0 0 0 0
5.82177712813159 0 0 6.69799959999009 6.51204852532954 -1.62313675679226 0 0 0 0 0 0 4.91230468436669 5.2046605810385 4.74531655608818 3.18159065231309 0.989718200428972 0 1.36132534979069 -0.763598841510557 -3.04452243772342 0 -3.48635519000246 0 0 0 0 0 0 -0.146245500320145 4.75593320998518 0 0.445470442721864 0 0 0 0 0 0 0 0 0 0 0 0 -1.35284642705235 0 0 0 0 0 0 0 0 0 0 0 0 0 0 0 0 0 0 0 0 0 0 0 0 0 0 0 0 -1.54044504094715 -3.60413822565885 0 0 0 0 0 0 0 0 0 0 0 0 0 0 0 0 0 0 0 0 0 0 0 0 0 0 -2.46470394247048 0 0 0 -1.02961941718116 0 0 0 0 0 0 0 0 0 0 1.82465900733998 1.31218638896617 3.10516611459945 5.12808569696105 0.445470442721864 0 -3.73766961828337 -1.58923520511658 0.522996159386246 0 -3.28568449454031 0 0 -2.85036642328247 0 0 0 -1.49392502531226 0 0 0 0 0 0 7.55153355650704 0 0 0 -1.87691727756836 0 0 0 0 0 6.01549325925903 2.59915611286307 0 0 -0.341245515373871 0 0 -0.468644009729696 0.696542769561083 1.05575686001849 0 0 0 0 0 -2.15721924272252 0 -4.58496747867057 0 0 0 -2.10006082888257 0 -1.71328785378656 0 0 0 0 0 1.86128130131978 0 5.26404628847781 2.41506307642074 3.86101610038887 0.194156014440957 0 0 0 0 0 0 5.17969852251745 4.10073002736812 5.01403088309739 3.49650756146648 2.58822426381603 0 -0.904456274227152 0 0 0 0 0 0 0 -0.720735137078774 0 1.26914887728619 0.675994101333696 0.49228750276708 0 -1.32687094064909 0 0 0 0 0 0 0 0 0 0 0 0 1.10876466013213 0 0 0 0.261840841267894 0 0 0 0 0 0 0 0 0 0 0 0 0 0 0 0 0 0 0 0 0 0 0 0 0 0 0 0 0 0 0 0 0 0 0 0 0 0 0 0 0 0 0 0 0 0 0 0 0 0 0 0 0 0 0 0 0 0 0 0 0 0 0 0 0 0 0 0 -1.58923520511658 1.36393745401861 1.47804223560051 -3.04452243772342 0 0 0 0 0 0 0 0 0 0 0 0 0 0 0 0 0 0 0 4.9946119110097 0 0 0 -1.67624658210621 0 0 0 0 0 5.3888542675997 0 0 0 0 0 0 0 -2.0459936076123 -0.879558722605425 0 0 0 0 0 0 0 0 0 0 0 0 0 0 0 0 0 0 0
9.54190066189664 0 6.69799959999009 0 8.47289293251966 5.896836107655 2.82032552975062 1.18958406687384 -0.83939268088009 0 0 0 5.43147666614501 5.56759124718968 3.68239589616895 -4.99043258677874 0 0.398639143037765 -2.31628393735221 -1.17272026082183 1.08491344430995 1.1697193258474 0 0 0 0 0 0 0 0.78721973644392 4.54798776225607 0 1.64878943859038 0 0 0 0 0 0 0 0 -0.468644009729696 0 0 -1.18377009700842 -1.69459572077441 0.29530599756244 -2.12823170584927 -1.3015531326648 0 -2.54808555140953 -3.89182029811063 -1.67624658210621 -2.24959256285354 -0.331721633862615 0 0 0 0 0 0 0 0 0 0 1.40148452661387 0 0 0 -2.73914078817224 0 0.168622712435793 0 -0.115235263577585 3.31220507050983 4.09014072713838 4.48833058271042 0 0 0 0 0.0465200156348929 0 0 -1.16179119028964 0 -1.40691364832263 0.733152515173645 2.49842036895472 3.05451446283899 4.00961875931944 0.842915092232108 1.16442550723768 1.07799300146537 0 0 0 0 0 0 0 0 -1.46407206216257 0 0 1.01960834590218 -0.138402322859119 -1.36609165380237 0 -0.595983432106298 1.4536986699217 0.171492154863746 0 0 0 0 0 3.50553696818587 4.92986291740676 4.22115700459788 6.84243640809941 3.55311037996028 2.74609282654806 0 -1.42089989029737 6.84845291185325 3.14374168535917 1.90626174484398 0 0 3.88903981529607 3.40414089108959 0.43010241249355 2.8158567024883 3.60935390294135 1.13206022273565 0 0 0 0 0 5.52322806302408 0 0 0 0 0 0 0 0 0 3.36835086788986 7.22280681608569 2.73930274460631 2.38982320164772 0 0 -1.65822807660353 0 4.97835101240005 0 0 3.71547832893669 0 0 0 3.31257679469476 0 1.42220636214259 -0.0888683877368425 1.96991514232257 2.50677463642458 0 0 0 2.75435374309192 0.0594234204708008 2.31509159367709 0 0 5.05477151837587 0 3.05643692418084 5.23571800710442 4.70839577124172 1.44331104156013 0 0 0 0 0 0 4.47121110230551 3.79288701412357 1.41727214160537 2.23976844459147 -0.207116215407171 0 -3.73766961828337 0 0 0 0 0 0 0 0 0 -0.816045316883099 -2.02001812120904 1.11212600783483 0 -0.0171530792262495 0 0 0 0 0 0 0 0 0 0 0 0 -3.89182029811063 0 0 0 0 0 0 0 0 0 0 0 0 0 0 0 0 0 0 0 0 0 0 0 0 0 0 0 0 0 0 -4.07414185490458 0 0 0 0 0 0 0 0 0 0 0 0 0 0 0 0 0 0 0 0 0 0 0 0 0 0 0 0 0 0 0 0 0 0 0 0 0 0 0 0 0 -0.0741079721537218 3.26253460822206 2.85027386497066 -1.77155676191054 0 0 0 -2.46470394247048 0 0 0 0 -2.79320800944252 0 0 0 0 0 0 0 0 0 0 2.79528830975589 0 0 0 0 0 0 0 0 0 3.00082134306146 2.61967735351426 0 0 0 0 0 0 0.96020996580899 -3.38099467434464 0 -1.43508452528932 0 0 0 0 0 0 0 0 0 0 0 0 0 0 0 0 0
7.87921037440671 0 6.51204852532954 8.47289293251966 0 7.73302363208304 4.01454275523488 0 0 0 0 0 6.73510921228559 5.17224110841853 1.1686628017132 1.18543468332702 0 0.219053566062685 1.58534036085504 3.10226557062253 3.57973248940361 4.10651509784236 0 0 0 0 0 0 0 0 2.84534434695325 0 0 0 0 0 0 0 0 0 0 -1.03918886819731 0 0 0.224503170830249 0 -2.0459936076123 0 0 0 0 0 0 0 0 0 0 0 0 0 0 0 0 0 0 -2.63905732961526 0 0 0 0 0 -4.07414185490458 0 -1.08845991720409 2.42864819101104 2.51313263987439 3.26331575654977 0 0 0 0 -1.31413191487166 0 0 0 0 0 0.300356513348509 1.33302991655554 2.77173802035947 3.18750449663967 -0.107630664192365 0.518955749849241 -0.646627164925052 0 0 0 0 0 0 0 0 -2.02001812120904 0 0 -1.57270590316537 -2.63905732961526 -1.20624295286048 0 -1.40691364832263 0.552789822865023 -3.28568449454031 0 0 0 0 0 -0.583713339514483 2.29712805353099 3.98380563271884 5.29051489745548 2.30631960760426 1.56705574456 0 -3.60413822565885 3.11427088159237 3.54773901102269 1.41231345375885 0 0 3.5298558095448 2.29267217640694 0 1.83773821286056 3.85029232998298 0.611686234100965 0 -1.89939013342042 0 0 0 5.50890624627491 0.522996159386246 0 0 0 0 0 0 0 0 2.64559567473872 5.88164398684258 3.88778607131349 0.984648481078722 -1.00144854021446 0 2.9281960665635 -2.10006082888257 5.69800618679237 0.196953219062019 0 3.38439026334577 0 -0.241162056816888 0 2.22333572133991 0 0.998528830111127 -0.390274942614189 0.251314428280906 3.10486119006591 0 0 0 1.56278831276378 -1.89939013342042 1.39980808028661 0 0 3.89735817741659 0 5.36397133676947 4.33278994225412 5.25804439928926 0.617206027324562 0 0 0 0 0 0 5.77747328822084 4.14005255994798 3.28149924806967 3.82248524873247 1.9425029907337 0 -2.21784386453896 0 0 0 0 0 0 0 0 0 -0.326993492666669 -0.646627164925052 0.997274911451533 0 -2.73914078817224 0 0 0 0 0 0 0 0 0 0 0 0 -0.254234138384241 0 0 0 -1.75175413461436 0 0 0 0 0 0 0 0 0 0 0 0 0 0 0 0 0 0 0 0 0 0 0 0 -4.58496747867057 -4.58496747867057 0 0 0 0 0 0 0 0 0 0 0 0 0 0 0 0 0 0 0 0 0 0 0 0 0 0 0 0 0 0 0 0 0 0 0 0 0 0 0 0 0 0 0.373204245889943 2.98753550634981 2.90369903164424 -1.77155676191054 0 0 0 0 0 0 0 0 0 0 0 0 0 0 0 0 0 0 0 4.30842219872819 0 0 0 0 0 0 0 0 0 4.86517688551293 1.33392637560257 -1.79175946922805 0 0 0 -2.12823170584927 0 -2.07266185469446 0 0 0 0 0 0 0 0 0 0 0 0 0 0 0 0 0 0 0 0
5.30291562188651 0 -1.62313675679226 5.896836107655 7.73302363208304 0 6.25855337368462 0 0 0 0 0 5.62304697225611 1.34816149142445 0 2.97267947220055 -0.038132869695444 3.55622231478712 5.48663001117649 7.07664232429501 6.61411444523872 6.21204699847449 1.66243044257461 0 0 0 0 0 0 0 0 0 0 0 0 0 0 0 0 0 0 0 0 0 0 0 0 0 0 0 0 0 0 0 0 0 0 0 0 0 0 0 0 0 0 0 0 0 0 0 0 0 0 -3.73766961828337 1.52502057062152 2.2137167052572 2.82255247671813 0 0 0 0 0.675994101333696 0 0 0 0 -3.19867311755068 0.906721280858004 0.956296066487854 2.24482625884185 2.60294160634255 0.221782080715889 0.558643498116483 -1.79175946922805 0 0 0 0 0 0 0 0 -2.35137525716348 0 0 -2.63905732961526 -1.67624658210621 0 0 -0.142316222180255 1.04025267348253 -2.0459936076123 0 0 0 0 0 -1.79175946922805 1.62763861708095 2.9994667881642 0.229923238299589 1.86708147576665 1.79741239553084 0 0 0.723300218730633 3.98734501196674 1.45528723260684 0 0 3.71456709166203 2.56494935746154 -1.39312032619029 2.0514164266841 3.57230741959347 1.73640015632315 0 0.77004523155401 0 0 0.100245414991056 -1.81237875643079 2.71887574660713 0 0 2.39541849134647 0 0 0 0 0 1.26627668766209 2.94013326745523 5.61117724994008 -1.85493837084959 4.47671819398214 1.41974229518743 6.27742319654359 4.858651576878 5.77599766212962 0 0 3.93329181092766 0 0 0 0.596816071621513 0 -0.559615787935423 -1.94591014905531 -0.485082736072856 3.24572307490439 0 0 0 0.467023001107598 0 -0.0888683877368425 0 0 1.35344784734759 0 0.935159216178538 1.27961021853156 2.40835368864121 0.797997361937749 0 0 0 0 0 0 2.09085574296428 -2.10006082888257 0.154150679827258 0.731517191832914 0.162859007719043 0 -3.89182029811063 0 0 0 0 0 0 0 0 0 0 0 0 0 0 0 0 0 0 0 0 0 0 0 0 0 0 0 0 0 0 0 0 0 0 0 0 0 0 0 0 0 0 0 0 0 0 0 0 0 0 0 0 0 0 0 0 0 0 0 0 0 0 0 0 0 0 0 0 0 0 0 0 0 0 0 0 0 0 0 0 0 0 0 0 0 0 0 0 0 0 0 0 0 0 0 0 0 0 0 0 0.0301530381706875 -0.150190278611161 0 0 0 0 0 0 0 0 0 0 0 0 0 0 0 0 0 0 0 0 -0.620984734311715 0 0 0 0 0 0 0 0 0 0.825189369633 -3.38099467434464 0 0 0 0 0 0 -2.50552593699074 0 0 0 0 0 0 0 0 0 0 0 0 0 0 0 0 0 0 0 0
0.760551489361759 0 0 2.82032552975062 4.01454275523488 6.25855337368462 0 0 0 0 0 0 2.07047287169708 0 0 -0.0814609464589807 0 5.44757270178017 1.16654639880682 -1.1088687888353 2.17157723854266 5.11603662524765 -2.4254832293172 0 0 0 0 0 0 0 0 0 0 0 0 0 0 0 0 0 0 0 0 0 0 0 0 0 0 0 0 0 0 0 0 0 0 0 0 0 0 0 0 0 0 0 0 0 0 0 0 0 0 0 -0.0171530792262495 0.993503693908454 0.434517430702666 0 0 0 0 -2.9109910450989 0 0 0 0 0 -1.04885077910905 -2.07266185469446 0.804104251145929 -0.28995222098632 0 -1.25276296849537 0 0 0 0 0 0 0 0 0 0 0 0 0 -4.29728540621879 0 0 -2.9109910450989 0 0 0 0 0 0 0 0 0 -0.395312736644146 0 0.469152927365423 -1.67624658210621 0 0 -2.21784386453896 3.84717604670592 -0.992231885109538 0 0 1.32311545949836 0.210823066926169 0 0.118538608038381 2.87379521371039 -0.0136988443581619 0 2.64559567473872 0 0 0 0 1.37345721435921 0 0 0.570249044236791 0 0 0 0 0 -0.699973145630345 0 5.80904094429118 -2.63905732961526 -0.0595622611513431 0 2.12839366228334 -0.904456274227152 2.33042522744078 0 0 6.45215088276024 0 0 0 0.0626234232014716 0 0 0 -3.04452243772342 1.11770326713294 0 0 -4.99043258677874 -0.28995222098632 0 -1.65822807660353 0 0 0 0 0 0 0 0 0 0 0 0 0 0 0 0 0 0 0 0 0 0 0 0 0 0 0 0 0 0 0 0 0 0 0 0 0 0 0 0 0 0 0 0 0 0 0 0 0 0 0 0 0 0 0 0 0 0 0 0 0 0 0 0 0 0 0 0 0 0 0 0 0 0 0 0 0 0 0 0 0 0 0 0 0 0 0 0 0 0 0 0 0 0 0 0 0 0 0 0 0 0 0 0 0 0 0 0 0 0 0 0 0 0 0 0 0 0 0 0 0 0 0 0 0 0 0 0 0 0 0 0 0 0 0 0 0 0 0 0 0 0 0 0 0 0 0 0 0 0 0 0 0 0 0 0 0 0 0 0 0 0 0 0 0 0 0 0 0 0 0 0 0 0 0 0 0 0 0 0 0 0
0 -2.73914078817224 0 1.18958406687384 0 0 0 0 7.86676400275539 5.84197560353157 2.22957541858939 5.5915198875312 0 3.74878352828301 0 0 0 0 0 0 0 0 0.606135803570315 0 3.38231270027163 0 0 2.40098264789662 0 0 0 0 0 0 0 5.6612938426338 4.77918065720106 2.18467449818193 2.25343772217677 6.33193146684536 -1.62313675679226 1.13096312992128 2.73202356831592 1.8197098633364 0.145365850271525 0 3.6336399662646 -0.375312069937477 0 0 7.68359784669025 5.46965191586947 7.83808174140237 7.11340797776814 6.62013216170857 5.61296671494519 0 0 0 0 0 0 0 0 0 0 3.46477881228162 0 0 0 0 0 3.55340253558392 1.70165115572789 -3.48635519000246 -1.55644538229359 -4.07414185490458 2.37853781541606 -0.559615787935423 0.810174072513005 -0.602175402354219 -0.679633461393222 -0.0777777010426843 0 0 0 0 0 0 0 0 0 0 0 0.87035363668713 1.08030514122375 3.63534591505094 -3.19867311755068 3.40662480339752 2.0870654667905 -0.107630664192365 0 -0.507430034764852 -0.974049566026348 0.880275759193446 -0.0559586536480445 -1.03918886819731 0.653245963807759 -4.99043258677874 0 0 -2.46470394247048 0.831132923533848 0 0 3.51640719255801 3.31270067205633 -0.263044768066396 1.98591548366901 5.34324520625236 0 0 -3.04452243772342 -0.602175402354219 1.61079753195014 1.45608056862624 0 -0.0851578083403068 2.75370404084925 3.48343547989913 0 1.31948569144778 6.02432020054882 3.61678410728509 -3.48635519000246 1.62964061975162 5.46823234709388 2.83000692848344 2.1539745935424 1.31857618706494 -2.35137525716348 0 0.106380403558572 4.58984933723656 2.28681513985275 -4.07414185490458 3.41202292716708 6.49111056436282 6.40147712292309 2.5748426951202 4.73664589571504 0 -2.12823170584927 0 0 0 3.63076019465599 0 0 0 0 0 0 0 0 -2.50552593699074 -0.0136988443581619 0 0 0 0 -1.15098027418543 0 0.0432679802485155 1.19371630415875 1.35695662287727 4.0649484451593 1.1031371832664 0 0 0 0 0 0 0 0 0 7.75006843313125 3.42450637059874 0 0 0 0 4.1699294153912 0 0 0 0 0 0 0 0 0 0 0 1.73520111541211 1.24789203826077 0 0 -3.04452243772342 0 0 0 0 0 5.32251209513509 3.4753620415515 1.34106926311495 3.51478923285628 5.60548939236858 0.544931236252502 0.259219607788019 3.55554240606295 3.73637302166736 0.277425572284592 0 0 0 0 0 3.09057852386728 1.19783153630385 3.70004141677931 0.185717145795093 6.51920748719996 0 0 0 0 0 0 0 0 0 0 0 0 0 0 0 0 0 0 0 0 0 0 0 0 0 0 0 0 0 0 0 0 0 0 0 0 0 0 0 0 0 -1.60604232343296 -2.12823170584927 0 0 0 0 0 0 0 0 0 0 0 0 0 0 0 0 0 0 0 -4.58496747867057 0 -0.00682596507039987 0 0 0 0 0 0 0 0 0 0 0 0 0 0 0 0 0 0 0 0 0 0 0 0 0 0 0 0 0 0 0 0 0 0 0 0 0 0 0 0 0 0 0 0 0 0 0 0 0 0 0 0 0 0 0 0 0 0 0 0
0 0 0 -0.83939268088009 0 0 0 7.86676400275539 0 3.61906627542153 0.50878272213619 4.63657656381294 0 1.56918265071451 0 0 0 0 0 0 0 0 0 0 0 0 0 0 0 0 0 0 0 0 0 6.83554294486821 3.94224204802115 -0.385262400790645 4.97902995468093 2.31004022748906 0 3.26915499976819 0 -3.60413822565885 1.27391760353827 0 2.37348091462708 -1.07840958135059 0.604278792823103 0 7.39656480712924 5.58900512148882 7.73813384398505 5.36333408965535 2.11041932216531 3.76183272681698 0 0 0 0 0 0 0 0 0 0 2.07047287169708 0 0 -3.73766961828337 0 0 0.414494514827559 -4.07414185490458 -3.89182029811063 0 0 0.888702775355326 0 0 0 0 0 0 0 0 0 0 0 0 0 0 0 0 -2.12823170584927 0 1.10988636524133 0 1.17182903127125 2.56782329804187 0.315356794608001 0 0 0 0 -1.42089989029737 0 -2.50552593699074 -1.58923520511658 0 0 0 0 0 0 2.06832556573993 1.27961021853156 0.40091964573649 2.59205128723933 4.96215460584374 0 0 0 0 0 0.210823066926169 0 0 0 0 0 0 1.15589667089016 -1.47888714794772 0 0.269663566949103 1.9173226922034 -1.24092851084837 0 -2.28238238567653 0 0 -0.686367493574567 2.16379206882111 -1.12970287573814 0 2.3337277403499 3.57811889691264 4.09196077086682 -0.150190278611161 1.66371993340448 0 0 0 0 0 -0.577634293438101 0 0 0 0 0 0 0 0 -0.294508037522181 -1.81237875643079 0.0721624462482306 0 0 0 0 0 0 0 0 -1.57270590316537 0 0 0 0 0 0 0 0 0 0 4.17934617344132 4.27864828022005 0 0 0 0 1.79232620202872 0 0 0 0 0 0 0 0 0 0 0 0 1.44250750596044 0 0 0 0 0 0 0 0 4.48511416088404 3.45257570644812 0.856006188278988 4.75905844071434 2.76790088071217 0 2.56127962857257 0 0 1.0929272250335 0 0 0 0 0 4.21730439932733 2.71618032718546 3.48124008933569 -0.51309577230053 0.576001696726241 0 0 0 0 0 0 0 0 0 0 0 0 0 0 0 0 0 0 0 0 0 0 0 0 0 0 0 0 0 0 0 0 0 0 0 0 0 0 0 0 0 0 0 0 0 0 0 0 0 0 0 0 0 0 0 0 0 0 0 0 0 0 0 0 -2.85036642328247 0 0 0 0 0 0 0 0 0 0 0 0 0 0 0 0 0 0 0 0 0 0 0 0 0 0 0 0 0 0 0 0 0 0 0 0 0 0 0 0 0 0 0 0 0 -4.99043258677874 0 0 0 0 0 0 0 0 0 0 0 0 0 0
0 0 0 0 0 0 0 5.84197560353157 3.61906627542153 0 1.25470471667828 6.23180629671941 0 0 0 0 0 0 0 0 0 0 0 0 0 0 0 0 0 0 0 0 0 0 0 0 0 0 0 0 0 0 0 3.99250517696285 0 0 1.52205540907168 0 0 0 4.97797622614095 3.56280319598443 3.13578994267979 7.36175352654615 3.47272671614502 -0.78573996738777 0 0 0 0 0 0 0 0 0 0 6.22322393648779 0 0 0 0 0 3.54125505078795 1.91632219186982 0 0 0 0.423443120403573 0 0 0 0 0 0 0 0 0 0 0 0 0 0 0 0 -2.31628393735221 7.01413262443206 6.48455733884845 0 0 0 0 0 0 0 0 0 0 -0.146245500320145 0 0 0 0 0 -1.65822807660353 0 -2.68784749378469 -2.73914078817224 0 0 -1.02961941718116 0 0 0 0 0 0 0 0 0 0 0 0 -0.823767362977009 -2.63905732961526 0 -2.73914078817224 2.10918195347784 0.502628856561812 0 0 0 0 0 2.05403651551922 -0.507430034764852 0 0 1.22016749024592 3.62850458852079 -0.608405952104855 2.46399796886309 0 0 0 0 0 2.13001178561375 0 0 0 0 0 0 0 0 0 0 0 0 0 0 0 0 0 0 0 0 0 0 0 0 0 0 0 0 0 0 0 0 0 0 0 0 0 0 0 0 0 0 0 0 0 0 0 0 0 0 0 0 0 0 0 0 0 0 0 0 0 0 0 0 0 0 0 0 0 0 0 0 0 0 0 0 -0.0136988443581619 0 0 0 0 0 0 0 0 0 0 0 0 0 0 0 0 0 0 0 0 0 0 0 0 0 0 0 0 0 0 0 0 0 0 0 0 0 0 0 0 0 0 0 0 0 0 0 0 0 0 0 0 0 0 0 0 0 0 0 0 0 0 0 0 0 0 0 0 0 0 0 0 0 0 0 0 0 0 0 0 0 0 0 0 0 0 0 0 0 0 0 0 0 0 0 0 0 0 0 0 0 0 0 0 0 0 0 0 0 0 0 0 0 0 0 0 0 0 0 0 0 0 0 0 0 0
0 0 0 0 0 0 0 2.22957541858939 0.50878272213619 1.25470471667828 0 5.48400626335656 0 0 0 0 0 0 0 0 0 0 0 0 0 0 0 0 0 0 0 0 0 0 0 0 0 0 0 0 0 0 0 3.77860822408007 0 0 -0.271933715483642 0 0 0 2.30631960760426 1.16123571186958 -0.20294084399669 2.65448675818012 0.118538608038381 4.02322357756765 0 0 0 0 0 0 0 0 0 0 5.56384251190121 0 0 0 0 0 7.05180261333463 3.71514706599371 0 0 0 4.03802613163188 5.37641155228133 5.88006732865073 4.04090072937132 0.723300218730633 3.75826907228334 0 0 0 0 0 0 0 0 0 0 0 -2.73914078817224 3.13593777326621 2.02572856604719 0 -2.63905732961526 0 0 0 0 0 0 0 0 0.449818275657967 0 0 0 0 0 0 0 0 0 0 0 0 0 0 0 0 0 0 0 -4.07414185490458 0 0 0 0 1.96754040836402 0 0 0 1.55491707355568 -4.58496747867057 0 0 0 0 0 -0.360569788200273 -2.12823170584927 0 0 -1.71328785378656 2.99539207964018 0 0.0497615095590638 0 0 0 0 0 -2.97552956623647 0 0 0 0 0 0 0 0 0 0 0 0 0 0 -3.60413822565885 0 0 0 0 0 0 0 0 0 0 0 0 0 0 0 0 0 0 0 0 0 0 0 0 0 0 0 0 0 0 0 0 0 0 0 0 0 0 0 0 0 0 0 0 0 0 0 0 0 0 0 0 0 0 0 0 0 0 0 0 0 0 0 0 0 0 0 0 0 0 0 0 0 0 0 0 0 0 0 0 0 0 0 0 0 0 0 0 0 0 0 0 0 0 0 0 0 0 0 0 0 0 0 0 0 0 0 0 0 0 0 0 0 0 0 0 0 0 0 0 0 0 0 0 0 0 0 0 0 0 0 0 0 0 0 0 0 0 0 0 0 0 0 0 0 0 0 0 0 0 0 0 0 0 0 0 0 0 0 0 0 0 0 0 0 0 0 0 0 0 0 0 0 0 0 0 0 0 0 0 0 0 0 0 0 0 0 0
0 0 0 0 0 0 0 5.5915198875312 4.63657656381294 6.23180629671941 5.48400626335656 0 0 0 0 0 0 0 0 0 0 0 0 0 0 0 0 0 0 0 0 0 0 0 0 0 0 0 0 0 0 0 0 4.62793627170877 0 0 2.02078140057163 -0.863298201733645 0 0 5.37751199099577 3.5826682365758 2.98065316672687 5.9108150794291 3.42140008897967 3.44327029413848 0 0 0 0 0 0 0 0 0 0 6.94011051100503 0 0 0 0 0 7.03751468565139 4.55570122005629 1.34462166471932 0 0 3.87027938452668 4.19145686902343 4.43956526722682 3.49969768508781 -0.0559586536480445 3.99938579458819 0 0 0 0 0 0 0 0 0 0 0 0.500569123598802 4.35005846966249 4.71054090567549 0 -0.553681052415608 0 0 0 0 0 0 0 0 1.76183778936301 0 0 0 0 -0.22825865198098 -1.43508452528932 0 1.28244441976743 1.18126801063218 0 0 -2.63905732961526 0 0 0 0 0 0 0 0 -1.44947326274142 0 0 0 3.07326004749078 0.0878613557913343 0 0.829650343573625 3.52555988406098 1.53532994028038 -4.29728540621879 -1.92237965164512 0 0 -1.99470031322475 2.19343812828372 0.715015167196526 0 0 2.80294800976667 4.77062697262511 0.718337429388504 3.62461300480501 0 0 0 0 0 1.90373073868393 0 0 0 0 0 0 0 0 0 0 0 0 0 0 0 0 0 0 0 -1.15098027418543 0 0 0 0 0 0 0 0 0 0 0 0 0 0 0 0 0 0 0 0 0 0 0 0 0 0 0 0 -0.974049566026348 0 0 0 0 0 0 0 0 0 0 0 0 0 0 0 0 0 -4.07414185490458 0 0 0 0 0 0 0 0 0 -0.326993492666669 0 0 0 0 0 0 0 0 0 0 0 0 0 0 0 0 0 0 0 0 0 0 0 0 0 0 0 0 0 0 0 0 0 0 0 0 0 0 0 0 0 0 0 0 0 0 0 0 0 0 0 0 0 0 0 0 0 0 0 0 0 0 0 0 0 0 0 0 0 0 0 0 0 0 0 0 0 0 0 0 0 0 0 0 0 0 0 0 0 0 0 0 0 0 0 0 0 0 0 0 0 0 0 0 0 0 0 0 0 0 0 0 0 0 0 0 0 0 0 0 0 0 0 0 0 0
5.57938321220678 0 4.91230468436669 5.43147666614501 6.73510921228559 5.62304697225611 2.07047287169708 0 0 0 0 0 0 3.85879443465978 0 5.48774231918926 1.24201542977179 2.39789527279837 5.98759653175484 4.10163087760639 4.84155896405232 3.90348324388001 -0.267479365134262 0 0 0 0 0 0 0 0.891496073260939 0 0 0 0 0 0 0 0 0 0 0 0 0 0 0 0 0 0 0.587408664519618 0 0 0 0 0 0 0 0 0 0 0 0 0 0 0 0 0 0 0 0 0 0 0 0 -0.490622916448471 -0.441832752279039 -0.666299930523757 0 0 0 0 -3.28568449454031 0 0 0 0 0 0 -3.11863040987714 0 -1.65822807660353 0 0 0 0 0 0 0 0 0 0 0 0.300356513348509 0 0 -1.83343216562862 0.962810747509048 0 0 0 0 0 0 0 0 0 0 -3.48635519000246 0.817709903201708 2.16574405070188 3.53700792108905 -3.38099467434464 -0.0310905870700311 0.905346710194838 -0.31760375231683 -0.232541313772981 -2.63905732961526 0.978274973206629 -2.9109910450989 0.797997361937749 -0.485082736072856 0 0 0 1.22317501130987 0 0 -0.559615787935423 0 0 0 3.34870991469419 2.50009681528198 0 0 0.520977995230009 0 0 0 0 0 4.42675933973468 0.724949023720817 0.148302709944835 -0.0310905870700311 2.96621938862558 -0.138402322859119 3.87466721888438 3.03932593366209 0.477627554356395 0 0 -1.35284642705235 0 0 0 1.06283236123469 0 -2.02001812120904 -3.60413822565885 -2.38774290133435 0.0562131448405525 -2.9109910450989 0 0.127561225638019 -2.73914078817224 0 -2.9109910450989 0 0 3.50818921905207 0 4.40252096613161 3.69852664749194 4.21790578252677 2.03865497737093 0 0 0 0 0 0 5.44422718648829 3.17606773237632 3.54881559541833 3.77681868849259 2.76576275716938 0 -0.507430034764852 0 0 0 0 0 0 0 0 0 0.0202027073175195 -1.27686052007443 -0.871395411966264 0 0 0 0 0 0 0 0 0 0 0 0 0 0 -0.0963311089384321 0 0 0 -0.331721633862615 0 0 0 0 0 0 0 0 0 0 0 0 0 0 0 0 0 0 0 0 0 0 0 0 0 0 0 0 0 0 0 0 0 0 0 0 0 0 0 0 0 0 0 0 0 0 0 0 0 0 0 0 0 0 0 0 0 0 0 0 0 0 0 0 0 0 0 0 -2.54808555140953 1.64420077108295 1.74712731520729 0 0 0 0 0 0 0 0 0 0 0 0 0 0 0 0 0 0 0 0 3.7078313795298 -4.99043258677874 0 0 -4.07414185490458 0 0 0 0 0 4.74782648638961 0 0 0 0 0 -0.400376038600693 0 0 0 0 0 0 0 0 0 0 0 0 0 0 0 0 0 0 0 0 0 0
4.71063273725643 0 5.2046605810385 5.56759124718968 5.17224110841853 1.34816149142445 0 3.74878352828301 1.56918265071451 0 0 0 3.85879443465978 0 6.40274040446446 -1.99470031322475 -0.727752709737421 0 0 0 0 0 0 0 0 0 5.64191913242759 0 4.21227875803296 4.95573124003783 6.43493953618353 5.77699921725934 6.86274368131605 6.88584001347329 4.36737906455565 3.28875719041627 4.65977432002294 4.19171405082666 2.9519296508956 4.46214783220264 2.35137525716348 0.773189888233482 2.20137317842113 -0.633723760089145 4.73551197341641 2.09672332056969 0 0 -1.55644538229359 0 0.67252789335721 -1.60604232343296 -0.350860974073313 0.0594234204708008 2.98941987521576 0 3.59777809187278 6.59861560507744 2.29404533144591 1.3648066413832 1.53532994028038 1.69916668240023 0.752570601030746 0.32768740706548 0.684607419011811 0 0 0 2.22370384208767 0 0 -0.0206192872027357 0 0 0 0 0 0 0 0 0 0 0 0 0 0 0 0 0 0 0 0 0 0 0 0 0 0 0 0 0 0 0 0 0 0 0 0 0 0 0 0 0 0 0 0 0 2.34160955455215 5.12925446283717 4.13918568011908 6.32487695659745 2.50177045584001 0 -1.12970287573814 0 4.13668920644651 -2.59253731398037 0 0 0 -2.02001812120904 0 0 0 0 0 0 0 0 0 0 6.21099614097367 0 0 0 0 0 0 0 0 0 3.54744519583033 2.43313585748043 -3.73766961828337 0 0 0 0 0 -0.331721633862615 4.39495293302063 3.1838476711863 0 0.914929261275834 0 -2.28238238567653 -1.89939013342042 0 0 0 0 0 0 0 0 0 0 0 2.71460463749535 2.15987663703743 3.54538606876067 0 4.27325896069444 3.71870240480845 3.81224025353408 -0.198782833848027 0 3.78820136588405 -0.74910583420799 0 0 0 3.91704439075 8.75681840219515 5.57082105238274 2.0514164266841 0.890100399621964 0 0 0 0 0 0 0 0 -0.0240975515790605 4.54014174894295 0 4.02115192194007 2.93580893639223 1.41644739929058 2.58052599639027 3.45052729863791 1.15482543350866 -0.21551962620355 2.77471231615739 3.57259402098067 2.46457667258294 2.23831864368512 3.61018221277657 1.36827585561721 1.47881773001704 2.64559567473872 0.604278792823103 3.7496641271471 1.67906550307914 0 0 -0.0668086696721103 0.583620781202681 0.205298190994199 -1.03918886819731 -1.52469668397901 -0.146245500320145 2.93905393653555 0 0 4.48905667426806 0 0 -3.60413822565885 0 0 0 0 0 0 0 -1.65822807660353 0 -4.07414185490458 -3.73766961828337 0 0 0 0 0 0 0 0 0 0 0 0 0 0 0 0 0 0 0 0 -3.48635519000246 0 0 0 0 0 0 0 0 0 0 0 0 0 0 0 0 0 0 0 0 0 0 0 0 0 2.23868129101457 3.34894886332137 2.67015287492452 -0.559615787935423 0 -1.55644538229359 0 -0.0102565001671891 0 0 0 0 0 0 0 0 0 0 0 0 0 0 0 4.4105694662664 0 0 0 0 0 0 0 0 0 3.95535613013452 0.481838086892738 -2.63905732961526 -2.15721924272252 0 0 0 0 0.157061890034717 0.943137981910343 0.638985472588602 0 -3.19867311755068 0 0 0 0 0 0 0 0 0 0 -0.390274942614189 0 0 0 0 0
-1.57270590316537 0 4.74531655608818 3.68239589616895 1.1686628017132 0 0 0 0 0 0 0 0 6.40274040446446 0 0.662056593489914 2.6911277757808 0 -0.720735137078774 0 0 0 0 0 0 0 1.61147664912395 0 5.90216855866931 6.73954994437726 7.08041580547511 -0.816045316883099 3.22443855544621 0.984648481078722 2.6948110211971 0 0 0 0 0 0 0 0 0 2.2433837775243 5.2256735234992 -0.0668086696721103 1.04982212449868 0.145365850271525 3.07969194667426 0 0 0 0 0 0 -3.28568449454031 0.679448336201783 -0.666299930523757 -2.97552956623647 0 -0.162118849476435 -0.921405832540926 0 0 0 0 0 -0.620984734311715 -4.58496747867057 0 0 0 0 -2.10006082888257 0 0 0 0 0 0 0 0 0 0 0 0 0 0 0 0 0 0 0 -0.038132869695444 0 0 0 0 0 0 0 1.18022362411427 0 0 -2.9109910450989 -0.831549503419065 0 0 0 0 0 0 0 0 0 0 3.37080830286361 4.93158227037128 3.72937486469922 3.58314093807361 3.44446536191067 0 1.41809620428076 1.30391047966231 4.16677068678432 0 -0.921405832540926 -1.37951467413451 -0.45783309362548 0 1.06635142644989 1.34017918739976 0 0 0 0 0 0 0 0 7.35159912718497 3.34739467566918 0 3.75030407597304 4.71375000392302 0 0 0 0 3.41291978821374 4.33185158341943 0 0 -1.81237875643079 0 0 -0.447137804508732 0 0 4.51715645151844 0.933823210635796 0 0 0 0 0.633584919408602 0 0 0 0 0 1.62763861708095 2.03377150484665 1.87075505638707 -1.67624658210621 0 0 1.21311456428403 -2.38774290133435 -1.46407206216257 0 3.96591835371214 -1.24092851084837 2.6895120801033 0 0 0 0 0 0 0 3.13030479068692 4.61441305306927 7.30224197692425 1.31127021849439 1.47648944025745 0 0 0 0 0 0 0 0 0 4.27605179581549 0 5.90283776586967 3.46296847154972 0.100245414991056 0 0.910833692411097 0 -1.36609165380237 0 0 0 0 0 0 0.548868249211841 0 0 4.51216686714233 4.7475610270697 0 0.224503170830249 3.25074356371622 2.81626378574244 0 0 0 0 0 0 0 0 0 0 0 0 0 0 0 0 0 0 0 0 0 0 0 0 0 0 -2.1870722058722 0 0 0 0 0 0 0 0 0 -3.73766961828337 0 0 0 0 0 0 0 0 0 0 0 0 0 0 0 0 0 0 -2.59253731398037 0 0 0 0 0 0 0 0 0 0 0 0 -1.01075093287678 -2.79320800944252 -1.83343216562862 0 0 -0.154150679827258 -1.67624658210621 -2.28238238567653 0 0 0 0 0 0 0 0 0 0 0 0 0 0 0 5.31292109546507 -1.75175413461436 0 -1.31413191487166 0.302872237945756 0 0 0 0 -2.10006082888257 4.35181285607738 0 0 0 0 0 0.956296066487854 0 0 1.10651746817522 0 0 0 0 0 -1.73233604875725 0 0 -4.99043258677874 0 0 0 -1.14028498506868 -0.21551962620355 0 0 0 0 0
-0.763598841510557 -0.992231885109538 3.18159065231309 -4.99043258677874 1.18543468332702 2.97267947220055 -0.0814609464589807 0 0 0 0 0 5.48774231918926 -1.99470031322475 0.662056593489914 0 5.96279208664336 1.96086099421788 6.94712315556067 2.4817838651353 2.62585097480165 1.69667602108778 -0.28995222098632 0 0 0 0 0 0 0 0 0 0 0 0 0 0 0 0 0 0 0 0 0 0 0 0 0 1.4352464817234 -0.938647638975432 0 0 0 0 0 0 0 0 0 0 0 0 0 0 0 0 0 0 0 0 0 0 0 0 -2.73914078817224 -1.28913061266624 -3.89182029811063 0 0 0 0 0 0 0 0 0 0 0 0 0 0 0 0 0 0 0 0 0 0 0 0 0 -2.28238238567653 0 0 0 -3.28568449454031 0 0 0 0 0 0 0 0 0 0 0 0.548868249211841 -0.847297860387204 0 -3.60413822565885 0 -1.01075093287678 -2.63905732961526 -2.21784386453896 -2.1870722058722 -3.11863040987714 0 -3.60413822565885 0 0 0 -4.29728540621879 0.0367320092687299 0 0 1.28527061100327 0 0 0 2.92491558248434 3.23386496513283 0 0 4.85056767274557 0 0 0 0 0 5.84292310604523 0 -0.706846024918107 0 2.2303069475174 1.90017653336843 4.24616015634151 3.2150590263415 0 0 0 -0.595983432106298 0 0 0 -1.17272026082183 0 0 0 0 0 -2.68784749378469 0.28256697178501 -1.28913061266624 0 0 0 0 0 0.760551489361759 0 0.693147180559945 -0.720735137078774 -0.80838244413753 -3.04452243772342 0 0 0 0 0 0 1.43848011429046 1.05457272725728 0.396353427756909 -0.727752709737421 0.363792411707596 0 -3.38099467434464 0 0 0 0 0 0 0 0 0 0 0 0 0 0 0 0 0 0 0 0 0 0 0 0 0 0 0 0 0 0 0 0 0 0 0 0 0 0 0 0 0 0 0 0 0 0 0 0 0 0 0 0 0 0 0 0 0 0 0 0 0 0 0 0 0 0 0 0 0 0 0 0 0 0 0 0 0 0 0 0 0 0 0 0 0 0 0 0 0 0 0 0 0 0 0 0 0 0 0 0 0 0 0 0 0 0 0 0 0 0 0 0 0 0 0 0 0 0 0 0 0 0 1.45210757968946 0 0 0 0 0 0 0 0 0 1.58881862523136 0 0 0 0 0 0 0 0 0 0 0 0 0 0 0 0 0 0 0 0 0 0 0 0 0 0 0 0
0 0 0.989718200428972 0 0 -0.038132869695444 0 0 0 0 0 0 1.24201542977179 -0.727752709737421 2.6911277757808 5.96279208664336 0 1.22717102062325 4.71971290567997 0.235314086934465 1.2833873712753 -0.468644009729696 1.44491617834135 0 0 0 0 0 -1.09861228866811 0 -1.36609165380237 0 0 0 0 0 0 0 0 0 0 0.464888528578965 0 0 0.124562722641762 4.38092058104515 0 0.264455221841964 2.28404697199513 6.12128370074882 0 0 0 0 0 0 0 0 0 0 0 0 0 0 0 0 0 0 0 0 0 0 0 0 0 0 0 0 0 0 0 0 0 0 0 0 0 0 0 0 0 0 0 0 1.05812092731337 0 0 0 0 0 0 0 -1.92237965164512 0 0 -2.12823170584927 -0.763598841510557 0 0 0 0 0 0 0 0 0 0 -2.63905732961526 -0.441832752279039 -2.12823170584927 0 0 0 -1.42089989029737 -2.79320800944252 0 0 -2.50552593699074 -2.59253731398037 0 0 0 0 0 -0.441832752279039 -4.29728540621879 0 0.325233418103913 0 0 0 5.82808490316412 4.47043301325287 0 4.20235462594986 6.668543699699 0 0 0 0 2.80521394955586 5.94312963643781 0 0 0 1.79684853873553 -1.97000770063437 3.17350836797627 1.64682544450572 0 0 0 0 0 0 0 -1.97000770063437 0 0 0 0 0 0.542956901948784 0 -1.12970287573814 -4.58496747867057 0 0 0 0 -0.447137804508732 0 -0.778304988900252 0 -1.49392502531226 0 0 0 0 0 0 0 1.86497621183119 -0.174191430710704 2.91057446521368 -1.58923520511658 0.525010258757947 0 -1.44947326274142 0 0 0 0 0 0 0 0 0 0 0 0 0 0 0 0 0 0 0 0 0 0 0 0 0 0 0 0 0 0 0 0 0 0 0 0 0 0 0 0 0 0 0 0 0 0 0 0 0 0 0 0 0 0 0 0 0 0 0 0 0 0 0 0 0 0 0 0 0 0 0 0 0 0 0 0 0 0 0 0 0 0 0 0 0 0 0 0 0 0 0 0 0 0 0 0 0 0 0 0 0 0 0 0 0 0 0 0 0 0 0 0 0 0 0 0 0 0 0 0 0 0 0.923070418859534 0 0 0 0 0 0 0 0 0 -0.198782833848027 0 0 0 0 0 0 0 0 0 0 0 0 0 0 0 0 0 0 0 0 0 0 0 0 0 0 0 0
-1.18377009700842 2.03198976718153 0 0.398639143037765 0.219053566062685 3.55622231478712 5.44757270178017 0 0 0 0 0 2.39789527279837 0 0 1.96086099421788 1.22717102062325 0 1.80471374782075 0.589297239207486 4.73616861145338 5.50379559673587 3.31232899392531 0 0 0 0 0 0 0 0 0 0 0 0 0 0 0 0 0 0 0 0 0 0 0 0 0 0 0 0 0 0 0 0 0 0 0 0 0 0 0 0 0 0 0 0 0 0 0 0 0 0 0 -2.12823170584927 -0.0136988443581619 -0.0595622611513431 0 0 0 0 0 0 0 0 0 0 0 0 0.103317614028026 0.292771141959252 0 -0.595983432106298 0 0 0 0 0 0 0 0 0 0 0 0 0 0 0 0 -4.99043258677874 0 0 0 0 0 0 0 0 0 0.344698752892017 0 2.15081253557175 0 0 0 0 4.51971603744707 0 0 0 2.38105670843554 1.0134544803278 0.425667815425684 0.0202027073175195 6.66257216151303 6.45887126989417 0.901211625047035 7.18369779331685 0 0 0.529026328412837 -0.589829566531919 2.08495353358735 0 0 0.901211625047035 0 0 0 1.0974778585975 2.47350401769019 2.0857988421753 0 3.5022629730371 -0.111425735160917 4.35225097218516 4.27463268488669 2.55943970165057 2.6366248302402 1.23313525301493 0 0 6.90503389229134 0 0 0 -1.62313675679226 0 -3.48635519000246 0 0 2.23322772359892 0 0 -3.19867311755068 -2.9109910450989 0 0 0 0 0 0 0 0 0 0 0 0 0 0 0 0 0 0 0 0 0 0 0 0 0 0 0 0 0 0 0 0 0 0 0 0 0 0 0 0 0 0 0 0 0 0 0 0 0 0 0 0 0 0 0 0 0 0 0 0 0 0 0 0 0 0 0 0 0 0 0 0 0 0 0 0 0 0 0 0 0 0 0 0 0 0 0 0 0 0 0 0 0 0 0 0 0 0 0 0 0 0 0 0 0 0 0 0 0 0 0 0 0 0 0 0 0 0 0 0 0 0 0 0 0 0 0 0 0 0 0 0 0 0 0 0 0 0 0 0 0 0 0 0 0 0 0 0 0 0 0 0 0 0 0 0 0 0 0 0 0 0 0 0 0 0 0 0 0 0 0 0 0 0 0 0 0 0 0 0 0 0 0 0
1.26339622479674 0.60055439373212 1.36132534979069 -2.31628393735221 1.58534036085504 5.48663001117649 1.16654639880682 0 0 0 0 0 5.98759653175484 0 -0.720735137078774 6.94712315556067 4.71971290567997 1.80471374782075 0 3.81576680005141 3.484792119815 2.58284170564587 1.0872096565703 0 0 0 0 0 0 0 0 0 0 0 0 0 0 0 0 0 0 0 0 0 0 0.394062476010353 0 0 1.09974543326528 2.74368871654957 0 0 0 0 0 0 0 0 0 0 0 0 0 0 0 0 0 0 0 0 0 0 0 0 -2.38774290133435 -1.01075093287678 -3.60413822565885 0 0 0 0 0 0 0 0 0 0 0 0 0 0 0 0 0 0 0 0 0 0 0 0 0 -0.507430034764852 0 0 0 -2.9109910450989 0 0 0 0 0 0 0 0 0 0 0 -0.341245515373871 -0.734819876960513 0 0 0 -2.97552956623647 -0.583713339514483 0 -3.60413822565885 0.213574100298059 -1.85493837084959 -2.31628393735221 -4.29728540621879 -3.73766961828337 0 0 0.106380403558572 0 0 0.36142554669733 0 0 -0.223994253194523 2.10338723527619 4.2241487794547 0 -1.07840958135059 6.22289340814535 0 0 0 0 0 4.68505589546678 0 0.91356593454797 0 2.62683522684961 1.9531723450971 6.43448646085883 3.78117023782571 0 0 0 1.54987565128276 0 0 0 0.380205441348927 0 0 0 -2.59253731398037 -3.48635519000246 -1.58923520511658 -2.59253731398037 0.370859578930689 0.471278326677736 0 -1.97000770063437 0 0 -1.69459572077441 0 -1.79175946922805 -0.280902385466402 -1.14028498506868 0 0 0 0 0 0 0 -1.11923157587085 0 -2.63905732961526 -1.02961941718116 0 0 0 0 0 0 0 0 0 0 0 0 0 0 0 0 0 0 0 0 0 0 0 0 0 0 0 0 0 0 0 0 0 0 0 0 0 0 0 0 0 0 0 0 0 0 0 0 0 0 0 0 0 0 0 0 0 0 0 0 0 0 0 0 0 0 0 0 0 0 0 0 0 0 0 0 0 0 0 0 0 0 0 0 0 0 0 0 0 0 0 0 0 0 0 0 0 0 0 0 0 0 0 0 0 0 0 0 0 0 0 0 0 0 0 0 0 0 0 0 0 0 0 0 0 -2.79320800944252 0 0 0 0 0 0 0 0 0 0.342286206486633 0 0 0 0 0 0 0 0 0 0 0 0 0 0 0 0 0 0 0 0 0 0 0 0 0 0 0 0
-1.92237965164512 0.504684355743908 -0.763598841510557 -1.17272026082183 3.10226557062253 7.07664232429501 -1.1088687888353 0 0 0 0 0 4.10163087760639 0 0 2.4817838651353 0.235314086934465 0.589297239207486 3.81576680005141 0 5.3850565976658 2.93851383390293 2.30462382968389 0 0 0 0 0 0 0 0 0 0 0 0 0 0 0 0 0 0 0 0 0 0 0 0 0 0 0 0 0 0 0 0 0 0 0 0 0 0 0 0 0 0 0 0 0 0 0 0 0 0 0 -2.07266185469446 -1.85493837084959 -3.28568449454031 0 0 0 0 0 0 0 0 0 0 0 0 -1.04885077910905 0.162859007719043 0 0 0 0 0 0 0 0 0 0 0 0 0 0 0 0 0 0 0 0 0 0 0 0 0 0 0 0 0 0 0 0 0 0 0 -4.58496747867057 0 0 0 -3.48635519000246 -3.73766961828337 0 0 0.396353427756909 -1.44947326274142 0 -0.146245500320145 0 0 -1.83343216562862 0 4.21106883653024 0 0 2.21260084127681 0 0 0 0 0 0.979552928652122 0 0 0 4.22970959016971 1.230157583321 7.28967088507235 5.43251817791897 0 0 0 0 0 0 0 0 0 -4.99043258677874 0 0 -1.27686052007443 0 0 0 0 0 0 0 0 0 0 0 0 0 0 0 0 0 0 0 0 0 0 0 0 0 0 0 0 0 0 0 0 0 0 0 0 0 0 0 0 0 0 0 0 0 0 0 0 0 0 0 0 0 0 0 0 0 0 0 0 0 0 0 0 0 0 0 0 0 0 0 0 0 0 0 0 0 0 0 0 0 0 0 0 0 0 0 0 0 0 0 0 0 0 0 0 0 0 0 0 0 0 0 0 0 0 0 0 0 0 0 0 0 0 0 0 0 0 0 0 0 0 0 0 0 0 0 0 0 0 0 0 0 0 0 0 0 0 0 0 0 0 0 0 0 0 0 0 0 0 0 0 0 0 0 0 0 0 0 0 0 0 0 0 0 0 0 0 0 0 0 0 0 0 0 0 0 0 0 0 0 0 0 0 0 0 0 0
-4.99043258677874 3.31715006760588 -3.04452243772342 1.08491344430995 3.57973248940361 6.61411444523872 2.17157723854266 0 0 0 0 0 4.84155896405232 0 0 2.62585097480165 1.2833873712753 4.73616861145338 3.484792119815 5.3850565976658 0 5.49053873766361 3.48312214760767 0 0 0 0 0 0 0 0 0 0 0 0 0 0 0 0 0 0 0 0 0 0 0 0 -0.276407995878563 0 -0.45783309362548 0 0 0 0 0 0 0 0 0 0 0 0 0 0 0 0 0 0 0 0 0 0 0 0 -0.734819876960513 0.0168638060520047 0.853111830252623 0 0 0 0 0 0 0 0 0 0 0 0 -1.27686052007443 1.58534036085504 0 0 -3.04452243772342 0 0 0 0 0 0 0 0 0 0 0 -2.4254832293172 0 0 0 0.629968278938414 -3.73766961828337 -3.38099467434464 0 0 0 0 0 0 0 -1.57270590316537 0 -1.2176716486841 -2.35137525716348 0 -3.48635519000246 0 2.25236533601502 0.302872237945756 0 0 2.12189485793218 1.65660706798143 -3.38099467434464 1.06165658214568 3.44663456015822 1.20295187519183 0 5.45194312728827 0 0 1.62160844805436 -0.61467556511845 3.96488649498521 0 0 2.13041590766411 0 0 0 0 -2.0459936076123 2.26938702358445 0 0.897059369946268 0 5.64138828921896 3.82337764114686 5.67918537904589 4.68184774023359 -1.83343216562862 0 0 3.25377008092871 0 0 0 1.15267950993839 0 -1.18377009700842 0 -2.38774290133435 1.34017918739976 0 0 -2.63905732961526 1.24495805082598 0 0.347105492922582 0 0 0 0 0 -2.35137525716348 0 -1.83343216562862 0 0 0 0 0 0 0.518955749849241 0 0 0 0 0 0 0 0 0 0 0 0 0 0 0 0 0 0 0 0 0 0 0 0 0 0 0 0 0 0 0 0 0 0 0 0 0 0 0 0 0 0 0 0 0 0 0 0 0 0 0 0 0 0 0 0 0 0 0 0 0 0 0 0 0 0 0 0 0 0 0 0 0 0 0 0 0 0 0 0 0 0 0 0 0 0 0 0 0 0 0 0 0 0 0 0 0 0 0 0 0 0 0 0 0 0 0 0 0 0 0 0 0 0 0 0 0 0 0 0 0 0 0 0 0 0 0 0 0 0 0 0 0 0 0 0 0 0 0 0 0 0 0 0 0 0 0 0 0 0 0 0 0 0 0 0 0 0 0 0 0 0 0 0 0 0 0
