0 41.9863945578231 630.58843537415 9729.7619047619 5320.05442176871 1810.27210884354 227.52380952381 6.30272108843537 0 0 0 0 893.146258503401 314.938775510204 271.829931972789 83.156462585034 37.7959183673469 246.210884353742 56.9727891156463 183.112244897959 230.006802721088 254.65306122449 0 0 0 7.74149659863946 0 0 0 101.755102040816 542.071428571429 0 117.707482993197 0 24.7619047619048 0 0 0 0 0 0 0 0 7.07482993197279 0 0 0 0 0 0 0 0 0 0 0 0 0 0 0 0 0 0 5.7891156462585 0 0 0 0 5.2108843537415 16.1292517006803 9.01020408163265 0 13.9319727891156 0 0 13.9353741496599 13.7789115646259 21.2721088435374 0 0 0 0 0 0 0 0 10.2414965986395 14.3741496598639 8.6530612244898 0 12.5340136054422 18.0238095238095 8.78571428571429 9.36054421768707 9.04421768707483 0 0 0 0 0 0 0 0 15.7278911564626 0 0 21.3469387755102 29.8605442176871 7.96598639455782 7.96598639455782 23.578231292517 10.5272108843537 10.8503401360544 0 0 0 0 0 36.843537414966 149.955782312925 406.28231292517 974.748299319728 123.34693877551 47.4659863945578 10.4659863945578 64.5102040816327 192.173469387755 160.08843537415 61.1462585034014 27.6598639455782 34.7755102040816 180.612244897959 150.581632653061 99.0408163265306 160.551020408163 208.809523809524 122.595238095238 34.0102040816327 113.704081632653 9.11224489795918 0 0 281.731292517007 91.9013605442177 0 0 37.0748299319728 0 0 0 0 23.3503401360544 123.503401360544 432.748299319728 122.761904761905 50.156462585034 87.921768707483 64.6190476190476 123.56462585034 115.091836734694 253.687074829932 0 0 247.97619047619 0 0 10.5850340136054 46.4319727891156 0 13.1156462585034 0 0 99.7040816326531 11.2074829931973 0 43.2482993197279 77.765306122449 78.3231292517007 35.7278911564626 0 0 666.676870748299 0 49.1292517006803 495.724489795918 235.547619047619 46.5340136054422 0 0 0 0 0 0 75.5986394557823 27.4455782312925 57.7040816326531 12.5510204081633 9.86734693877551 39.5034013605442 0 0 0 0 0 0 0 0 0 0 0 26.3843537414966 35.5442176870748 0 0 0 0 0 0 0 0 0 0 0 0 0 0 0 0 0 0 0 0 0 0 0 0 0 0 0 0 0 0 0 0 0 0 0 0 0 0 0 0 0 0 0 0 0 0 0 0 0 0 0 0 0 0 0 0 0 0 0 0 0 0 0 0 0 0 0 0 0 0 0 0 0 0 0 0 0 0 0 0 0 0 0 0 0 0 0 0 84.9251700680272 50.312925170068 8.18027210884354 0 0 0 24.5952380952381 0 0 0 0 5.29591836734694 0 0 6.83333333333333 13.4285714285714 0 0 11.1700680272109 0 0 0 37.4829931972789 10.7040816326531 0 0 0 0 0 0 0 0 27.2414965986395 55 10.8367346938776 0 0 0 0 0 15.0340136054422 0 0 37.1598639455782 0 0 0 0 0 0 0 0 0 0 0 0 0 0 0 0 0
41.9863945578231 0 0 25.2312925170068 25.3707482993197 39.391156462585 0 0 0 0 0 0 15.4183673469388 0 0 0 0 54.9965986394558 0 49.9115646258503 93.6020408163265 0 188.166666666667 0 0 0 0 0 0 0 0 0 0 0 0 0 0 0 0 0 0 0 0 0 0 0 0 0 0 0 0 0 0 0 0 0 0 0 0 0 0 0 0 0 0 0 9.80272108843537 0 0 0 0 0 0 0 0 0 0 0 0 0 0 0 0 0 0 0 0 0 0 0 0 0 0 0 0 0 0 0 0 0 0 0 0 0 0 0 0 0 0 0 0 0 0 0 0 0 0 0 0 8.44557823129252 0 0 0 0 6.39795918367347 0 0 0 0 7.01360544217687 8.62925170068027 10.3843537414966 43.0238095238095 16.5442176870748 17.8843537414966 24.8775510204082 168.095238095238 158.336734693878 0 210.221088435374 124.163265306122 0 113.802721088435 0 0 14.8299319727891 0 0 24.2244897959184 108.360544217687 91.4829931972789 0 0 0 0 145.904761904762 266.97619047619 26.1156462585034 179.486394557823 0 0 0 13.3877551020408 0 0 0 0 0 0 0 0 0 0 0 0 0 9.60544217687075 0 0 0 0 0 0 0 0 0 0 0 0 0 0 0 0 0 0 0 0 0 0 0 0 0 0 0 0 0 0 0 0 0 0 0 0 0 0 0 0 0 0 0 0 0 0 0 0 0 0 0 0 0 0 0 0 0 0 0 0 0 0 0 0 0 0 0 0 0 0 0 0 0 0 0 0 0 0 0 0 0 0 0 0 0 0 0 0 0 0 0 0 0 0 0 0 0 0 0 0 0 0 0 0 0 0 0 0 0 0 0 0 0 0 0 0 0 0 0 0 0 0 0 0 0 0 0 0 0 0 0 0 0 0 0 0 0 0 0 0 0 0 0 0 0 0 0 0 0 0 0 0 0 0 0 0 0 0 0 0 0 0 0 0 0 0 0 0 0 0 0 0 0 0 0 0 0 0 0 0 0 0 0
630.58843537415 0 0 641.595238095238 417.78231292517 86.5 0 0 0 0 0 0 251.044217687075 98.3299319727891 209.353741496599 120.503401360544 52.8945578231293 12.3979591836735 56.0272108843537 16.8401360544218 16.2993197278912 0 0 0 0 0 0 0 0 35.4625850340136 167.989795918367 0 0 0 0 0 0 0 0 0 0 0 0 0 0 0 0 0 0 0 0 0 0 0 0 0 0 0 0 0 0 0 0 0 0 0 0 0 0 0 0 0 0 0 0 0 0 0 0 0 0 0 0 0 0 0 0 0 0 0 0 0 0 0 0 0 0 0 0 0 0 0 0 0 0 0 0 0 0 0 0 0 0 0 0 0 0 0 17.8197278911565 36.4149659863946 113.204081632653 11.3231292517007 0 0 7.06122448979592 13.2040816326531 7.19387755102041 0 0 0 7.49659863945578 0 0 0 6.88775510204082 0 0 8.56802721088435 0 0 0 279.680272108844 19 0 0 22.9047619047619 0 0 0 0 0 173.551020408163 20.1700680272109 0 0 0 0 32.4591836734694 0 10.4047619047619 0 0 0 0 0 0 0 0 0 0 0 0 0 0 10.1666666666667 0 0 0 0 0 58.8571428571429 0 13.2278911564626 41.0748299319728 26.4489795918367 0 0 0 0 0 0 0 17.1802721088435 9.70408163265306 20.5952380952381 0 0 0 0 0 0 0 0 0 0 0 0 0 0 0 9.99319727891156 0 0 0 0 0 0 0 0 0 0 0 0 0 0 0 0 0 0 0 0 0 0 0 0 0 0 0 0 0 0 0 0 0 0 0 0 0 0 0 0 0 0 0 0 0 0 0 0 0 0 0 0 0 0 0 0 0 0 0 0 0 0 0 0 0 0 0 0 0 0 0 0 0 0 0 0 0 0 0 0 0 0 0 0 0 0 0 0 21.9353741496599 13.3707482993197 0 0 0 0 0 0 0 0 0 0 0 0 0 0 0 0 0 0 0 0 15.5986394557823 0 0 0 0 0 0 0 0 0 0 0 0 0 0 0 0 0 0 0 0 0 0 0 0 0 0 0 0 0 0 0 0 0 0 0 0 0 0
9729.7619047619 25.2312925170068 641.595238095238 0 4753.91156462585 2050.20408163265 382.891156462585 9.36054421768707 0 0 0 0 831.867346938776 255.982993197279 255.605442176871 69.9965986394558 35.3775510204082 491 58.6224489795918 112.921768707483 138.530612244898 230.095238095238 0 0 0 5.91836734693878 0 0 0 88.0408163265306 467.221088435374 0 98.6292517006803 19.6428571428571 24.5612244897959 0 0 0 0 0 0 0 0 6.40476190476191 0 0 0 0 0 0 7.9421768707483 0 0 0 0 0 0 0 0 0 0 0 0 0 0 0 0 0 10.4591836734694 0 0 8.5578231292517 0 0 7.36054421768707 7.63945578231293 12.4557823129252 0 0 0 0 0 0 0 0 0 8.20408163265306 0 0 0 11.1768707482993 0 0 0 0 0 0 0 0 0 0 0 10.4183673469388 0 0 13.0612244897959 16.4897959183673 0 0 15.1496598639456 0 6.15986394557823 0 0 0 0 0 69.9829931972789 142.955782312925 356.125850340136 704.30612244898 177.108843537415 27.656462585034 6.93877551020408 36.4897959183673 522.132653061224 282.561224489796 32.969387755102 15.7210884353741 19.9897959183673 124.258503401361 91.2482993197279 77.2108843537415 137.268707482993 280.054421768707 198.180272108844 22.5034013605442 104.051020408163 0 0 0 260.329931972789 45.1326530612245 0 0 0 0 0 0 0 0 115.503401360544 591.08843537415 195.448979591837 73.5204081632653 35.9047619047619 31.4591836734694 94.7891156462585 42.9761904761905 314.044217687075 28.2959183673469 0 729.649659863946 0 0 0 29.8027210884354 0 0 0 0 83.2074829931973 7.0578231292517 0 26.8571428571429 44.4897959183673 46.0340136054422 20.6530612244898 0 0 566.384353741497 0 35.6054421768707 588.142857142857 260.394557823129 46.5918367346939 26.1666666666667 0 0 0 0 0 56.0612244897959 38.3945578231293 41.8163265306122 9.37755102040816 6.45578231292517 83.3741496598639 0 0 0 0 0 0 0 0 0 0 0 21.8333333333333 31.8027210884354 0 0 0 0 0 0 0 0 0 0 0 0 0 0 0 0 0 0 0 0 0 0 0 0 0 0 0 0 0 0 0 0 0 0 0 0 0 0 0 0 0 0 0 0 0 0 0 0 0 0 0 0 0 0 0 0 0 0 0 0 0 0 0 0 0 0 0 0 0 0 0 0 0 0 0 0 0 0 0 0 0 0 0 0 0 0 18.6054421768707 0 61.4319727891156 36.5510204081633 15.8163265306122 0 0 0 83.7823129251701 0 0 0 0 0 0 0 0 30.030612244898 0 0 14.0136054421769 0 0 0 25.8367346938776 0 0 0 0 0 0 0 0 0 18.6258503401361 199.108843537415 17.0034013605442 0 0 0 0 0 13.1802721088435 0 0 109.047619047619 0 0 0 0 0 0 0 0 0 0 0 0 0 0 0 0 0
5320.05442176871 25.3707482993197 417.78231292517 4753.91156462585 0 2995.75170068027 462.12925170068 0 0 0 0 0 1062.51020408163 144.02380952381 85.6598639455782 116.676870748299 30.5918367346939 557.78231292517 106.724489795918 227.258503401361 275.465986394558 375.673469387755 0 0 0 0 0 0 0 24.5884353741497 136.785714285714 0 0 0 0 0 0 0 0 0 0 0 0 4.63265306122449 0 0 0 0 0 0 0 0 0 0 0 0 0 0 0 0 0 0 0 0 0 0 0 0 0 0 0 0 0 0 0 0 8.97278911564626 0 0 0 0 0 0 0 0 0 0 0 0 0 0 0 0 0 0 0 0 0 0 0 0 0 9.19047619047619 0 0 11.608843537415 14.5714285714286 0 0 11.312925170068 0 0 0 0 0 0 0 35.6632653061224 72.2619047619048 198.289115646258 267.08843537415 96.6632653061225 21.0204081632653 8.35034013605442 34.0544217687075 194.442176870748 233.714285714286 26.812925170068 14.6598639455782 16.5884353741497 91.1020408163265 67.1938775510204 68.6156462585034 111.632653061224 263.581632653061 173.666666666667 21.265306122449 103.58843537415 0 0 0 125.945578231293 46.1326530612245 0 0 23.2006802721088 0 0 0 0 0 114.690476190476 355.663265306122 256.333333333333 39.4251700680272 57.2721088435374 30.0102040816327 175.680272108844 63.5476190476191 283.37074829932 0 0 858.993197278912 0 0 0 24.6258503401361 0 0 0 0 61.8469387755102 7.39115646258503 0 29.3571428571429 33.9455782312925 36.4965986394558 16.7687074829932 0 0 291.19387755102 0 27.6394557823129 312.506802721088 177.051020408163 27.9455782312925 19.047619047619 0 0 0 0 0 42.030612244898 17.7619047619048 33.0544217687075 8.21428571428571 0 53.4523809523809 0 0 0 0 0 0 0 0 0 0 0 0 17.5884353741497 0 0 0 0 0 0 0 0 0 0 0 0 0 0 0 0 0 0 0 0 0 0 0 0 0 0 0 0 0 0 0 0 0 0 0 0 0 0 0 0 0 0 0 0 0 0 0 0 0 0 0 0 0 0 0 0 0 0 0 0 0 0 0 0 0 0 0 0 0 0 0 0 0 0 0 0 0 0 0 0 0 0 0 0 0 0 12.3265306122449 0 47.7142857142857 28.2108843537415 0 0 0 0 27.7108843537415 0 0 0 0 0 0 0 0 16.5510204081633 0 0 9.91496598639456 0 0 0 25.0238095238095 0 0 0 0 0 0 0 0 0 17.7176870748299 77.3673469387755 11.5102040816327 0 0 0 0 0 7.51020408163265 0 0 59.6530612244898 0 0 0 0 0 0 0 0 0 0 0 0 0 0 0 0 0
1810.27210884354 39.391156462585 86.5 2050.20408163265 2995.75170068027 0 659.241496598639 0 0 0 0 0 676.234693877551 34.5272108843537 26.6904761904762 108.095238095238 40.1904761904762 526.380952380952 288.520408163265 573.190476190476 605.357142857143 709.404761904762 59.6938775510204 0 0 0 0 0 0 0 28.8299319727891 0 0 0 0 0 0 0 0 0 0 0 0 0 0 0 0 0 0 0 0 0 0 0 0 0 0 0 0 0 0 0 0 0 0 0 0 0 0 0 0 0 0 0 0 0 0 0 0 0 0 0 0 0 0 0 0 0 0 0 0 0 0 0 0 0 0 0 0 0 0 0 5.79251700680272 0 0 7.5 9.93197278911565 0 0 7.19387755102041 0 0 0 0 0 0 0 13.6836734693878 30.4489795918367 113.255102040816 86.6836734693878 48.4795918367347 14.1462585034014 0 24.0578231292517 72.3095238095238 146.459183673469 18.1632653061224 10.765306122449 12.2006802721088 59.8639455782313 47.891156462585 56.2312925170068 74.8367346938775 137.897959183673 114.809523809524 22.9557823129252 161.605442176871 0 0 0 45.0884353741497 158.982993197279 0 0 74.7278911564626 0 0 0 0 0 78.7278911564626 138.948979591837 246.380952380952 25.8469387755102 162.877551020408 55.4319727891156 578.312925170068 177.551020408163 187.112244897959 0 0 430.69387755102 0 0 0 16.2108843537415 0 0 0 0 40.4319727891156 0 0 20.530612244898 22.9829931972789 27.6734693877551 10.7687074829932 0 0 57.0204081632653 0 0 56.469387755102 28.921768707483 0 0 0 0 0 0 0 0 0 7.77210884353742 0 0 0 0 0 0 0 0 0 0 0 0 0 0 0 0 0 0 0 0 0 0 0 0 0 0 0 0 0 0 0 0 0 0 0 0 0 0 0 0 0 0 0 0 0 0 0 0 0 0 0 0 0 0 0 0 0 0 0 0 0 0 0 0 0 0 0 0 0 0 0 0 0 0 0 0 0 0 0 0 0 0 0 0 0 0 0 0 0 0 0 0 0 0 0 0 0 0 0 0 0 0 0 0 15.3877551020408 7.68707482993197 0 0 0 0 0 0 0 0 0 0 0 0 0 0 0 0 0 0 0 0 6.22789115646258 0 0 0 0 0 0 0 0 0 0 0 0 0 0 0 0 0 0 0 0 0 0 0 0 0 0 0 0 0 0 0 0 0 0 0 0 0 0
227.52380952381 0 0 382.891156462585 462.12925170068 659.241496598639 0 0 0 0 0 0 43.7448979591837 0 0 0 0 616.343537414966 20.3605442176871 33.6904761904762 60.8537414965986 207.285714285714 0 0 0 0 0 0 0 0 0 0 0 0 0 0 0 0 0 0 0 0 0 0 0 0 0 0 0 0 0 0 0 0 0 0 0 0 0 0 0 0 0 0 0 0 0 0 0 0 0 0 0 0 0 0 0 0 0 0 0 0 0 0 0 0 0 0 0 0 0 0 0 0 0 0 0 0 0 0 0 0 0 0 0 0 0 0 0 0 0 0 0 0 0 0 0 0 15.8673469387755 41.3197278911565 23.6360544217687 27.0850340136054 0 0 0 53.9523809523809 105.812925170068 0 0 0 17.0544217687075 9.71428571428571 0 42.4965986394558 102.377551020408 120.187074829932 0 116.238095238095 0 0 0 0 34.3095238095238 0 0 0 0 0 0 0 0 0 66.4149659863946 172.612244897959 16.7210884353741 26.4557823129252 0 47.6258503401361 0 106.816326530612 0 0 488.908163265306 0 0 0 0 0 0 0 0 16.2278911564626 0 0 0 0 0 0 0 0 18.7687074829932 0 0 28.530612244898 0 0 0 0 0 0 0 0 0 0 0 0 0 0 0 0 0 0 0 0 0 0 0 0 0 0 0 0 0 0 0 0 0 0 0 0 0 0 0 0 0 0 0 0 0 0 0 0 0 0 0 0 0 0 0 0 0 0 0 0 0 0 0 0 0 0 0 0 0 0 0 0 0 0 0 0 0 0 0 0 0 0 0 0 0 0 0 0 0 0 0 0 0 0 0 0 0 0 0 0 0 0 0 0 0 0 0 0 0 0 0 0 0 0 0 0 0 0 0 0 0 0 0 0 0 0 0 0 0 0 0 0 0 0 0 0 0 0 0 0 0 0 0 0 0 0 0 0 0 0 0 0 0 0 0 0 0 0 0 0 0 0 0 0 0 0 0 0 0 0 0 0 0 0 0 0
6.30272108843537 0 0 9.36054421768707 0 0 0 0 1082.37414965986 440.979591836735 127 524.700680272109 0 216.176870748299 0 0 0 10.0102040816327 0 0 0 0 0 0 10.608843537415 22.8571428571429 24.8163265306122 0 0 0 0 71.9387755102041 0 0 0 679.809523809524 191.149659863946 183.942176870748 164.030612244898 895.37074829932 47.8707482993197 120.595238095238 109.098639455782 156.642857142857 51.2176870748299 0 113.625850340136 27.9863945578231 29.6904761904762 15.3877551020408 763.863945578231 389.105442176871 1679.67346938776 1467.4693877551 1315.75510204082 634.299319727891 34.1530612244898 0 0 11.6054421768707 0 0 5.41156462585034 0 0 0 70.4591836734694 7.84353741496599 6.5578231292517 7.56802721088435 5.20408163265306 0 62.0612244897959 43.1462585034014 14.4829931972789 6.11224489795918 7.2312925170068 270.044217687075 25.1666666666667 54.8877551020408 13.2312925170068 8.2891156462585 12.6428571428571 7.86054421768707 5.35034013605442 7.31632653061224 5.67687074829932 0 0 0 0 0 0 0 24.6326530612245 224.173469387755 63.2857142857143 0 159.095238095238 210.56462585034 47.9795918367347 106.513605442177 19.1904761904762 22.3571428571429 22.1904761904762 185.013605442177 0 31.9727891156463 30.0136054421769 16.0986394557823 6.43877551020408 0 29.6938775510204 10.921768707483 27.2925170068027 120.574829931973 142.28231292517 33.1632653061224 57.4081632653061 435.248299319728 0 17.8367346938776 0 0 0 17.1156462585034 0 0 0 8.85374149659864 35.0918367346939 9.12585034013605 42.2380952380952 15.4489795918367 10.1938775510204 13.2789115646259 44.4829931972789 24.3639455782313 0 16.2517006802721 8.20408163265306 0 15.9319727891156 41.2142857142857 26.9931972789116 0 113.62925170068 101.197278911565 110.227891156463 30.3843537414966 49.1292517006803 0 0 0 0 0 12.4353741496599 0 0 0 0 0 0 0 0 0 81.4183673469388 68.1054421768708 8.00340136054422 0 4.89455782312925 9.51020408163265 16.0578231292517 0 19.5918367346939 0 8.79931972789116 0 0 0 0 0 0 0 0 0 0 366.146258503401 39.3979591836735 18.1802721088435 0 0 0 107.751700680272 0 0 0 0 0 0 0 0 0 0 0 10.5068027210884 0 0 0 0 0 21.312925170068 0 0 0 68.7585034013605 26.2414965986395 28.6224489795918 15.7891156462585 208.28231292517 24.6666666666667 0 34.3877551020408 36.2891156462585 0 0 0 0 0 0 56.7312925170068 13.6190476190476 26.4829931972789 56.608843537415 158.656462585034 0 13.0102040816327 0 0 0 0 0 0 0 0 0 0 0 0 0 0 0 0 0 0 0 0 0 0 0 0 0 0 0 0 0 0 0 0 0 0 0 0 0 0 11.4081632653061 0 0 0 0 0 0 0 0 0 0 0 0 0 0 0 0 0 0 0 0 0 0 0 9.05442176870748 0 0 0 0 0 0 0 0 0 0 0 0 0 0 0 0 0 0 0 0 0 0 0 0 0 0 0 0 0 0 0 0 0 0 0 0 0 0 0 0 0 0 0 0 0 0 0 0 0 0 0 0 0 0 0 0 0 0 0 0
0 0 0 0 0 0 0 1082.37414965986 0 86.2755102040816 33.265306122449 118.037414965986 0 51.8741496598639 0 0 0 0 0 0 0 0 0 0 0 8.59863945578231 0 0 0 0 0 0 0 0 0 384.095238095238 68.5238095238095 58.030612244898 109.687074829932 112.047619047619 0 60.2448979591837 15.1292517006803 37.4047619047619 0 0 37.8537414965986 0 0 0 1823.34693877551 610.091836734694 970.585034013605 259.58843537415 147.34693877551 140.731292517007 0 0 0 0 0 0 0 0 0 0 44.6598639455782 0 0 4.1734693877551 0 0 35.6666666666667 19.2585034013605 8.42517006802721 0 0 72.2517006802721 12.8741496598639 30.8775510204082 0 0 0 0 0 0 0 0 0 0 0 0 0 0 0 61.1462585034014 22.2789115646259 0 72.3299319727891 260.772108843537 53.6428571428571 68.3163265306122 16.3945578231293 35.3775510204082 27.2959183673469 93.656462585034 0 16.7517006802721 11.8605442176871 8.38775510204082 0 0 14.6496598639456 5.95578231292517 13.3707482993197 213.255102040816 93.9489795918367 13.6904761904762 36.6938775510204 207.656462585034 0 0 0 0 0 0 0 0 0 0 18.5850340136054 0 13.1938775510204 0 0 0 13.047619047619 0 0 0 0 0 0 16.2925170068027 0 0 185.595238095238 80.7925170068027 37.969387755102 10.8367346938776 15.891156462585 0 0 0 0 0 0 0 0 0 0 0 0 0 0 0 67.0510204081633 32.1360544217687 4.63945578231293 0 0 0 12.9761904761905 0 16.5068027210884 0 0 0 0 0 0 0 0 0 0 0 0 54.6190476190476 21.6530612244898 0 0 0 0 25.1156462585034 0 0 0 0 0 0 0 0 0 0 0 0 0 0 0 0 0 0 0 0 0 33.9285714285714 15.8843537414966 12.2108843537415 17.4319727891156 28.5510204081633 0 0 0 0 0 0 0 0 0 0 42.5102040816327 14.7789115646259 8.66326530612245 0 14.7619047619048 0 0 0 0 0 0 0 0 0 0 0 0 0 0 0 0 0 0 0 0 0 0 0 0 0 0 0 0 0 0 0 0 0 0 0 0 0 0 0 0 0 0 0 0 0 0 0 0 0 0 0 0 0 0 0 0 0 0 0 0 0 0 0 0 0 0 0 0 0 0 0 0 0 0 0 0 0 0 0 0 0 0 0 0 0 0 0 0 0 0 0 0 0 0 0 0 0 0 0 0 0 0 0 0 0 0 0 0 0 0 0 0 0 0 0 0 0 0 0 0 0 0 0 0 0
0 0 0 0 0 0 0 440.979591836735 86.2755102040816 0 129.06462585034 488.119047619048 0 8.44557823129252 0 0 0 0 0 0 0 0 0 0 0 0 0 0 0 0 0 0 0 0 0 0 0 0 0 11.0612244897959 0 0 21.0714285714286 165.605442176871 0 0 19.0952380952381 0 0 0 74.0068027210884 28.5952380952381 129.071428571429 493.850340136054 81.3639455782313 134.30612244898 0 0 0 0 0 0 0 0 0 0 192.248299319728 0 0 0 0 0 75.187074829932 0 0 0 0 66.5374149659864 0 41.9965986394558 0 0 0 0 0 0 0 0 0 0 0 0 0 0 0 593.748299319728 303.367346938775 0 15.8333333333333 0 0 0 0 0 0 25.7687074829932 0 0 8.37074829931973 0 0 0 0 0 0 0 22.5918367346939 0 0 42.9625850340136 0 0 0 0 0 0 0 0 0 0 0 0 13.1972789115646 0 0 0 17.156462585034 13.7619047619048 0 0 0 0 0 12.3605442176871 11.4659863945578 0 0 12.2074829931973 40.6122448979592 10.9251700680272 22.4251700680272 0 0 0 0 0 0 0 0 0 0 0 0 0 0 0 0 8.06462585034014 0 0 0 0 0 0 0 0 0 0 0 0 0 0 0 0 0 0 0 13.7619047619048 0 16.6768707482993 0 0 0 0 0 0 0 0 0 0 0 0 0 0 0 20.530612244898 0 0 0 0 0 0 0 0 0 0 0 0 0 18.5238095238095 13.6938775510204 0 30.8401360544218 39.3843537414966 0 0 0 0 0 0 0 0 0 14.9115646258503 27.1700680272109 0 0 0 0 0 0 0 0 0 0 0 0 0 0 0 0 0 0 0 0 0 0 0 0 0 0 0 0 0 0 0 0 0 0 0 0 0 0 0 0 14.7721088435374 0 0 0 0 0 0 0 0 0 0 0 0 0 0 0 0 0 0 0 0 0 0 0 0 0 0 0 0 0 0 0 0 0 0 0 0 0 0 0 0 0 0 0 0 0 0 0 0 0 0 0 0 0 0 0 0 0 0 0 0 0 0 0 0 0 0 0 0 0 0 0 0 0 0 0 0 0 0 0 0 0 0 0 0
0 0 0 0 0 0 0 127 33.265306122449 129.06462585034 0 364.996598639456 0 0 0 0 0 0 0 0 0 0 0 0 0 0 0 0 0 0 0 0 0 0 0 0 0 0 0 0 0 0 14.6224489795918 41.0238095238095 0 0 0 0 0 0 26.7789115646259 0 34.734693877551 37.0272108843537 0 193.986394557823 0 0 0 0 0 0 0 0 0 0 129.387755102041 0 0 0 0 0 192.414965986395 40.4931972789116 9.19387755102041 0 0 216.619047619048 68.7789115646258 206.472789115646 30.8265306122449 11.6530612244898 29.5034013605442 0 0 0 0 0 0 0 0 0 0 0 0 42.7721088435374 61.1122448979592 0 18.1020408163265 0 0 0 0 0 0 0 0 0 0 0 0 0 0 0 0 0 0 0 0 0 0 0 0 0 0 0 0 0 0 0 0 0 0 0 0 0 12.6836734693878 0 0 0 0 0 0 0 0 0 0 0 12.8265306122449 0 0 0 0 0 0 0 0 0 0 0 0 0 0 0 0 0 0 0 0 0 0 0 0 0 0 0 0 0 0 0 0 0 0 0 0 0 0 0 0 0 0 0 0 0 0 0 0 0 0 0 0 0 0 0 0 0 0 0 0 0 0 0 0 0 0 0 0 0 0 0 0 0 0 8.2891156462585 0 0 0 0 0 0 0 0 0 0 0 0 0 0 0 0 0 0 0 0 0 0 0 0 0 0 0 0 0 0 0 0 0 0 0 0 0 0 0 0 0 0 0 0 0 0 0 0 0 0 0 0 0 0 0 0 0 0 0 0 0 0 0 0 0 0 0 0 0 0 0 0 0 0 0 0 0 0 0 0 0 0 0 0 0 0 0 0 0 0 0 0 0 0 0 0 0 0 0 0 0 0 0 0 0 0 0 0 0 0 0 0 0 0 0 0 0 0 0 0 0 0 0 0 0 0 0 0 0 0 0 0 0 0 0 0
0 0 0 0 0 0 0 524.700680272109 118.037414965986 488.119047619048 364.996598639456 0 0 0 0 0 0 0 0 0 0 0 0 0 0 23.4761904761905 0 0 0 0 0 0 0 0 0 0 0 0 0 13.1054421768707 0 0 36.8877551020408 135.102040816327 0 0 21.1734693877551 0 0 0 94.8843537414966 32.8163265306122 180.183673469388 162.792517006803 43.9353741496599 294.401360544218 0 0 0 0 0 0 0 0 0 0 301.959183673469 0 0 0 0 0 347.493197278912 51.7040816326531 0 0 0 207.061224489796 88.0408163265306 232.914965986395 40.312925170068 17.6292517006803 44.8163265306122 0 0 0 0 0 0 0 0 0 0 0 0 242.071428571429 237.251700680272 0 32.7006802721088 0 0 0 0 0 0 30.3673469387755 0 17.0102040816327 15.3707482993197 0 0 0 0 0 0 17.3741496598639 32.4081632653061 0 0 46.4931972789116 0 0 0 0 0 0 0 0 0 0 0 0 44.0340136054422 14.3775510204082 0 0 48.7687074829932 27.8231292517007 0 15.0408163265306 0 0 0 18.952380952381 11.5884353741497 0 0 27.4863945578231 62.6190476190476 20.7006802721088 29.0680272108844 0 0 0 0 0 12.2959183673469 0 0 0 0 0 0 0 0 0 0 0 0 0 0 0 0 0 0 0 0 0 0 0 0 0 0 0 0 0 0 9.48299319727891 0 17.7959183673469 0 0 0 0 0 0 0 0 0 0 0 0 0 0 0 30.3639455782313 0 0 0 0 0 0 0 0 0 0 0 0 0 14.1020408163265 14.6428571428571 0 36.1632653061224 46.2925170068027 0 0 0 0 0 0 0 0 0 0 20.4591836734694 0 0 0 0 0 0 0 0 0 0 0 0 0 0 0 0 0 0 0 0 0 0 0 0 0 0 0 0 0 0 0 0 0 0 0 0 0 0 0 0 17.030612244898 0 0 0 0 0 0 0 0 0 0 0 0 0 0 0 0 0 0 0 0 0 0 0 0 0 0 0 0 0 0 0 0 0 0 0 0 0 0 0 0 0 0 0 0 0 0 0 0 0 0 0 0 0 0 0 0 0 0 0 0 0 0 0 0 0 0 0 0 0 0 0 0 0 0 0 0 0 0 0 0 0 0 0 0
893.146258503401 15.4183673469388 251.044217687075 831.867346938776 1062.51020408163 676.234693877551 43.7448979591837 0 0 0 0 0 0 53 41.8945578231293 205.989795918367 74.8299319727891 41.969387755102 252.755102040816 100.700680272109 78.1054421768708 69.9829931972789 0 0 0 0 0 0 0 0 35.9897959183673 0 0 0 0 0 0 0 0 0 0 0 0 0 0 0 0 0 0 0 0 0 0 0 0 0 0 0 0 0 0 0 0 0 0 0 0 0 0 0 0 0 0 0 0 0 0 0 0 0 0 0 0 0 0 0 0 0 0 0 0 0 0 0 0 0 0 0 0 0 0 0 5.95578231292517 0 0 0 7.8843537414966 0 0 0 0 0 0 0 0 0 0 0 13.4183673469388 54.4897959183673 64.8401360544218 10.4047619047619 6.90816326530612 7.92176870748299 22.7210884353741 8.32993197278912 10.7551020408163 13.2244897959184 8.71428571428571 8.3469387755102 20.0170068027211 17.7244897959184 19.9489795918367 15.5612244897959 14.5238095238095 10.7993197278912 10.6768707482993 28.7244897959184 0 0 0 93.6938775510204 55.9455782312925 0 0 37.4455782312925 0 0 0 0 0 206.636054421769 13.4489795918367 12.0544217687075 0 27.2074829931973 13.8197278911565 158.054421768707 60.9761904761905 12.1530612244898 0 0 22.0714285714286 0 0 0 11.1054421768707 0 0 0 0 7.75510204081633 6.18707482993197 0 24.6054421768707 12.1360544217687 13.4557823129252 7.54421768707483 0 0 54.3333333333333 0 10.8027210884354 36.0714285714286 24.9591836734694 0 0 0 0 0 0 0 17.2687074829932 6.8265306122449 16.1156462585034 0 0 0 0 0 0 0 0 0 0 0 0 0 0 0 6.84013605442177 0 0 0 0 0 0 0 0 0 0 0 0 0 0 0 0 0 0 0 0 0 0 0 0 0 0 0 0 0 0 0 0 0 0 0 0 0 0 0 0 0 0 0 0 0 0 0 0 0 0 0 0 0 0 0 0 0 0 0 0 0 0 0 0 0 0 0 0 0 0 0 0 0 0 0 0 0 0 0 0 0 0 0 0 0 0 0 0 20.5986394557823 12.1666666666667 0 0 0 0 0 0 0 0 0 0 0 0 0 0 0 0 0 0 0 0 12.8299319727891 0 0 0 0 0 0 0 0 0 0 0 0 0 0 0 0 0 0 0 0 0 0 0 0 0 0 0 0 0 0 0 0 0 0 0 0 0 0
314.938775510204 0 98.3299319727891 255.982993197279 144.02380952381 34.5272108843537 0 216.176870748299 51.8741496598639 8.44557823129252 0 0 53 0 250.887755102041 14.9897959183673 17.1734693877551 19.7040816326531 6.79251700680272 0 0 0 0 0 0 15.0102040816327 145.65306122449 0 57.2312925170068 192.261904761905 520.527210884354 305.959183673469 266.547619047619 336.972789115646 198.098639455782 63.0680272108844 92.687074829932 245.119047619048 54.4115646258503 346.656462585034 68.1598639455782 41.6224489795918 60.0646258503401 33.0952380952381 103.942176870748 35.4353741496599 23.921768707483 14.187074829932 27.1530612244898 20.3843537414966 66.3299319727891 32.0612244897959 15.4727891156463 27.7959183673469 129.931972789116 0 136.833333333333 172.452380952381 35.8945578231293 33.9761904761905 49.1666666666667 27.2619047619048 15.3231292517007 19.6632653061224 9.65986394557823 0 0 0 44.2857142857143 9.42517006802721 4.57482993197279 20.6802721088435 0 0 0 0 0 0 0 0 0 0 0 0 0 6.68367346938776 7.47959183673469 8.5 0 0 0 0 8.75170068027211 0 0 13.8061224489796 0 0 0 0 0 0 0 7.77891156462585 0 6.53061224489796 0 0 0 0 0 0 0 0 0 0 13.9727891156463 27.2585034013605 65.0034013605442 142.731292517007 158.363945578231 55.3605442176871 0 7.95918367346939 7.59523809523809 81.343537414966 20.4897959183673 0 0 0 15.6530612244898 8.05442176870748 18.7993197278912 12.4285714285714 19.8639455782313 13.2006802721088 10.608843537415 20.3299319727891 0 0 0 117.840136054422 19.4285714285714 0 27.3707482993197 15.2857142857143 13.5442176870748 41.4897959183673 40.530612244898 0 28.9455782312925 47.1598639455782 41.5986394557823 0 10.3231292517007 0 0 9.64625850340136 0 16.4489795918367 151.285714285714 201.520408163265 25.3537414965986 20.2551020408163 0 14.5986394557823 6.74489795918367 0 0 0 0 9.36394557823129 0 0 14.5816326530612 0 0 0 34.578231292517 55.5578231292517 41.1360544217687 0 9.35034013605442 60.2959183673469 19.1938775510204 0 0 77.8027210884354 14.3843537414966 0 0 0 8.90136054421769 106.343537414966 39.6292517006803 0 0 0 0 0 0 0 0 0 0 0 35.8979591836735 0 12.5850340136054 45.7176870748299 43.2959183673469 118.71768707483 29.9455782312925 51.9897959183673 45.2074829931973 22.9489795918367 25.2585034013605 60.6632653061224 15.8027210884354 81.6802721088435 23.9931972789116 10.3945578231293 16.547619047619 0 23.8571428571429 6.41156462585034 9.63945578231293 0 0 0 23.6836734693878 9.09523809523809 0 11.5680272108844 38.7891156462585 0 51.2210884353741 0 0 0 0 0 0 0 0 0 0 0 0 0 0 0 0 0 0 0 0 0 0 0 0 0 0 0 0 0 0 0 0 0 0 0 0 0 0 0 0 0 0 0 0 0 0 0 0 0 0 0 0 0 0 0 0 0 0 0 0 0 0 16.0884353741497 10.8197278911565 0 0 0 0 0 0 0 0 0 0 0 0 0 0 0 0 0 0 0 0 14.0238095238095 0 0 0 0 0 0 0 0 0 0 0 0 0 0 0 0 0 0 18.1292517006803 34.6122448979592 0 0 0 0 0 0 0 0 0 0 0 0 0 0 0 0 0 0
271.829931972789 0 209.353741496599 255.605442176871 85.6598639455782 26.6904761904762 0 0 0 0 0 0 41.8945578231293 250.887755102041 0 40.9489795918367 105.061224489796 17.2687074829932 25.7108843537415 0 0 0 0 9.72108843537415 0 15.6768707482993 152.343537414966 0 318.292517006803 624.972789115646 717.112244897959 24.9829931972789 160.047619047619 76.0034013605442 124.887755102041 0 22.8571428571429 72.2380952380952 0 26.6462585034014 26.1020408163265 0 23.8333333333333 22.9761904761905 179.710884353742 221.438775510204 0 26.4829931972789 77.421768707483 122.489795918367 0 0 0 0 0 0 19.6360544217687 11.5102040816327 13.3027210884354 28.5204081632653 7.81632653061224 0 9.23469387755102 0 0 0 0 0 14.6190476190476 7.25850340136054 0 0 0 0 0 0 0 0 0 0 0 0 0 0 0 0 0 0 0 0 0 0 0 0 0 21.0408163265306 0 0 0 0 0 0 7.20068027210884 8.78231292517007 0 7.95238095238095 0 0 0 0 0 0 0 0 0 0 0 9.15986394557823 29.1768707482993 58.5 124.860544217687 23.2278911564626 0 12.6938775510204 13.5340136054422 23.1530612244898 10.6632653061224 6.56462585034014 0 0 13.0510204081633 9.29251700680272 21.6394557823129 12.6394557823129 12.3061224489796 13.030612244898 0 26.9251700680272 0 0 0 485.132653061225 46.6292517006803 0 58.7619047619048 57.8197278911565 0 16.0986394557823 34.7993197278912 0 45.1666666666667 108.945578231293 12.1190476190476 0 6.24149659863946 0 0 22.6632653061224 12.0680272108844 9.01360544217687 196.163265306122 52.4489795918367 9.1734693877551 0 0 0 11.4557823129252 0 0 0 0 6.26190476190476 9.03061224489796 10.8537414965986 25.0272108843537 0 0 0 16.4081632653061 9.50340136054422 53.4931972789116 0 16.3945578231293 39.2006802721088 25.047619047619 0 0 0 0 0 0 0 17.9829931972789 36.5680272108844 134.074829931973 0 9.02040816326531 0 0 0 0 0 0 0 0 0 47.3265306122449 0 34.5408163265306 103.673469387755 50.4183673469388 0 18.4081632653061 0 20.6122448979592 0 7.27551020408163 14.030612244898 7.00340136054422 0 0 9.97959183673469 0 0 30.4795918367347 20.1836734693878 12.0952380952381 8.54081632653061 12.1156462585034 15.8775510204082 0 0 0 0 0 0 0 0 0 0 0 0 0 0 0 0 0 0 0 0 0 0 0 0 0 0 0 0 0 0 0 0 0 0 0 0 0 0 0 0 0 0 0 0 0 0 0 0 0 0 0 0 0 0 0 0 0 0 0 0 0 0 0 0 0 0 0 0 0 28.0102040816327 11.5612244897959 0 0 0 0 0 0 0 0 0 0 0 9.61224489795918 0 0 0 0 0 0 0 0 33.3469387755102 10.1836734693878 0 17.343537414966 0 0 0 11.1768707482993 0 13.7074829931973 14.7721088435374 0 0 0 0 0 0 0 0 23.0102040816327 12.2448979591837 0 0 0 0 0 0 0 0 0 0 0 0 0 0 0 0 0 0
83.156462585034 0 120.503401360544 69.9965986394558 116.676870748299 108.095238095238 0 0 0 0 0 0 205.989795918367 14.9897959183673 40.9489795918367 0 199.792517006803 20.9931972789116 207.738095238095 31.6904761904762 26.3367346938776 0 0 0 0 0 0 0 0 0 13.2448979591837 0 0 0 0 0 0 0 0 0 0 0 0 0 0 24.9183673469388 0 0 0 39.2448979591837 0 0 0 0 0 0 0 0 0 0 0 0 0 0 0 0 0 0 0 0 0 0 0 0 0 0 0 0 0 0 0 0 0 0 0 0 0 0 0 0 0 0 0 0 0 0 0 0 0 0 0 0 0 0 0 0 0 0 0 0 0 0 0 0 0 0 0 0 0 15.7585034013605 12.7789115646259 0 0 0 7.56802721088435 0 0 0 0 0 0 0 7.22108843537415 0 0 0 0 15.7891156462585 0 0 0 116.251700680272 53.2278911564626 0 0 78.7755102040816 0 0 0 0 0 218.87074829932 0 0 0 0 0 78.4319727891156 35.0408163265306 0 0 0 0 0 0 0 0 0 0 0 0 0 0 0 10.0238095238095 0 0 0 0 0 0 0 0 0 0 0 0 0 0 0 0 0 0 0 0 0 0 0 0 0 0 0 0 0 0 0 0 0 0 0 0 0 0 0 0 0 0 0 0 0 0 0 0 0 0 0 0 0 0 0 0 0 0 0 0 0 0 0 0 0 0 0 0 0 0 0 0 0 0 0 0 0 0 0 0 0 0 0 0 0 0 0 0 0 0 0 0 0 0 0 0 0 0 0 0 0 0 0 0 0 0 0 0 0 0 0 0 0 0 0 0 0 0 0 0 0 0 0 0 0 0 0 0 0 0 0 0 0 0 0 0 0 0 0 0 0 0 0 0 0 0 0 0 0 0 0 0 0 0 0 0 0 0 0 0 0 0 0 0 0 0 0 0 0 0 0 0 0 0 0 0 0 0 0 0 0 0 0 0 0
37.7959183673469 0 52.8945578231293 35.3775510204082 30.5918367346939 40.1904761904762 0 0 0 0 0 0 74.8299319727891 17.1734693877551 105.061224489796 199.792517006803 0 16.2891156462585 90.5646258503401 0 0 0 0 0 0 0 0 0 20.7755102040816 0 25.2551020408163 0 0 0 0 0 0 0 0 0 0 0 0 0 27.7789115646259 143.452380952381 0 36.765306122449 66.6020408163265 297.289115646258 0 0 0 0 0 0 0 0 0 0 0 0 0 0 0 0 0 0 0 0 0 0 0 0 0 0 0 0 0 0 0 0 0 0 0 0 0 0 0 0 0 0 0 0 0 10.312925170068 0 0 0 0 0 0 0 0 0 0 0 0 0 0 0 0 0 0 0 0 0 0 0 16.3537414965986 11.6530612244898 0 0 0 6.74829931972789 0 0 0 0 0 0 0 0 0 0 0 0 15.6292517006803 0 0 15.5816326530612 201.704081632653 145.571428571429 0 120.095238095238 251.493197278912 0 0 0 0 78.9727891156463 235.115646258503 0 0 0 0 0 55.765306122449 23.312925170068 0 0 0 0 0 0 0 0 0 0 0 0 0 0 0 10.9183673469388 0 0 0 0 0 0 0 0 0 0 0 0 0 0 0 0 0 0 0 7.95578231292517 0 0 0 0 0 0 0 0 0 0 0 0 0 0 0 0 0 0 0 0 0 0 0 0 0 0 0 0 0 0 0 0 0 0 0 0 0 0 0 0 0 0 0 0 0 0 0 0 0 0 0 0 0 0 0 0 0 0 0 0 0 0 0 0 0 0 0 0 0 0 0 0 0 0 0 0 0 0 0 0 0 0 0 0 0 0 0 0 0 0 0 0 0 0 0 0 0 0 0 0 0 0 0 0 0 0 0 0 0 0 0 0 0 0 0 0 0 0 0 0 0 0 0 0 0 0 0 0 0 0 0 0 0 0 0 0 0 0 0 0 0 0 0 0 0 0 0 0 0 0 0 0 0 0 0 0 0 0 0 0 0 0 0 0 0
246.210884353742 54.9965986394558 12.3979591836735 491 557.78231292517 526.380952380952 616.343537414966 10.0102040816327 0 0 0 0 41.969387755102 19.7040816326531 17.2687074829932 20.9931972789116 16.2891156462585 0 25.5680272108844 61.1258503401361 161.329931972789 342.632653061225 47.9795918367347 0 0 0 0 0 0 0 16.0408163265306 0 0 0 0 0 0 0 0 0 0 0 0 0 0 0 0 0 0 0 0 0 0 0 0 0 0 0 0 0 0 0 0 0 0 0 19.4897959183673 0 0 0 0 0 14.4863945578231 0 0 0 0 0 0 0 0 0 0 0 0 0 0 0 0 0 0 0 0 0 0 0 0 0 0 0 0 0 0 0 0 0 0 0 0 0 0 0 0 0 0 0 0 36.0612244897959 43.2482993197279 173.469387755102 36.1666666666667 136.755102040816 0 0 0 189.227891156463 426.646258503401 0 0 0 57.7789115646259 26.1734693877551 203.071428571429 222.163265306122 807.928571428571 957.200680272109 86.1428571428571 980.557823129252 0 0 29.8775510204082 16.265306122449 124.795918367347 0 0 31.4727891156463 0 0 0 30.3809523809524 71.9625850340136 21.3469387755102 112.561224489796 211.28231292517 78.5204081632653 89.1768707482993 144.724489795918 70.6904761904762 70.1632653061225 192.081632653061 0 0 1166.68367346939 0 0 0 6.01700680272109 0 0 0 0 81.6530612244898 0 0 0 7.77891156462585 24.5748299319728 0 0 0 32.3843537414966 0 0 59.578231292517 30.1632653061224 0 0 0 0 0 0 0 0 0 0 0 0 14.8333333333333 0 0 0 0 0 0 0 0 0 0 0 0 0 0 0 0 0 0 0 0 0 0 0 0 0 0 0 0 0 0 0 0 0 0 0 0 0 0 0 0 0 0 0 0 0 0 0 0 0 0 0 0 0 0 0 0 0 0 0 0 0 0 0 0 0 0 0 0 0 0 0 0 0 0 0 0 0 0 0 0 0 0 0 0 0 0 0 0 0 0 0 0 0 0 0 0 0 0 0 11.2687074829932 0 0 0 0 0 0 0 0 0 0 0 0 0 0 0 0 0 0 0 0 0 0 0 0 0 0 0 0 0 0 0 0 0 0 0 0 0 0 0 0 0 0 0 0 12.9489795918367 0 0 0 0 0 0 0 0 0 0 0 0 0 0 0 0 0
56.9727891156463 0 56.0272108843537 58.6224489795918 106.724489795918 288.520408163265 20.3605442176871 0 0 0 0 0 252.755102040816 6.79251700680272 25.7108843537415 207.738095238095 90.5646258503401 25.5680272108844 0 55.9523809523809 39.0340136054422 30.2244897959184 0 0 0 0 0 0 0 0 8.10204081632653 0 0 0 0 0 0 0 0 0 0 0 0 0 0 14.5850340136054 0 0 0 26.6326530612245 0 0 0 0 0 0 0 0 0 0 0 0 0 0 0 0 0 0 0 0 0 0 0 0 0 0 0 0 0 0 0 0 0 0 0 0 0 0 0 0 0 0 0 0 0 0 0 0 0 0 0 0 0 0 0 0 0 0 0 0 0 0 0 0 0 0 0 0 0 8.79251700680272 0 0 0 0 0 0 0 0 0 0 0 0 0 0 0 0 0 16.2993197278912 0 0 0 45.469387755102 191.687074829932 0 0 151.459183673469 0 0 0 0 0 125.925170068027 0 0 0 17.8299319727891 0 256.170068027211 50.7448979591837 0 0 0 11.3095238095238 0 0 0 0 0 0 0 0 0 0 0 0 0 0 0 0 0 0 0 0 0 0 0 0 0 0 0 0 0 0 0 0 0 0 0 0 0 0 0 0 0 0 0 0 0 0 0 0 0 0 0 0 0 0 0 0 0 0 0 0 0 0 0 0 0 0 0 0 0 0 0 0 0 0 0 0 0 0 0 0 0 0 0 0 0 0 0 0 0 0 0 0 0 0 0 0 0 0 0 0 0 0 0 0 0 0 0 0 0 0 0 0 0 0 0 0 0 0 0 0 0 0 0 0 0 0 0 0 0 0 0 0 0 0 0 0 0 0 0 0 0 0 0 0 0 0 0 0 0 0 0 0 0 0 0 0 0 0 0 0 0 0 0 0 0 0 0 0 0 0 0 0 0 0 0 0 0 0 0 0 0 0 0 0 0 0 0 0 0 0 0 0 0 0 0 0 0
183.112244897959 49.9115646258503 16.8401360544218 112.921768707483 227.258503401361 573.190476190476 33.6904761904762 0 0 0 0 0 100.700680272109 0 0 31.6904761904762 0 61.1258503401361 55.9523809523809 0 234.319727891156 99.656462585034 114.006802721088 0 0 0 0 0 0 0 0 0 0 0 0 0 0 0 0 0 0 0 0 0 0 0 0 0 0 0 0 0 0 0 0 0 0 0 0 0 0 0 0 0 0 0 0 0 0 0 0 0 0 0 0 0 0 0 0 0 0 0 0 0 0 0 0 0 0 0 0 0 0 0 0 0 0 0 0 0 0 0 0 0 0 0 0 0 0 0 0 0 0 0 0 0 0 0 0 12.030612244898 0 0 0 0 0 0 0 0 0 0 6.73809523809524 6.91496598639456 10.8707482993197 8.11904761904762 10.765306122449 11.9319727891156 0 56.5578231292517 0 0 0 0 101.955782312925 0 0 32.0068027210884 0 0 0 0 0 25.108843537415 0 0 0 160.69387755102 46.7993197278912 260.119047619048 270.993197278912 0 0 0 21.9795918367347 0 0 0 0 0 0 0 0 0 0 0 0 0 0 0 0 0 0 0 0 0 0 0 0 0 0 0 0 0 0 0 0 0 0 0 0 0 0 0 0 0 0 0 0 0 0 0 0 0 0 0 0 0 0 0 0 0 0 0 0 0 0 0 0 0 0 0 0 0 0 0 0 0 0 0 0 0 0 0 0 0 0 0 0 0 0 0 0 0 0 0 0 0 0 0 0 0 0 0 0 0 0 0 0 0 0 0 0 0 0 0 0 0 0 0 0 0 0 0 0 0 0 0 0 0 0 0 0 0 0 0 0 0 0 0 0 0 0 0 0 0 0 0 0 0 0 0 0 0 0 0 0 0 0 0 0 0 0 0 0 0 0 0 0 0 0 0 0 0 0 0 0 0 0 0 0 0 0 0 0 0 0 0 0 0 0 0 0 0 0 0 0 0 0 0 0 0
230.006802721088 93.6020408163265 16.2993197278912 138.530612244898 275.465986394558 605.357142857143 60.8537414965986 0 0 0 0 0 78.1054421768708 0 0 26.3367346938776 0 161.329931972789 39.0340136054422 234.319727891156 0 245.761904761905 77.4557823129252 0 0 0 0 0 0 0 0 0 0 0 0 0 0 0 0 0 0 0 0 0 0 0 0 0 0 0 0 0 0 0 0 0 0 0 0 0 0 0 0 0 0 0 0 0 0 0 0 0 0 0 0 0 0 0 0 0 0 0 0 0 0 0 0 0 0 0 0 0 0 0 0 0 0 0 0 0 0 0 0 0 0 0 0 0 0 0 0 0 0 0 0 0 0 0 0 18.2959183673469 0 8.98639455782313 0 0 0 0 19.2619047619048 0 0 0 14.265306122449 13.2551020408163 21.1836734693878 18.9047619047619 30.3061224489796 33.8877551020408 0 237.204081632653 0 0 0 12.5238095238095 74.4319727891156 0 0 24.3163265306122 0 0 0 0 0 21.3163265306122 0 19.2551020408163 0 194.210884353742 127.602040816327 137.255102040816 109.146258503401 20.6700680272109 0 0 46.2142857142857 0 0 0 0 0 0 0 0 9.14285714285714 0 0 0 5.94897959183673 0 0 0 0 0 0 0 0 0 0 0 0 0 0 0 0 0 0 0 0 0 0 0 0 0 0 0 0 0 0 0 0 0 0 0 0 0 0 0 0 0 0 0 0 0 0 0 0 0 0 0 0 0 0 0 0 0 0 0 0 0 0 0 0 0 0 0 0 0 0 0 0 0 0 0 0 0 0 0 0 0 0 0 0 0 0 0 0 0 0 0 0 0 0 0 0 0 0 0 0 0 0 0 0 0 0 0 0 0 0 0 0 0 0 0 0 0 0 0 0 0 0 0 0 0 0 0 0 0 0 0 0 0 0 0 0 0 0 0 0 0 0 0 0 0 0 0 0 0 0 0 0 0 0 0 0 0 0 0 0 0 0 0 0 0 0 0 0 0 0 0 0 0 0 0 0 0 0 0 0 0 0 0 0
254.65306122449 0 0 230.095238095238 375.673469387755 709.404761904762 207.285714285714 0 0 0 0 0 69.9829931972789 0 0 0 0 342.632653061225 30.2244897959184 99.656462585034 245.761904761905 0 0 0 0 0 0 0 0 0 0 0 0 0 0 0 0 0 0 0 0 0 0 0 0 0 0 0 0 0 0 0 0 0 0 0 0 0 0 0 0 0 0 0 0 0 0 0 0 0 0 0 0 0 0 0 0 0 0 0 0 0 0 0 0 0 0 0 0 0 0 0 0 0 0 0 0 0 0 0 0 0 0 0 0 0 0 0 0 0 0 0 0 0 0 0 0 0 0 22.9183673469388 0 13.0816326530612 0 0 0 16.7517006802721 34.3231292517007 0 0 0 14.8741496598639 12.5 26.2891156462585 27.4795918367347 47.0408163265306 61.2176870748299 0 243.58843537415 0 0 0 0 50.8265306122449 0 0 0 0 0 0 0 0 0 20.1190476190476 40.6632653061224 0 100.853741496599 68.0646258503401 87.7210884353742 44.6734693877551 39.5986394557823 0 0 116.571428571429 0 0 0 0 0 0 0 0 11.5680272108844 0 0 0 0 0 0 0 0 0 0 0 0 0 0 0 0 0 0 0 0 0 0 0 0 0 0 0 0 0 0 0 0 0 0 0 0 0 0 0 0 0 0 0 0 0 0 0 0 0 0 0 0 0 0 0 0 0 0 0 0 0 0 0 0 0 0 0 0 0 0 0 0 0 0 0 0 0 0 0 0 0 0 0 0 0 0 0 0 0 0 0 0 0 0 0 0 0 0 0 0 0 0 0 0 0 0 0 0 0 0 0 0 0 0 0 0 0 0 0 0 0 0 0 0 0 0 0 0 0 0 0 0 0 0 0 0 0 0 0 0 0 0 0 0 0 0 0 0 0 0 0 0 0 0 0 0 0 0 0 0 0 0 0 0 0 0 0 0 0 0 0 0 0 0 0 0 0 0 0 0 0 0 0 0 0 0 0 0
0 188.166666666667 0 0 0 59.6938775510204 0 0 0 0 0 0 0 0 0 0 0 47.9795918367347 0 114.006802721088 77.4557823129252 0 0 0 0 0 0 0 0 0 0 0 0 0 0 0 0 0 0 0 0 0 0 0 0 0 0 0 0 0 0 0 0 0 0 0 0 0 0 0 0 0 0 0 0 0 0 0 0 0 0 0 0 0 0 0 0 0 0 0 0 0 0 0 0 0 0 0 0 0 0 0 0 0 0 0 0 0 0 0 0 0 0 0 0 0 0 0 0 0 0 0 0 0 0 0 0 0 0 8.82312925170068 0 0 0 0 7.03741496598639 0 0 0 0 0 7.93197278911565 9.08503401360544 28.4897959183673 12.6190476190476 12.9659863945578 18.5034013605442 57.6224489795918 97.5986394557823 0 92.0544217687075 146.639455782313 0 109.074829931973 0 0 20.2789115646259 0 0 0 80.3571428571429 60.2517006802721 0 0 0 0 99.8843537414966 123.632653061224 41.734693877551 191.80612244898 0 0 0 0 0 0 0 0 0 0 0 0 0 0 0 0 0 8.12585034013605 0 0 0 0 0 0 0 0 0 0 0 0 0 0 0 0 0 0 0 0 0 0 0 0 0 0 0 0 0 0 0 0 0 0 0 0 0 0 0 0 0 0 0 0 0 0 0 0 0 0 0 0 0 0 0 0 0 0 0 0 0 0 0 0 0 0 0 0 0 0 0 0 0 0 0 0 0 0 0 0 0 0 0 0 0 0 0 0 0 0 0 0 0 0 0 0 0 0 0 0 0 0 0 0 0 0 0 0 0 0 0 0 0 0 0 0 0 0 0 0 0 0 0 0 0 0 0 0 0 0 0 0 0 0 0 0 0 0 0 0 0 0 0 0 0 0 0 0 0 0 0 0 0 0 0 0 0 0 0 0 0 0 0 0 0 0 0 0 0 0 0 0 0 0 0 0 0 0 0 0 0 0 0
0 0 0 0 0 0 0 0 0 0 0 0 0 0 9.72108843537415 0 0 0 0 0 0 0 0 0 26.3367346938776 0 0 0 0 0 0 0 0 0 0 0 0 0 0 0 0 15.7142857142857 0 0 13.9285714285714 6.62244897959184 20.452380952381 11.1326530612245 14.5102040816327 0 23.469387755102 0 0 0 0 0 0 0 0 0 0 0 0 0 0 0 0 0 0 0 0 0 0 0 0 0 0 0 0 0 0 0 0 0 0 0 0 0 0 0 0 0 0 0 0 0 0 0 19.2006802721088 56.6190476190476 87.5204081632653 62.6326530612245 167.244897959184 137.074829931973 58.1734693877551 40.9353741496599 57.9965986394558 9.54421768707483 0 0 0 0 0 0 0 0 0 0 0 25.921768707483 0 0 0 189.765306122449 74.5510204081633 0 0 26.2755102040816 0 0 0 0 0 0 0 0 0 0 0 0 0 0 0 0 0 0 33.9557823129252 50.3197278911565 18.2414965986395 0 13.187074829932 0 0 0 0 0 0 0 0 0 0 0 0 0 0 0 73.4013605442177 55.4013605442177 0 0 0 0 257.207482993197 226.768707482993 238.275510204082 0 0 15.9047619047619 0 0 0 0 0 0 0 0 0 0 0 0 0 0 0 0 0 0 0 0 0 0 0 0 0 0 0 0 0 0 0 0 0 0 0 0 0 0 0 0 0 0 0 0 0 0 0 0 0 0 0 0 0 0 0 0 0 0 0 0 0 0 0 0 0 0 0 0 0 0 0 0 0 0 0 0 0 0 0 0 0 0 0 0 0 0 0 0 0 0 0 0 0 0 0 0 0 0 0 0 0 0 0 0 0 0 0 0 0 0 0 0 0 0 0 0 0 0 0 0 0 0 0 0 0 0 0 0 0 0 0 0 0 0 0 0 0 0 0 0 0 0 0 0 0 0 0 0 0 0 0 0 0 0 0 0 0 0 0 0 0 0 0 0 0 0 0 0 0 0 0 0 0 0 0 0 0 0 0 0 0 0
