0 80.2414965986395 678.384353741497 8540.38775510204 4486.75510204082 1637.18707482993 187.91156462585 0 0 0 0 0 1042.62585034014 406.06462585034 75.2789115646258 106.768707482993 45.687074829932 210.017006802721 70.5272108843537 172.527210884354 268.183673469388 278.557823129252 0 0 0 0 0 0 0 0 86.5578231292517 0 0 0 0 0 0 0 0 0 0 0 0 0 0 0 0 0 0 0 0 0 0 0 0 0 0 0 0 0 0 0 0 0 0 0 10.7448979591837 0 0 0 0 0 6.79591836734694 0 0 0 32.1836734693878 0 0 0 0 0 0 0 0 0 0 0 0 0 36.2108843537415 20.2959183673469 0 0 0 0 0 0 0 0 0 0 163.707482993197 0 0 31.7585034013605 41.8809523809524 0 0 75.2517006802721 0 32.7108843537415 0 0 0 0 0 0 122.472789115646 1184.35034013605 951.173469387755 59.8809523809524 91.5510204081633 29.6972789115646 101.122448979592 104.183673469388 178.112244897959 198.744897959184 144.234693877551 104.41156462585 544.061224489796 390.938775510204 225.289115646258 460.34693877551 375.921768707483 232.292517006803 58.4081632653061 224.78231292517 0 0 0 208.363945578231 100.959183673469 0 0 41.0748299319728 0 0 11.452380952381 14.1734693877551 27.7040816326531 135.255102040816 456.455782312925 105.993197278912 68.7789115646258 113.040816326531 97.2789115646258 120.244897959184 138.275510204082 475.41156462585 0 0 164.727891156463 0 0 0 227.299319727891 0 0 0 0 220.727891156463 26.234693877551 0 81.6054421768708 311.734693877551 232.554421768707 142.489795918367 0 0 283.527210884354 0 58.6666666666667 171.258503401361 141.200680272109 44 0 0 0 0 0 0 142.819727891156 52.7448979591837 89.3333333333333 38.5986394557823 42.9897959183673 0 0 0 0 0 0 0 0 0 0 0 0 0 29.7891156462585 0 0 0 0 0 0 0 0 0 0 0 0 0 0 24.4251700680272 0 0 0 30.312925170068 0 0 0 0 0 0 0 0 0 0 0 0 0 0 0 0 0 0 0 0 0 0 0 0 0 0 0 0 0 0 0 0 0 0 0 0 0 0 0 0 0 0 0 0 0 0 0 0 0 0 0 0 0 0 0 0 0 0 0 0 0 0 0 0 0 0 0 0 0 174.462585034014 95.2891156462585 0 0 0 0 0 0 0 0 0 0 0 0 0 0 0 0 42.969387755102 0 0 0 94.0612244897959 39.8809523809524 0 30.2823129251701 0 0 0 0 0 35.7619047619048 62.3945578231293 0 0 0 0 0 0 0 0 0 0 0 0 0 0 0 0 0 0 0 0 0 0 0 0 0 0 0 0
80.2414965986395 0 0 0 0 0 0 21.156462585034 0 0 0 0 0 0 0 0 0 0 0 0 0 0 79.8775510204082 0 0 0 0 0 0 0 0 0 0 0 0 0 0 0 0 0 0 0 0 0 0 0 0 0 0 0 0 0 0 0 0 0 0 0 0 0 0 0 0 0 0 0 48.0442176870748 0 0 0 0 0 34.8605442176871 0 0 0 0 0 0 0 0 0 0 0 0 0 0 0 0 0 0 0 0 0 0 0 18.5408163265306 0 0 0 0 0 14.5068027210884 0 0 0 0 0 0 0 0 0 0 0 0 0 0 0 0 31.9965986394558 0 0 0 0 0 0 0 14.3741496598639 21.530612244898 14.2959183673469 24.7312925170068 22.7312925170068 59.1598639455782 37.7006802721088 30.5136054421769 43.4353741496599 77.2482993197279 114.010204081633 0 61.2210884353741 86.6054421768708 0 126.789115646259 0 0 29.0578231292517 0 0 43.734693877551 77.3775510204082 147.520408163265 0 0 0 0 41.9863945578231 122.482993197279 0 75.3945578231292 0 0 0 0 0 0 0 0 0 0 0 0 11.4387755102041 0 0 0 19.4727891156463 24.3707482993197 0 0 0 0 0 0 0 0 0 0 0 0 0 0 0 0 0 0 0 0 0 0 0 0 0 0 0 0 0 0 0 0 0 0 0 0 0 0 0 0 0 0 0 0 0 0 0 0 0 0 0 0 0 0 0 0 0 0 0 0 0 0 0 0 0 0 0 0 0 0 0 0 0 0 0 0 0 0 0 0 0 0 0 0 0 0 0 0 0 0 0 0 0 0 0 0 0 0 0 0 0 0 0 0 0 0 0 0 0 0 0 0 0 0 0 0 0 0 0 0 0 0 0 0 0 0 0 0 0 0 0 0 0 0 0 0 0 0 0 0 0 0 0 0 0 0 0 0 0 0 0 0 0 0 0 0 0 0 0 0 0 0 0 0 0 0 0 0 0 0 0 0 0 0 0 0 0 0 0 0 0 0 0
678.384353741497 0 0 620.374149659864 421.316326530612 172.826530612245 0 0 0 0 0 0 242.289115646258 140.829931972789 47.4829931972789 99.5068027210884 0 29.7074829931973 0 29.8265306122449 42.4557823129252 43.7482993197279 0 0 0 0 0 0 0 0 52.9183673469388 0 0 0 0 0 0 0 0 0 0 0 0 0 0 0 0 0 0 0 0 0 0 0 0 0 0 0 0 0 0 0 0 0 0 0 0 0 0 0 0 0 0 0 0 0 0 0 0 0 0 0 0 0 0 0 0 0 0 0 0 0 0 0 0 0 0 0 0 0 0 0 22.0544217687075 0 0 0 0 0 0 0 0 0 0 0 0 0 0 0 14.7857142857143 90.8775510204082 92.2551020408163 0 0 0 13.687074829932 0 0 13.7142857142857 18.0374149659864 0 15.8571428571429 12.108843537415 17.7448979591837 17.0102040816327 0 0 0 23.4251700680272 0 0 0 231.43537414966 0 0 0 0 0 0 0 0 0 138.622448979592 0 0 0 0 0 48.421768707483 0 23.0272108843537 0 0 0 0 0 0 15.0748299319728 0 0 0 0 0 0 0 18.6768707482993 12.3027210884354 0 0 0 0 45.2721088435374 0 0 28.2755102040816 28.187074829932 0 0 0 0 0 0 0 0 17.6462585034014 27.3707482993197 0 0 0 0 0 0 0 0 0 0 0 0 0 0 0 0 0 0 0 0 0 0 0 0 0 0 0 0 0 0 0 0 0 0 0 0 0 0 0 0 0 0 0 0 0 0 0 0 0 0 0 0 0 0 0 0 0 0 0 0 0 0 0 0 0 0 0 0 0 0 0 0 0 0 0 0 0 0 0 0 0 0 0 0 0 0 0 0 0 0 0 0 0 0 0 0 0 0 0 0 0 0 0 0 38.2823129251701 21.8095238095238 0 0 0 0 0 0 0 0 0 0 0 0 0 0 0 0 0 0 0 0 27.812925170068 0 0 0 0 0 0 0 0 0 0 0 0 0 0 0 0 0 0 0 0 0 0 0 0 0 0 0 0 0 0 0 0 0 0 0 0 0 0
8540.38775510204 0 620.374149659864 0 3693.84693877551 1563.8537414966 159.887755102041 0 0 0 0 0 836.62925170068 311.149659863946 57.578231292517 87.9387755102041 38.0442176870748 151.707482993197 64.5510204081633 98.5714285714286 158.673469387755 203.707482993197 0 0 0 0 0 0 0 0 87.4829931972789 0 0 0 0 0 0 0 0 0 0 0 0 0 0 0 0 0 0 0 0 0 0 0 0 0 0 0 0 0 0 0 0 0 0 0 0 0 0 0 0 0 0 0 0 0 17.2857142857143 0 0 0 0 0 0 0 0 0 0 0 0 0 0 0 0 0 0 0 0 0 0 0 0 0 90.312925170068 0 0 16.5340136054422 21.1224489795918 0 0 42.0918367346939 0 0 0 0 0 0 0 13.5170068027211 86.9081632653061 673.285714285714 585.5 50.5340136054422 46.4625850340136 19.2142857142857 53.4591836734694 172.738095238095 141.166666666667 100.421768707483 83.1054421768708 54.2993197278912 303.251700680272 203.30612244898 123.857142857143 266.380952380952 264.319727891156 145.28231292517 34.8503401360544 141.799319727891 0 0 0 189.28231292517 63.9285714285714 0 0 29.3775510204082 0 0 0 0 19.9285714285714 112.948979591837 446.326530612245 108.166666666667 53.2551020408163 46.9489795918367 45.3707482993197 92.7959183673469 56.969387755102 389.380952380952 0 0 147.867346938776 0 0 0 117.527210884354 0 0 0 0 137.414965986395 16.047619047619 0 48.0170068027211 157.605442176871 122.687074829932 72.6428571428571 0 0 176.826530612245 0 38.2993197278912 140.979591836735 88.9013605442177 27.0850340136054 0 0 0 0 0 0 91.8265306122449 37.8775510204082 56.7040816326531 0 26.3877551020408 0 0 0 0 0 0 0 0 0 0 0 0 0 21.312925170068 0 0 0 0 0 0 0 0 0 0 0 0 0 0 0 0 0 0 18.734693877551 0 0 0 0 0 0 0 0 0 0 0 0 0 0 0 0 0 0 0 0 0 0 0 0 0 0 0 0 0 0 0 0 0 0 0 0 0 0 0 0 0 0 0 0 0 0 0 0 0 0 0 0 0 0 0 0 0 0 0 0 0 0 0 0 0 0 0 0 0 115.595238095238 62.2959183673469 0 0 0 0 0 0 0 0 0 0 0 0 0 0 0 0 25.9285714285714 0 0 0 62.3027210884354 25.1802721088435 0 18.734693877551 0 0 0 0 0 0 38.8741496598639 21.9251700680272 0 0 0 0 0 0 0 0 0 0 0 0 0 0 0 0 0 0 0 0 0 0 0 0 0 0 0
4486.75510204082 0 421.316326530612 3693.84693877551 0 2453.75170068027 233.734693877551 0 0 0 0 0 988.84693877551 302.914965986395 50.3707482993197 105.340136054422 34.2959183673469 177.122448979592 90.030612244898 170.568027210884 275.959183673469 344.030612244898 0 0 0 0 0 0 0 0 68.1326530612245 0 0 0 0 0 0 0 0 0 0 0 0 0 0 0 0 0 0 0 0 0 0 0 0 0 0 0 0 0 0 0 0 0 0 0 15.4251700680272 0 0 0 0 0 0 0 0 0 0 0 0 0 0 0 0 0 0 0 0 0 0 0 0 0 0 0 0 0 0 0 0 0 0 0 94.4047619047619 0 0 12.8843537414966 20.3401360544218 0 0 29.9761904761905 0 0 0 0 0 0 0 0 57.3639455782313 525.251700680272 339.605442176871 30.2414965986395 35.7891156462585 25.4761904761905 59.5816326530612 46.2789115646259 129.700680272109 90.8639455782313 91.9489795918367 52.8673469387755 222.843537414966 157.697278911565 115.646258503401 205.142857142857 208.561224489796 118.190476190476 36.7278911564626 140.554421768707 0 0 0 182.557823129252 46.5816326530612 0 0 19.4387755102041 0 0 0 0 14.9591836734694 100.044217687075 197.207482993197 119.227891156463 29.4829931972789 69.9387755102041 44.9353741496599 142.010204081633 69.6598639455782 333.894557823129 0 0 161.312925170068 0 0 0 104.340136054422 0 0 0 0 98.9013605442177 19.7006802721088 16.9659863945578 59.7040816326531 128.710884353742 107.700680272109 60.5340136054422 0 0 148.394557823129 0 40.2755102040816 93.7687074829932 88.7176870748299 0 0 0 0 0 0 0 95.2857142857143 37.7993197278912 63.7482993197279 25.8061224489796 29.5204081632653 0 0 0 0 0 0 0 0 0 0 0 0 0 22.2380952380952 0 0 0 0 0 0 0 0 0 0 0 0 0 0 0 0 0 0 21.2312925170068 0 0 0 0 0 0 0 0 0 0 0 0 0 0 0 0 0 0 0 0 0 0 0 0 0 0 0 0 0 0 0 0 0 0 0 0 0 0 0 0 0 0 0 0 0 0 0 0 0 0 0 0 0 0 0 0 0 0 0 0 0 0 0 0 0 0 0 0 0 111.12925170068 60.5884353741497 0 0 0 0 0 0 0 0 0 0 0 0 0 0 0 0 0 0 0 0 67.8231292517007 28.5578231292517 0 21.3163265306122 0 0 0 0 0 25.6122448979592 41.8979591836735 0 0 0 0 0 0 0 0 0 0 0 0 0 0 0 0 0 0 0 0 0 0 0 0 0 0 0 0
1637.18707482993 0 172.826530612245 1563.8537414966 2453.75170068027 0 397.809523809524 0 0 0 0 0 772.054421768707 111.775510204082 47.9591836734694 121.455782312925 48.2074829931973 282.139455782313 204.479591836735 359.993197278912 500.925170068027 555.918367346939 62.0850340136054 0 0 0 0 0 0 0 30.0578231292517 0 0 0 0 0 0 0 0 0 0 0 0 0 0 0 0 0 0 0 0 0 0 0 0 0 0 0 0 0 0 0 0 0 0 0 0 0 0 0 0 0 0 0 0 0 0 0 0 0 0 0 0 0 0 0 0 0 0 0 0 0 0 0 0 0 0 0 0 0 0 0 65.3061224489796 0 0 0 13.8061224489796 0 0 23.6802721088435 0 0 0 0 0 0 0 0 30.8775510204082 328.482993197279 141.275510204082 24.5952380952381 25.7482993197279 0 40.7551020408163 24.8503401360544 130.323129251701 66.4149659863946 67.8469387755102 39.8877551020408 169.534013605442 119.659863945578 91.5850340136054 167.670068027211 190.292517006803 105.710884353741 32.9115646258503 178.78231292517 0 0 0 100.602040816327 108.578231292517 0 0 49.2006802721088 0 0 0 0 21.7721088435374 118.180272108844 101.068027210884 177.34693877551 18.4013605442177 135.057823129252 54.4047619047619 402.683673469388 140.394557823129 220.438775510204 0 0 251.544217687075 0 0 0 74.187074829932 0 0 0 0 80.2551020408163 13.7448979591837 0 40.9149659863946 96.0612244897959 82.969387755102 43.1326530612245 0 0 52.5816326530612 0 0 32.3571428571429 30.5238095238095 0 0 0 0 0 0 0 31.2959183673469 16.2551020408163 26.2142857142857 0 0 0 0 0 0 0 0 0 0 0 0 0 0 0 0 0 0 0 0 0 0 0 0 0 0 0 0 0 0 0 0 0 0 0 0 0 0 0 0 0 0 0 0 0 0 0 0 0 0 0 0 0 0 0 0 0 0 0 0 0 0 0 0 0 0 0 0 0 0 0 0 0 0 0 0 0 0 0 0 0 0 0 0 0 0 0 0 0 0 0 0 0 0 0 0 0 0 0 0 0 0 0 0 47.1122448979592 0 0 0 0 0 0 0 0 0 0 0 0 0 0 0 0 0 0 0 0 0 25.8537414965986 0 0 0 0 0 0 0 0 0 0 0 0 0 0 0 0 0 0 0 0 0 0 0 0 0 0 0 0 0 0 0 0 0 0 0 0 0 0
187.91156462585 0 0 159.887755102041 233.734693877551 397.809523809524 0 0 0 0 0 0 118.166666666667 31.2142857142857 0 0 0 219.802721088435 60.5476190476191 0 61.8197278911565 107.700680272109 0 0 0 0 0 0 0 0 0 0 0 0 0 0 0 0 0 0 0 0 0 0 0 0 0 0 0 0 0 0 0 0 0 0 0 0 0 0 0 0 0 0 0 0 0 0 0 0 0 0 0 0 0 0 0 0 0 0 0 0 0 0 0 0 0 0 0 0 0 0 0 0 0 0 0 0 0 0 0 0 0 0 0 0 0 0 0 0 0 0 0 0 0 0 0 0 0 83.1530612244898 43.843537414966 0 0 0 0 0 86.2959183673469 0 0 0 37.608843537415 20.6054421768707 0 37.7278911564626 81.0272108843537 31.5578231292517 0 60.0918367346939 0 0 0 0 78.9115646258503 0 0 0 0 0 0 0 0 0 0 141.755102040816 0 0 0 88.4795918367347 0 101.316326530612 0 0 273.204081632653 0 0 0 0 0 0 0 0 21.6224489795918 0 0 0 13.6768707482993 0 0 0 0 0 0 0 0 0 0 0 0 0 0 0 0 0 0 0 0 0 0 0 0 0 0 0 0 0 0 0 0 0 0 0 0 0 0 0 0 0 0 0 0 0 0 0 0 0 0 0 0 0 0 0 0 0 0 0 0 0 0 0 0 0 0 0 0 0 0 0 0 0 0 0 0 0 0 0 0 0 0 0 0 0 0 0 0 0 0 0 0 0 0 0 0 0 0 0 0 0 0 0 0 0 0 0 0 0 0 0 0 0 0 0 0 0 0 0 0 0 0 0 0 0 0 0 0 0 0 0 0 0 0 0 0 0 0 0 0 0 0 0 0 0 0 0 0 0 0 0 0 0 0 0 0 0 0 0 0 0 0 0 0 0 0 0 0 0 0 0 0 0 0 0 0 0 0 0 0 0 0 0 0
0 21.156462585034 0 0 0 0 0 0 527.465986394558 361.578231292517 105.925170068027 357.850340136054 0 494.397959183673 52.3809523809524 0 0 0 0 0 0 0 0 0 22.2687074829932 43.1428571428571 0 0 0 0 0 0 0 0 0 431.336734693878 239.095238095238 117.850340136054 158.289115646258 818.707482993197 58.7925170068027 237.431972789116 159.768707482993 248.431972789116 87.2721088435374 33.1496598639456 159.030612244898 60.5272108843537 71.734693877551 0 613.71768707483 467.08843537415 610.482993197279 1158.42176870748 1086.52721088435 424.268707482993 0 0 0 0 0 0 0 0 0 0 98.4965986394558 0 0 12.1428571428571 7.70748299319728 0 75.7448979591837 52.2891156462585 25.2585034013605 0 15.1292517006803 216.863945578231 29.421768707483 55.078231292517 24.0102040816327 24.7891156462585 24.0068027210884 14.2755102040816 13.7551020408163 15.3741496598639 0 0 0 0 0 0 0 0 41.0986394557823 262.836734693878 61.5612244897959 0 156.428571428571 279.02380952381 73.9659863945578 152.040816326531 31.7448979591837 47.7074829931973 41.9251700680272 217.646258503401 0 45.6496598639456 28.1496598639456 0 10.5510204081633 0 37.9115646258503 24.2074829931973 42.2006802721088 186.812925170068 164.095238095238 0 60.2414965986395 771.285714285714 0 0 0 0 11.156462585034 0 0 10.8265306122449 26.9047619047619 22.1190476190476 19.1666666666667 16.6054421768707 123.350340136054 44.4455782312925 27.1258503401361 52.3775510204082 108.482993197279 89.4727891156463 0 32.6292517006803 24.2142857142857 0 44.6666666666667 78.5374149659864 68.6632653061225 22.1462585034014 179.336734693878 192.459183673469 213.367346938776 77.4557823129252 129.125850340136 0 0 0 0 0 41.2278911564626 0 0 0 0 0 0 0 0 0 155.619047619048 245.12925170068 13.1666666666667 6.13945578231293 17.0578231292517 0 0 0 18.0646258503401 13.3843537414966 28.0102040816327 0 0 0 0 0 0 0 0 0 0 1226.04761904762 146.384353741497 100.680272108844 0 44.6360544217687 0 278.673469387755 0 0 0 0 0 0 0 0 0 0 0 37.0714285714286 0 0 0 0 0 0 0 0 0 108.663265306122 47.5714285714286 32.6360544217687 29.891156462585 274.081632653061 49.2721088435374 18.2006802721088 108.462585034014 150.047619047619 15.0884353741497 0 9.44557823129252 0 0 0 190.438775510204 95.0680272108844 189.840136054422 269.945578231293 608.891156462585 48.0986394557823 0 0 0 0 0 0 0 0 0 0 0 0 0 0 0 0 0 0 0 0 0 0 0 0 0 0 0 0 0 0 0 0 0 0 0 0 0 0 0 83.4251700680272 0 0 0 0 0 0 0 0 0 0 0 0 0 0 0 0 0 0 0 0 0 0 0 15.5544217687075 0 0 0 0 0 0 0 0 0 0 0 0 0 0 0 0 0 0 0 0 0 0 0 0 0 0 0 0 0 0 0 0 0 0 0 0 0 0 0 0 0 0 0 0 0 0 0 0 0 0 0 0 0 0 0 0 0 0 0 0
0 0 0 0 0 0 0 527.465986394558 0 44.8469387755102 0 55.5170068027211 0 130.850340136054 0 0 0 0 0 0 0 0 0 0 0 12.5544217687075 0 0 0 0 0 0 0 0 0 292.380952380952 82.6700680272109 0 84.312925170068 94.9489795918367 0 40.265306122449 20.3809523809524 47.9727891156463 0 0 32.8333333333333 0 0 0 1774.4387755102 658.775510204082 475.003401360544 132.58843537415 136.585034013605 72.5204081632653 0 0 0 0 0 0 0 0 0 0 52.3775510204082 0 0 0 0 0 46.3605442176871 29.5918367346939 0 0 0 76.6598639455782 0 0 0 0 0 0 0 0 0 0 0 0 0 0 0 0 0 64.2925170068027 22.547619047619 0 67.7721088435374 212.897959183673 72.8707482993197 153.938775510204 0 79.6598639455782 47.6666666666667 62.7448979591837 0 23.7721088435374 0 0 0 0 0 0 0 176.632653061224 68.7517006802721 0 0 330.642857142857 0 0 0 0 0 0 0 0 0 0 0 0 0 0 0 0 0 0 0 0 0 0 0 23.3945578231293 0 0 186.666666666667 96.7721088435374 54.1224489795918 0 32.7074829931973 0 0 0 0 0 0 0 0 0 0 0 0 0 0 0 109.908163265306 83.1190476190476 0 0 0 0 0 0 0 0 0 0 0 0 0 0 0 0 0 0 0 186.275510204082 104.465986394558 0 0 0 0 68.7380952380952 0 0 0 0 0 0 0 0 0 0 0 0 0 0 0 0 0 0 0 0 0 83.5918367346939 44.0102040816327 24.1292517006803 49.2721088435374 40.7074829931973 0 26.8809523809524 0 0 17.7823129251701 0 0 0 0 0 154.646258503401 122.972789115646 65.3503401360544 18.9251700680272 42.5170068027211 0 0 0 0 0 0 0 0 0 0 0 0 0 0 0 0 0 0 0 0 0 0 0 0 0 0 0 0 0 0 0 0 0 0 0 0 0 0 0 0 0 0 0 0 0 0 0 0 0 0 0 0 0 0 0 0 0 0 0 0 0 0 0 0 0 0 0 0 0 0 0 0 0 0 0 0 0 0 0 0 0 0 0 0 0 0 0 0 0 0 0 0 41.2312925170068 0 0 0 0 0 0 0 0 0 0 0 0 0 0 0 0 0 0 0 0 0 0 0 0 0 0 0 0 0 0 0 0
0 0 0 0 0 0 0 361.578231292517 44.8469387755102 0 101.676870748299 242.768707482993 0 20.9829931972789 0 0 0 0 0 0 0 0 0 0 0 0 0 0 0 0 0 0 0 0 0 0 0 0 0 0 0 16.578231292517 44.6360544217687 147.649659863946 0 0 38.5 0 0 0 70.7619047619048 46.4863945578231 44.2857142857143 299.785714285714 89.2108843537415 129.537414965986 0 0 0 0 0 0 0 0 0 0 104.431972789116 0 0 0 0 0 62.0034013605442 0 0 0 0 94.1734693877551 0 0 0 0 0 0 0 0 0 0 0 0 0 0 0 0 16.8469387755102 343.840136054422 110.959183673469 0 33.3095238095238 12.6258503401361 0 0 0 0 0 28.6802721088435 0 0 0 0 0 0 0 0 0 0 42.2448979591837 0 0 45.2755102040816 0 0 0 0 0 0 0 0 0 0 0 0 44.2687074829932 0 0 30.4285714285714 50.2176870748299 60.0986394557823 0 0 0 0 26.3537414965986 33.030612244898 39.8741496598639 0 0 24.0204081632653 92.3639455782313 34.9795918367347 80.4659863945578 0 0 0 0 0 27.9285714285714 0 0 0 0 0 0 0 0 0 0 21.8469387755102 0 0 0 0 0 0 0 0 0 0 0 0 0 0 0 0 0 0 0 62.2619047619048 0 95.734693877551 0 50.5646258503401 0 20.9285714285714 0 0 0 0 0 0 0 0 0 0 0 79.7210884353742 0 0 0 0 0 0 0 0 0 0 0 0 0 38.1462585034014 37.4081632653061 0 121.863945578231 182.608843537415 0 0 0 0 0 0 0 0 0 57.6190476190476 112.418367346939 0 0 0 0 0 0 0 0 0 0 0 0 0 0 0 0 0 0 0 0 0 0 0 0 0 0 0 0 0 0 0 0 0 0 0 0 0 0 0 0 106.241496598639 0 0 0 0 0 0 0 0 0 0 0 0 0 0 0 0 0 0 0 0 0 0 0 0 0 0 0 0 0 0 0 0 0 0 0 0 0 0 0 0 0 0 0 0 0 0 0 0 0 0 0 0 0 0 0 0 0 0 0 0 0 0 0 0 0 0 0 0 0 0 0 0 0 0 0 0 0 0 0 0 0 0 0 0
0 0 0 0 0 0 0 105.925170068027 0 101.676870748299 0 184.115646258503 0 0 0 0 0 0 0 0 0 0 0 0 0 23.4727891156463 0 0 0 0 0 0 0 0 0 0 0 0 0 0 0 0 39.4489795918367 74.8537414965986 0 0 0 0 0 0 0 0 0 0 0 97.1190476190476 0 0 0 0 0 0 0 0 0 0 67.3367346938775 0 0 0 0 0 95.2993197278912 38.8061224489796 0 0 0 134.809523809524 42.8877551020408 94.1190476190476 28.3605442176871 0 0 0 0 0 0 0 0 0 0 0 0 0 0 63.421768707483 0 0 21.7721088435374 0 0 0 0 0 0 0 0 0 0 0 0 0 0 0 0 0 0 0 0 0 0 0 0 0 0 0 0 0 0 0 0 0 39.9523809523809 0 0 0 0 0 0 0 0 0 0 0 0 0 0 0 35.1666666666667 0 0 0 0 0 0 0 0 0 0 0 0 0 0 0 0 0 0 0 0 0 0 0 0 0 0 0 0 0 0 0 0 0 0 0 0 0 0 0 0 0 0 0 0 0 0 0 0 0 0 0 0 0 0 0 0 0 0 0 0 0 0 0 0 0 0 0 0 0 0 0 0 0 0 34.3775510204082 0 0 0 0 0 0 0 0 0 0 0 0 0 0 0 0 0 0 0 0 0 0 0 0 0 0 0 0 0 0 0 0 0 0 0 0 0 0 0 0 0 0 0 0 0 0 0 0 0 0 0 21.4319727891156 0 0 0 0 0 0 0 0 0 0 0 0 0 0 0 0 0 0 0 0 0 0 0 0 0 0 0 0 0 0 0 0 0 0 0 0 0 0 0 0 0 0 0 0 0 0 0 0 0 0 0 0 0 0 0 0 0 0 0 0 0 0 0 0 0 0 0 0 0 0 0 0 0 0 0 0 0 0 0 0 0 0 0 0
0 0 0 0 0 0 0 357.850340136054 55.5170068027211 242.768707482993 184.115646258503 0 0 16.8469387755102 0 0 0 0 0 0 0 0 0 0 0 36.656462585034 0 0 0 0 0 0 0 0 0 0 0 0 0 0 0 0 74.6734693877551 158.319727891156 0 0 38.7551020408163 0 0 0 84.3741496598639 52.3095238095238 57.6462585034014 138.43537414966 61.8877551020408 215.146258503401 0 0 0 0 0 0 0 0 0 0 159.802721088435 0 0 0 0 0 193.08843537415 62.7993197278912 23.156462585034 0 17.1224489795918 214.744897959184 62.3095238095238 119.761904761905 41.2176870748299 32.8571428571429 48.0544217687075 0 22.7925170068027 0 0 0 0 0 0 0 0 0 0 197.380952380952 109.982993197279 0 46.8333333333333 0 0 0 0 0 0 32.5272108843537 0 0 18.5816326530612 0 0 0 19.8537414965986 29.7210884353741 0 22.7482993197279 60.1360544217687 0 0 46.7789115646259 0 0 0 0 0 0 0 0 0 0 0 0 120.58843537415 44.078231292517 0 63.6734693877551 121.867346938776 103.955782312925 0 32.8639455782313 0 0 0 42.9625850340136 34.8707482993197 0 0 49.265306122449 135.105442176871 54.4387755102041 88.8469387755102 0 0 0 0 0 44.0408163265306 0 0 0 0 0 0 0 0 0 10.3367346938776 0 0 0 0 0 0 0 0 0 0 0 0 0 0 0 0 0 0 0 0 32.9455782312925 0 73.4149659863946 0 0 0 0 0 0 0 0 0 0 0 0 0 0 0 78.4421768707483 0 0 0 0 0 0 0 0 0 0 0 0 0 21.7414965986395 24.9727891156463 0 95.0510204081633 147.391156462585 0 0 0 0 0 0 0 0 0 32.6326530612245 61.9183673469388 0 0 0 0 0 0 0 0 0 0 0 0 0 0 0 0 0 0 0 0 0 0 0 0 0 0 0 0 0 0 0 0 0 0 0 0 0 0 0 0 88.2040816326531 47.2380952380952 0 0 0 0 0 0 0 0 0 0 0 0 0 0 0 0 0 0 0 0 0 0 0 0 0 0 0 0 0 0 0 0 0 0 0 0 0 0 0 0 0 0 0 0 0 0 0 0 0 0 0 0 0 0 0 0 0 0 0 0 0 0 0 0 0 0 0 0 0 0 0 0 0 0 0 0 0 0 0 0 0 0 0
1042.62585034014 0 242.289115646258 836.62925170068 988.84693877551 772.054421768707 118.166666666667 0 0 0 0 0 0 193.680272108844 52.7176870748299 154.986394557823 59.4353741496599 91.8537414965986 140.108843537415 123.62925170068 165.350340136054 155.914965986395 0 0 0 0 0 0 0 0 47.5272108843537 0 0 0 0 0 0 0 0 0 0 0 0 0 8.15646258503401 13.7380952380952 0 0 0 14.687074829932 0 0 0 0 0 0 0 0 0 0 0 0 0 0 0 0 22.1938775510204 0 0 0 0 0 0 0 0 0 0 0 0 0 0 0 0 0 0 0 0 0 0 0 0 0 0 0 0 0 0 0 0 0 0 0 68.2312925170068 0 0 0 12.5238095238095 0 0 0 0 0 0 0 0 0 0 0 27.3877551020408 236.891156462585 116.343537414966 0 0 25.3843537414966 46.5986394557823 10.8333333333333 25.3639455782313 52.5612244897959 65.8401360544218 26.9251700680272 60.1224489795918 50.4013605442177 61.5748299319728 59.3605442176871 41.4795918367347 35.6292517006803 25.187074829932 77.8027210884354 0 0 0 143.462585034014 51.1700680272109 0 0 17.1768707482993 0 0 0 0 11.9251700680272 138.836734693878 27.4863945578231 36.6258503401361 0 49.5204081632653 28.5374149659864 149.319727891156 78.187074829932 35.8367346938776 0 0 69.4829931972789 0 0 0 53.2891156462585 0 0 0 0 21.8775510204082 18.5034013605442 19.7244897959184 57.3979591836735 52.1598639455782 46.9353741496599 26.4285714285714 0 0 86.5544217687075 0 0 55.8265306122449 53.9047619047619 0 0 0 0 0 0 0 61.8027210884354 27.1326530612245 51.0340136054422 0 22.7142857142857 0 0 0 0 0 0 0 0 0 0 0 0 0 16.2006802721088 0 0 0 0 0 0 0 0 0 0 0 0 0 0 0 0 0 0 0 0 0 0 0 0 0 0 0 0 0 0 0 0 0 0 0 0 0 0 0 0 0 0 0 0 0 0 0 0 0 0 0 0 0 0 0 0 0 0 0 0 0 0 0 0 0 0 0 0 0 0 0 0 0 0 0 0 0 0 0 0 0 0 0 0 0 0 0 0 69.8673469387755 0 0 0 0 0 0 0 0 0 0 0 0 0 0 0 0 0 0 0 0 0 48.6122448979592 21.0986394557823 0 0 0 0 0 0 0 20.0068027210884 0 0 0 0 0 0 0 0 0 0 0 0 0 0 0 0 0 0 0 0 0 0 0 0 0 0 0 0 0
406.06462585034 0 140.829931972789 311.149659863946 302.914965986395 111.775510204082 31.2142857142857 494.397959183673 130.850340136054 20.9829931972789 0 16.8469387755102 193.680272108844 0 569.071428571429 48.156462585034 69.7687074829932 77.3843537414966 34.2142857142857 23.8673469387755 31.1258503401361 28.4421768707483 0 16.530612244898 51.8265306122449 68.0612244897959 259.363945578231 38.7891156462585 187.115646258503 337.360544217687 514.489795918367 135.554421768707 209.914965986395 213.299319727891 214.285714285714 98.2891156462585 202.006802721088 345.047619047619 132.404761904762 300.683673469388 118.47619047619 193.568027210884 142.744897959184 101.622448979592 298.97619047619 124.268707482993 84.921768707483 64.5646258503401 116 98.8809523809524 155.503401360544 171.489795918367 79.1598639455782 65.5374149659864 332.700680272109 0 65.8877551020408 364.608843537415 68.8639455782313 68.3605442176871 99.1904761904762 75.765306122449 81.343537414966 54.6224489795918 31.1020408163265 0 21.3537414965986 26.8095238095238 158.731292517007 61.9523809523809 39.4183673469388 124.295918367347 14.078231292517 25.0102040816327 20.6802721088435 10.5 25.9863945578231 19.7857142857143 0 0 0 0 0 20.2380952380952 18.6496598639456 47.4387755102041 61.6122448979592 40.2074829931973 25.0884353741497 30.7925170068027 16.3571428571429 30.7244897959184 61.4863945578231 0 43.1530612244898 53.1326530612245 0 0 0 0 0 0 47.1700680272109 51.2823129251701 42.891156462585 15.7176870748299 0 20.9353741496599 0 23.3741496598639 9.6530612244898 10.952380952381 0 0 0 47.3197278911565 63.4829931972789 11.765306122449 71.8231292517007 268.700680272109 308.496598639456 23.6836734693878 0 31.7551020408163 33.2414965986395 65.5068027210884 28.3095238095238 27.2278911564626 47.5408163265306 24.9727891156463 54.9047619047619 40.9761904761905 123.724489795918 83.4183673469388 54.8775510204082 90.4863945578231 58.9387755102041 153.006802721088 22.8979591836735 0 0 275.472789115646 75.0544217687075 45.7040816326531 101.027210884354 66.9149659863946 46.7755102040816 195.146258503401 199.112244897959 39.608843537415 126.234693877551 105.122448979592 0 30.1156462585034 13.8231292517007 0 46.6360544217687 41.0442176870748 25.2959183673469 23.4931972789116 169.520408163265 83.8877551020408 62.1326530612245 46.8639455782313 0 69.1258503401361 41.6700680272109 0 0 42.3707482993197 17.2448979591837 24.9591836734694 23.234693877551 39.5612244897959 61.2108843537415 32.1360544217687 47.8197278911565 14.1836734693878 75.2687074829932 152.908163265306 70.9319727891156 0 30.5646258503401 52.3299319727891 49.2823129251701 0 0 197.666666666667 46.9081632653061 14.4659863945578 0 0 52.5918367346939 255.704081632653 106.234693877551 17.4727891156463 26.3877551020408 0 0 0 0 0 0 0 0 12.952380952381 59.9251700680272 0 41.9557823129252 40.7448979591837 31.3265306122449 0 0 0 0 46.1632653061224 48.6360544217687 34.1496598639456 46.2244897959184 69.5272108843537 17.8673469387755 62.2380952380952 28.3775510204082 38.2006802721088 87.2142857142857 31.3707482993197 40.5068027210884 26.530612244898 30.5136054421769 32.0986394557823 65.3775510204082 68.0238095238095 36.6190476190476 36.4863945578231 104.013605442177 0 0 0 0 0 0 0 0 0 0 0 0 0 0 0 0 0 0 0 0 0 0 0 0 0 0 0 0 0 0 0 0 0 0 0 0 0 0 0 13.3537414965986 19.9081632653061 0 0 0 0 0 0 0 0 0 0 0 0 0 0 0 0 0 0 0 16.452380952381 27.4591836734694 0 0 61.7551020408163 0 0 0 0 11.3469387755102 0 0 0 12.8843537414966 0 0 0 38.6292517006803 23.4251700680272 0 20.4149659863946 0 27.4251700680272 0 0 0 59.7755102040816 25.1020408163265 0 29.0986394557823 11.5408163265306 0 38.4183673469388 55.5102040816327 14.5578231292517 37.0578231292517 29.9455782312925 0 0 0 0 0 0 0 0 14.6258503401361 0 0 0 0 0 10.5 0 0 0 0 0 0 0 14.7619047619048 0 14.9863945578231 0 0 0
75.2789115646258 0 47.4829931972789 57.578231292517 50.3707482993197 47.9591836734694 0 52.3809523809524 0 0 0 0 52.7176870748299 569.071428571429 0 38.0476190476191 111.704081632653 55.5408163265306 41.1904761904762 0 0 0 0 21.6190476190476 21.9115646258503 71.0238095238095 94.4489795918367 0 212.802721088435 336.431972789116 480.374149659864 32.0170068027211 128.425170068027 51.4727891156463 55.8469387755102 0 69.5272108843537 148.571428571429 0 38.921768707483 49.0034013605442 88.2721088435374 69.421768707483 98.7517006802721 162.561224489796 184.622448979592 0 0 115.397959183673 117.840136054422 0 0 0 0 63.6258503401361 0 24.5442176870748 22.6496598639456 22.843537414966 42.391156462585 0 0 34.7959183673469 0 0 0 28.7823129251701 30.312925170068 35.4319727891156 40.2551020408163 24.7414965986395 27.0068027210884 13.3231292517007 19.421768707483 10.0646258503401 0 0 10.8673469387755 0 0 0 9.40816326530612 0 18.7108843537415 0 34.8877551020408 29.7959183673469 0 0 0 0 0 0 0 0 80.0034013605442 21.1054421768707 0 0 0 0 0 61.4013605442177 41.5408163265306 0 0 0 10.812925170068 0 0 0 0 0 0 0 0 0 0 40.8061224489796 192.666666666667 112.078231292517 0 0 35.6360544217687 35.1156462585034 31.9591836734694 20.1836734693878 28.6496598639456 43.3843537414966 19.0068027210884 35.8979591836735 27.843537414966 78.1836734693878 51.3299319727891 34.9047619047619 58.8333333333333 37.9387755102041 110.302721088435 0 0 0 281.639455782313 87.6632653061225 0 67.9965986394558 72.5850340136054 0 47.969387755102 93.7380952380952 0 96.5544217687075 69.5068027210884 0 0 0 0 0 40.4489795918367 0 0 164.867346938776 40.5238095238095 44.9285714285714 0 0 0 43.6360544217687 0 0 0 0 15.5170068027211 28.812925170068 51.5816326530612 60.4523809523809 26.3809523809524 33.2993197278912 13.0374149659864 20.2244897959184 9.89115646258503 55.6632653061224 0 23.9591836734694 36.6054421768707 38.687074829932 0 0 0 0 0 0 0 49.8673469387755 63.3027210884354 163.683673469388 19.0170068027211 39.530612244898 0 0 0 0 0 0 0 0 0 36.9013605442177 0 57.5 46.6972789115646 31.9183673469388 0 0 0 0 0 12.5170068027211 0 15.9081632653061 0 0 42 0 0 73.8367346938775 55.9795918367347 38.5850340136054 45.1190476190476 40.7006802721088 68.6462585034014 0 25.8809523809524 0 0 0 0 0 0 0 0 0 0 0 0 0 0 0 0 0 0 0 0 0 0 0 0 0 0 0 0 0 0 0 0 0 0 0 0 0 0 0 0 0 0 23.2721088435374 0 0 0 0 0 0 0 0 0 0 0 0 0 0 0 0 0 0 0 0 0 23.6394557823129 0 0 88.3095238095238 0 0 0 0 0 0 0 0 11.1836734693878 0 0 0 42.8537414965986 29.9761904761905 23.1836734693878 31.3775510204082 27.969387755102 48.2687074829932 0 0 0 71.4931972789116 35.9795918367347 0 60.9115646258503 17.7176870748299 0 0 41.812925170068 17.8061224489796 66.2142857142857 32.9931972789116 0 0 0 0 0 0 0 0 0 0 0 0 0 0 0 0 0 0 0 0 0 0 0 0 13.7517006802721 0 0 0
106.768707482993 0 99.5068027210884 87.9387755102041 105.340136054422 121.455782312925 0 0 0 0 0 0 154.986394557823 48.156462585034 38.0476190476191 0 137.227891156463 33.8061224489796 103.785714285714 32.108843537415 0 0 0 0 0 0 0 0 0 0 16.1292517006803 0 0 0 0 0 0 0 0 0 0 0 0 0 0 19.1598639455782 0 0 0 0 0 0 0 0 0 0 0 0 0 0 0 0 0 0 0 0 0 0 0 0 0 0 0 0 0 0 0 0 0 0 0 0 0 0 0 0 0 0 0 0 0 0 0 0 0 0 0 0 0 0 0 0 19.9931972789116 0 0 0 0 0 0 0 0 0 0 0 0 0 0 0 0 55.0238095238095 0 0 0 0 14.2414965986395 0 0 13.8775510204082 18.047619047619 0 0 0 17.5850340136054 15.3673469387755 0 0 0 29.812925170068 0 0 0 110.731292517007 34.5748299319728 0 0 0 0 0 0 0 0 174.204081632653 0 0 0 0 0 60.6292517006803 0 0 0 0 0 0 0 0 13.7414965986395 0 0 0 0 0 0 0 18.9285714285714 0 0 0 0 0 0 0 0 0 0 0 0 0 0 0 0 0 0 0 0 0 0 0 0 0 0 0 0 0 0 0 0 0 0 0 0 0 0 0 0 0 0 0 0 0 0 0 0 0 0 0 0 0 0 0 0 0 0 0 0 0 0 0 0 0 0 0 0 0 0 0 0 0 0 0 0 0 0 0 0 0 0 0 0 0 0 0 0 0 0 0 0 0 0 0 0 0 0 0 0 0 0 0 0 0 0 0 0 0 0 0 0 0 0 0 0 0 0 0 0 0 0 0 0 0 0 0 0 0 0 0 0 0 0 0 0 0 0 0 0 0 0 0 0 0 0 0 0 0 0 0 0 0 0 0 0 0 0 0 0 0 0 0 0 0 0 0 0 0 0 0 0 0 0 0 0 0 0 0 0 0 0 0 0 0
45.687074829932 0 0 38.0442176870748 34.2959183673469 48.2074829931973 0 0 0 0 0 0 59.4353741496599 69.7687074829932 111.704081632653 137.227891156463 0 34.265306122449 63.0408163265306 0 0 0 0 0 0 14.9149659863946 0 0 0 0 30.9931972789116 0 0 0 0 0 0 0 0 0 0 0 0 30.7244897959184 0 110.993197278912 0 0 64.3469387755102 164.156462585034 0 0 0 0 0 0 0 0 0 0 0 0 0 0 0 0 0 0 0 0 0 0 0 0 0 0 0 0 0 0 0 0 0 0 0 0 0 0 0 0 0 0 0 0 0 36.1734693877551 0 0 0 0 0 0 25.0238095238095 0 0 0 0 0 0 0 0 0 0 0 0 0 0 0 0 63.2380952380952 0 0 0 13.0034013605442 15.6326530612245 0 0 13.3265306122449 0 0 12.8605442176871 0 25.2687074829932 17.547619047619 0 17.2448979591837 0 43.7482993197279 0 0 0 240.80612244898 74.8027210884354 0 28.7482993197279 63.2857142857143 0 0 0 0 36.6836734693878 164.272108843537 0 0 0 0 0 45.8537414965986 24.7448979591837 0 0 0 28.5952380952381 0 0 0 15.7108843537415 0 0 0 0 0 0 16.6904761904762 22.3877551020408 11.5408163265306 0 0 0 0 17.3639455782313 0 0 0 0 0 0 0 0 0 0 0 0 0 28.4387755102041 0 0 0 0 0 0 0 0 0 0 0 0 0 0 0 0 0 0 0 0 0 0 0 0 0 0 0 0 0 0 0 0 0 0 0 0 0 0 0 0 0 0 0 0 0 0 0 0 0 0 0 0 0 0 0 0 0 0 0 0 0 0 0 0 0 0 0 0 0 0 0 0 0 0 0 0 0 0 0 0 0 0 0 0 0 0 0 0 0 0 0 0 0 0 0 0 0 0 0 0 0 0 0 0 19.1292517006803 0 0 0 0 0 0 0 0 0 0 0 0 0 0 0 0 0 0 0 0 0 18.3095238095238 0 0 0 0 0 0 0 0 0 0 0 0 0 0 0 0 0 0 0 0 0 0 0 0 0 0 0 0 0 0 0 0 0 0 0 0 0 0
210.017006802721 0 29.7074829931973 151.707482993197 177.122448979592 282.139455782313 219.802721088435 0 0 0 0 0 91.8537414965986 77.3843537414966 55.5408163265306 33.8061224489796 34.265306122449 0 69.9897959183673 77.4829931972789 133.649659863946 177.874149659864 0 0 0 0 0 0 0 0 24.1258503401361 0 0 0 0 0 0 0 0 0 0 0 0 0 0 17.1122448979592 0 0 0 23.3571428571429 0 0 0 0 0 0 0 0 0 0 0 0 0 0 0 0 95.4013605442177 0 0 0 0 0 59.5578231292517 0 0 0 0 0 0 0 0 0 0 0 0 0 0 0 0 0 0 0 0 0 0 29.8061224489796 0 0 0 0 0 0 0 0 0 0 0 0 0 0 0 0 0 0 0 0 0 0 20.9727891156463 184.948979591837 54.2925170068027 31.8775510204082 0 0 6.88095238095238 34.3503401360544 259.122448979592 11.265306122449 0 0 82.812925170068 36.5 36.2721088435374 88.5578231292517 396.510204081633 201.170068027211 0 382.792517006803 0 0 39.6394557823129 44.4251700680272 217.486394557823 0 0 81.8945578231292 0 0 42.1462585034014 0 137.91156462585 41.3605442176871 0 102.738095238095 43.1666666666667 73.8163265306122 75.9829931972789 109.095238095238 106.421768707483 205.619047619048 0 0 500.989795918367 0 0 0 16.2857142857143 0 0 0 0 59.3333333333333 0 0 0 20.4489795918367 20.3979591836735 8.84353741496599 0 0 0 0 0 0 0 0 0 0 0 0 0 0 0 0 34.8605442176871 0 0 0 0 0 0 0 0 0 0 0 0 0 0 0 0 0 0 0 0 0 0 0 0 0 0 0 0 0 0 0 0 0 0 0 0 0 0 0 0 0 0 0 0 0 0 0 0 0 0 0 0 0 0 0 0 0 0 0 0 0 0 0 0 0 0 0 0 0 0 0 0 0 0 0 0 0 0 0 0 0 0 0 0 0 0 0 0 0 0 0 0 0 0 0 0 0 0 0 0 0 0 0 0 24.6054421768707 0 0 0 0 0 0 0 0 0 0 0 0 0 0 0 0 0 0 0 0 0 0 0 0 0 0 0 0 0 0 0 0 0 0 0 0 0 0 0 0 0 0 0 0 0 0 0 0 0 0 0 0 0 0 0 0 0 0 0 0
70.5272108843537 0 0 64.5510204081633 90.030612244898 204.479591836735 60.5476190476191 0 0 0 0 0 140.108843537415 34.2142857142857 41.1904761904762 103.785714285714 63.0408163265306 69.9897959183673 0 63.6530612244898 72.7959183673469 67.0034013605442 0 0 0 0 0 0 0 0 0 0 0 0 0 0 0 0 0 0 0 0 0 0 0 0 0 0 0 0 0 0 0 0 0 0 0 0 0 0 0 0 0 0 0 0 0 0 0 0 0 0 0 0 0 0 0 0 0 0 0 0 0 0 0 0 0 0 0 0 0 0 0 0 0 0 0 0 0 0 0 0 20.1700680272109 0 0 0 0 0 0 0 0 0 0 0 0 0 0 0 0 52.265306122449 0 0 0 0 13.6768707482993 0 0 14.6020408163265 21.1156462585034 0 16.9285714285714 14.1020408163265 22.9081632653061 20.2993197278912 19.7040816326531 16.6292517006803 0 57.2380952380952 0 0 0 63.5680272108844 87.7244897959184 0 0 55.9727891156463 0 0 0 0 0 75.9081632653061 0 0 0 34.6700680272109 0 160.448979591837 62.7551020408163 0 0 0 53.0170068027211 0 0 0 14.4115646258503 0 0 0 0 0 0 0 17.5238095238095 14.312925170068 0 7.02380952380952 0 0 0 0 0 0 0 0 0 0 0 0 0 0 0 0 0 0 0 0 0 0 0 0 0 0 0 0 0 0 0 0 0 0 0 0 0 0 0 0 0 0 0 0 0 0 0 0 0 0 0 0 0 0 0 0 0 0 0 0 0 0 0 0 0 0 0 0 0 0 0 0 0 0 0 0 0 0 0 0 0 0 0 0 0 0 0 0 0 0 0 0 0 0 0 0 0 0 0 0 0 0 0 0 0 0 0 0 0 0 0 0 0 0 0 0 0 0 0 0 0 0 0 0 0 0 0 0 0 0 0 0 0 0 0 0 0 0 0 0 0 0 0 0 0 0 0 0 0 0 0 0 0 0 0 0 0 0 0 0 0 0 0 0 0 0 0 0 0 0 0 0 0 0 0 0 0 0 0 0 0 0
172.527210884354 0 29.8265306122449 98.5714285714286 170.568027210884 359.993197278912 0 0 0 0 0 0 123.62925170068 23.8673469387755 0 32.108843537415 0 77.4829931972789 63.6530612244898 0 156.462585034014 85.0068027210884 0 0 0 0 0 0 0 0 0 0 0 0 0 0 0 0 0 0 0 0 0 0 0 0 0 0 0 0 0 0 0 0 0 0 0 0 0 0 0 0 0 0 0 0 0 0 0 0 0 0 0 0 0 0 0 0 0 0 0 0 0 0 0 0 0 0 0 0 0 0 0 0 0 0 0 0 0 0 0 0 0 0 0 0 0 0 0 0 0 0 0 0 0 0 0 0 0 41.3979591836735 0 0 0 0 0 0 0 10.3741496598639 0 0 17.687074829932 15.2006802721088 19.4115646258503 20.9965986394558 23.0136054421769 21.2210884353741 0 67.812925170068 0 0 0 27.0442176870748 46.7040816326531 0 0 0 0 0 0 0 0 31.6496598639456 0 0 0 106.268707482993 0 120.894557823129 118.578231292517 0 0 0 51.2721088435374 0 0 0 11.3231292517007 0 0 0 0 0 0 0 0 13.4591836734694 0 0 0 0 0 0 0 0 0 0 0 0 0 0 0 0 0 0 0 0 0 0 0 0 0 0 0 0 0 0 0 0 0 0 0 0 0 0 0 0 0 0 0 0 0 0 0 0 0 0 0 0 0 0 0 0 0 0 0 0 0 0 0 0 0 0 0 0 0 0 0 0 0 0 0 0 0 0 0 0 0 0 0 0 0 0 0 0 0 0 0 0 0 0 0 0 0 0 0 0 0 0 0 0 0 0 0 0 0 0 0 0 0 0 0 0 0 0 0 0 0 0 0 0 0 0 0 0 0 0 0 0 0 0 0 0 0 0 0 0 0 0 0 0 0 0 0 0 0 0 0 0 0 0 0 0 0 0 0 0 0 0 0 0 0 0 0 0 0 0 0 0 0 0 0 0 0 0 0 0 0 0 0 0
268.183673469388 0 42.4557823129252 158.673469387755 275.959183673469 500.925170068027 61.8197278911565 0 0 0 0 0 165.350340136054 31.1258503401361 0 0 0 133.649659863946 72.7959183673469 156.462585034014 0 149.615646258503 0 0 0 0 0 0 0 0 0 0 0 0 0 0 0 0 0 0 0 0 0 0 0 0 0 0 0 0 0 0 0 0 0 0 0 0 0 0 0 0 0 0 0 0 0 0 0 0 0 0 0 0 0 0 0 0 0 0 0 0 0 0 0 0 0 0 0 0 0 0 0 0 0 0 0 0 0 0 0 0 13.7857142857143 0 0 0 0 0 0 0 0 0 0 0 0 0 0 0 0 65.2857142857143 0 0 0 0 0 0 37.2823129251701 15.6054421768707 0 11.108843537415 41.9591836734694 31.030612244898 29.9591836734694 44.578231292517 60.0646258503401 48.0816326530612 0 132.340136054422 0 0 0 35.2585034013605 89.9761904761905 0 0 39.4115646258503 0 0 0 0 0 44.2380952380952 0 0 0 113.465986394558 49.2755102040816 133.925170068027 68.0510204081633 0 0 0 97.765306122449 0 0 0 17.5884353741497 0 0 0 0 18.7176870748299 0 0 0 24.3095238095238 22.1224489795918 10.312925170068 0 0 0 0 0 0 0 0 0 0 0 0 0 0 0 0 0 0 0 0 0 0 0 0 0 0 0 0 0 0 0 0 0 0 0 0 0 0 0 0 0 0 0 0 0 0 0 0 0 0 0 0 0 0 0 0 0 0 0 0 0 0 0 0 0 0 0 0 0 0 0 0 0 0 0 0 0 0 0 0 0 0 0 0 0 0 0 0 0 0 0 0 0 0 0 0 0 0 0 0 0 0 0 0 0 0 0 0 0 0 0 0 0 0 0 0 0 0 0 0 0 0 0 0 0 0 0 0 0 0 0 0 0 0 0 0 0 0 0 0 0 0 0 0 0 0 0 0 0 0 0 0 0 0 0 0 0 0 0 0 0 0 0 0 0 0 0 0 0 0 0 0 0 0 0 0 0 0 0 0 0 0
278.557823129252 0 43.7482993197279 203.707482993197 344.030612244898 555.918367346939 107.700680272109 0 0 0 0 0 155.914965986395 28.4421768707483 0 0 0 177.874149659864 67.0034013605442 85.0068027210884 149.615646258503 0 0 0 0 0 0 0 0 0 0 0 0 0 0 0 0 0 0 0 0 0 0 0 0 0 0 0 0 0 0 0 0 0 0 0 0 0 0 0 0 0 0 0 0 0 0 0 0 0 0 0 0 0 0 0 0 0 0 0 0 0 0 0 0 0 0 0 0 0 0 0 0 0 0 0 0 0 0 0 0 0 0 0 0 0 0 0 0 0 0 0 0 0 0 0 0 0 0 65.8095238095238 40.9897959183673 0 0 0 0 0 49.0714285714286 11.3299319727891 0 0 40.8639455782313 26.6054421768707 19.9251700680272 42.0544217687075 68.8469387755102 42.3027210884354 0 100 0 0 0 30.7755102040816 75.6020408163265 0 0 0 0 0 0 0 0 0 0 47.1292517006803 0 49.687074829932 0 111.622448979592 0 60.4931972789116 0 0 120.857142857143 0 0 0 13.078231292517 0 0 0 0 21.734693877551 0 0 0 18.5850340136054 17.2482993197279 0 0 0 0 0 0 0 0 0 0 0 0 0 0 0 0 0 0 0 0 0 0 0 0 0 0 0 0 0 0 0 0 0 0 0 0 0 0 0 0 0 0 0 0 0 0 0 0 0 0 0 0 0 0 0 0 0 0 0 0 0 0 0 0 0 0 0 0 0 0 0 0 0 0 0 0 0 0 0 0 0 0 0 0 0 0 0 0 0 0 0 0 0 0 0 0 0 0 0 0 0 0 0 0 0 0 0 0 0 0 0 0 0 0 0 0 0 0 0 0 0 0 0 0 0 0 0 0 0 0 0 0 0 0 0 0 0 0 0 0 0 0 0 0 0 0 0 0 0 0 0 0 0 0 0 0 0 0 0 0 0 0 0 0 0 0 0 0 0 0 0 0 0 0 0 0 0 0 0 0 0 0 0
0 79.8775510204082 0 0 0 62.0850340136054 0 0 0 0 0 0 0 0 0 0 0 0 0 0 0 0 0 0 0 0 0 0 0 0 0 0 0 0 0 0 0 0 0 0 0 0 0 0 0 0 0 0 0 0 0 0 0 0 0 0 0 0 0 0 0 0 0 0 0 0 0 0 0 0 0 0 0 0 0 0 0 0 0 0 0 0 0 0 0 0 0 0 0 0 0 0 0 0 0 0 0 0 0 0 0 0 0 0 0 0 0 0 0 0 0 0 0 0 0 0 0 0 0 26.6598639455782 0 0 0 0 0 0 0 0 17.5510204081633 9.54761904761905 16.9047619047619 14.7448979591837 31.3877551020408 22.4047619047619 20.0510204081633 25.4625850340136 31.0374149659864 75.1802721088435 0 0 67.9523809523809 0 83.1258503401361 0 0 0 0 0 0 0 47.5918367346939 0 0 0 0 47.3469387755102 50.4421768707483 0 134.428571428571 0 0 0 0 0 0 0 12.1632653061224 0 0 0 0 0 0 0 0 14.8945578231293 15.6156462585034 0 0 0 0 0 0 0 0 0 0 0 0 0 0 0 0 0 0 0 0 0 0 0 0 0 0 0 0 0 0 0 0 0 0 0 0 0 0 0 0 0 0 0 0 0 0 0 0 0 0 0 0 0 0 0 0 0 0 0 0 0 0 0 0 0 0 0 0 0 0 0 0 0 0 0 0 0 0 0 0 0 0 0 0 0 0 0 0 0 0 0 0 0 0 0 0 0 0 0 0 0 0 0 0 0 0 0 0 0 0 0 0 0 0 0 0 0 0 0 0 0 0 0 0 0 0 0 0 0 0 0 0 0 0 0 0 0 0 0 0 0 0 0 0 0 0 0 0 0 0 0 0 0 0 0 0 0 0 0 0 0 0 0 0 0 0 0 0 0 0 0 0 0 0 0 0 0 0 0 0 0 0 0
0 0 0 0 0 0 0 0 0 0 0 0 0 16.530612244898 21.6190476190476 0 0 0 0 0 0 0 0 0 0 0 0 0 9.78571428571429 0 0 0 0 0 0 0 0 0 0 0 0 27.9319727891156 0 0 23.4965986394558 0 22.3333333333333 21.3503401360544 26.1122448979592 0 0 0 0 0 0 0 0 0 0 0 0 0 0 0 0 0 0 0 0 0 0 0 0 0 0 0 0 0 0 0 0 0 0 0 0 0 0 0 0 0 0 0 0 0 0 0 0 0 0 0 0 0 72.2414965986395 28.8469387755102 0 0 0 0 0 0 0 0 0 0 0 0 0 0 0 0 0 0 0 84.3639455782313 48.0374149659864 0 0 31.5340136054422 0 0 0 0 0 0 0 0 0 0 0 0 0 0 0 0 0 0 0 32.2312925170068 27.5102040816327 0 22.9727891156463 0 0 0 0 0 0 0 0 0 0 0 0 0 0 0 15.7210884353741 0 0 0 0 0 277.431972789116 176.258503401361 102.683673469388 0 0 0 0 0 0 0 0 0 0 0 0 0 0 0 0 0 0 0 0 0 0 0 0 0 0 0 0 0 0 0 0 0 0 0 0 0 0 0 0 0 0 0 0 0 0 0 0 0 0 0 0 0 0 0 0 0 0 0 0 0 0 0 0 0 0 0 0 0 0 0 0 0 0 0 0 0 0 0 0 0 0 0 0 0 0 0 0 0 0 0 0 0 0 0 0 0 0 0 0 0 0 0 0 0 0 0 0 0 0 0 0 0 0 0 0 0 0 0 0 0 0 0 0 0 0 0 0 0 0 0 0 0 0 0 0 0 0 0 0 0 0 0 0 0 0 0 0 0 0 0 0 0 0 0 0 0 0 0 0 0 0 0 0 0 0 0 0 0 0 0 0 0 0 0 0 0 0 0 0 0 0 0 0 0
