0 87.3877551020408 924.568027210884 16025.2074829932 5566.59863945578 1622.41156462585 141.734693877551 0 0 0 0 0 1031.60884353741 228.47619047619 48.7959183673469 82.8707482993197 33.7006802721088 118.823129251701 93.4523809523809 172.098639455782 199.146258503401 188.860544217687 77.7142857142857 0 0 0 0 0 0 0 76.9863945578231 0 0 0 0 0 0 0 0 0 0 0 0 0 0 0 0 0 0 0 0 0 0 0 0 0 0 0 0 0 0 0 0 0 0 0 0 0 0 0 0 0 0 0 0 0 0 0 0 0 0 0 0 0 0 0 0 0 0 0 0 0 0 0 0 0 0 0 0 0 0 0 82.2448979591837 0 0 10.3367346938776 18.952380952381 0 0 25.9829931972789 0 12.2108843537415 0 0 0 0 0 0 55.6462585034014 462.812925170068 895.680272108843 21.4795918367347 26.1224489795918 18.9557823129252 45.5952380952381 64.1292517006803 107.040816326531 110.462585034014 97.156462585034 67.2585034013605 151.125850340136 140.003401360544 109.503401360544 187.942176870748 184.387755102041 137.71768707483 29.4149659863946 182.826530612245 0 0 0 239.068027210884 78.1326530612245 0 0 42.2108843537415 0 0 0 0 13.6156462585034 73.2414965986395 633.680272108843 90.4251700680272 38.8197278911565 100.765306122449 85.3605442176871 119.823129251701 115.37074829932 359.986394557823 0 0 88.1938775510204 0 0 0 87.5136054421769 0 0 0 0 58.9285714285714 19.421768707483 12.0612244897959 31.1054421768707 161.316326530612 109.149659863946 75.3503401360544 0 0 174.319727891156 0 29.6258503401361 102.80612244898 50.6394557823129 18.1904761904762 0 0 0 0 0 0 39.9897959183673 27.156462585034 47.2244897959184 0 17.2993197278912 0 0 0 0 0 0 0 0 0 0 0 0 0 17.3027210884354 0 0 0 0 0 0 0 0 0 0 0 0 0 0 0 0 0 0 14.1768707482993 0 0 0 0 0 0 0 0 0 0 0 0 0 0 0 0 0 0 0 0 0 0 0 0 0 0 0 0 0 0 0 0 0 0 0 0 0 0 0 0 0 0 0 0 0 0 0 0 0 0 0 0 0 0 0 0 0 0 0 0 0 0 0 0 0 0 0 0 0 53.8673469387755 31.3163265306122 0 0 0 0 0 0 0 0 0 0 0 0 0 0 0 0 0 0 0 0 43.0170068027211 0 0 13.2074829931973 0 0 0 0 0 0 0 0 0 0 0 0 0 0 0 0 0 0 0 0 0 0 0 0 0 0 0 0 0 0 0 0 0 0 0
87.3877551020408 0 0 29.4455782312925 30.0952380952381 49.4149659863946 0 12.4761904761905 0 0 0 0 20.6768707482993 13.1224489795918 0 0 0 53.4319727891156 28.4353741496599 42.4455782312925 53.8639455782313 0 269.819727891156 0 0 0 0 0 0 0 0 0 0 0 0 0 0 0 0 0 0 0 0 0 0 0 0 0 0 0 0 0 0 0 0 0 0 0 0 0 0 0 0 0 0 0 20.8299319727891 0 0 0 0 0 17.312925170068 0 0 0 0 0 0 0 0 0 0 0 0 0 0 0 0 0 0 0 0 0 0 11.0272108843537 0 0 0 0 0 0 13.7448979591837 0 0 0 0 0 0 0 0 0 0 0 0 0 0 0 0 18.9421768707483 0 0 0 0 0 0 0 13.0034013605442 25.7585034013605 16.7823129251701 12.5374149659864 14.3571428571429 57.9149659863946 26.8741496598639 27.1258503401361 53.5238095238095 116.251700680272 259.204081632653 0 185.748299319728 235.551020408163 0 183.540816326531 0 25.891156462585 36.9319727891156 0 0 33.656462585034 141.534013605442 152.534013605442 0 0 0 0 125.333333333333 393.731292517007 36.7687074829932 155.80612244898 0 0 0 28.3571428571429 0 0 0 10.7244897959184 0 0 0 0 0 0 0 0 16.6972789115646 18.9455782312925 7.25170068027211 0 0 0 0 0 0 0 0 0 0 0 0 0 0 0 0 0 0 0 0 0 0 0 0 0 0 0 0 0 0 0 0 0 0 0 0 0 0 0 0 0 0 0 0 0 0 0 0 0 0 0 0 0 0 0 0 0 0 0 0 0 0 0 0 0 0 0 0 0 0 0 0 0 0 0 0 0 0 0 0 0 0 0 0 0 0 0 0 0 0 0 0 0 0 0 0 0 0 0 0 0 0 0 0 0 0 0 0 0 0 0 0 0 0 0 0 0 0 0 0 0 0 0 0 0 0 0 0 0 0 0 0 0 0 0 0 0 0 0 0 0 0 0 0 0 0 0 0 0 0 0 0 0 0 0 0 0 0 0 0 0 0 0 0 0 0 0 0 0 0 0 0 0 0 0 0 0 0 0 0 0 0
924.568027210884 0 0 958.091836734694 758.989795918367 132.207482993197 24.4591836734694 0 0 0 0 0 502.452380952381 98.3945578231292 66.6802721088435 198.006802721088 76.9047619047619 15.6428571428571 85.5918367346939 28.2176870748299 29.1802721088435 26.047619047619 0 0 0 0 0 0 0 0 54.7959183673469 0 0 0 0 0 0 0 0 0 0 0 0 0 0 0 0 0 0 0 0 0 0 0 0 0 0 0 0 0 0 0 0 0 0 0 0 0 0 0 0 0 0 0 0 0 0 0 0 0 0 0 0 0 0 0 0 0 0 0 0 0 0 0 0 0 0 0 0 0 0 0 13.4965986394558 0 0 0 0 0 0 0 0 0 0 0 0 0 0 0 0 42.0272108843537 76.3027210884354 0 0 0 6.40816326530612 0 0 7.85374149659864 11.2755102040816 0 5.30952380952381 0 8.57142857142857 7.18707482993197 0 0 0 15.1462585034014 0 0 0 543.265306122449 15.1734693877551 0 0 14.108843537415 0 0 0 0 0 319.605442176871 24.3095238095238 0 0 0 0 40.030612244898 0 13.5680272108844 0 0 0 0 0 0 6.93877551020408 0 0 0 0 0 0 0 0 6.52380952380952 0 0 0 0 20.3027210884354 0 0 13.3707482993197 11.6836734693878 0 0 0 0 0 0 0 0 10.6972789115646 14.9557823129252 0 0 0 0 0 0 0 0 0 0 0 0 0 0 0 0 0 0 0 0 0 0 0 0 0 0 0 0 0 0 0 0 0 0 0 0 0 0 0 0 0 0 0 0 0 0 0 0 0 0 0 0 0 0 0 0 0 0 0 0 0 0 0 0 0 0 0 0 0 0 0 0 0 0 0 0 0 0 0 0 0 0 0 0 0 0 0 0 0 0 0 0 0 0 0 0 0 0 0 0 0 0 0 0 18.1394557823129 0 0 0 0 0 0 0 0 0 0 0 0 0 0 0 0 0 0 0 0 0 14.3741496598639 0 0 0 0 0 0 0 0 0 0 0 0 0 0 0 0 0 0 0 0 0 0 0 0 0 0 0 0 0 0 0 0 0 0 0 0 0 0
16025.2074829932 29.4455782312925 958.091836734694 0 6130.25850340136 1809 116.547619047619 0 0 0 0 0 895.789115646259 209.469387755102 41.9659863945578 66.4387755102041 28.6462585034014 92.0714285714286 73.687074829932 86.921768707483 111.877551020408 139.085034013605 0 0 0 0 0 0 0 0 97.6292517006803 0 0 0 0 0 0 0 0 0 0 0 0 0 0 0 0 0 0 0 0 0 0 0 0 0 0 0 0 0 0 0 0 0 0 0 0 0 0 0 0 0 0 0 0 0 0 0 0 0 0 0 0 0 0 0 0 0 0 0 0 0 0 0 0 0 0 0 0 0 0 0 49.7210884353741 0 0 0 10.312925170068 0 0 17.0952380952381 0 0 0 0 0 0 0 0 81.5136054421769 369.965986394558 567.52380952381 24.8469387755102 16.765306122449 12.0374149659864 25.6700680272109 324.06462585034 95.8571428571429 59.4591836734694 54.7789115646259 36.4591836734694 105.826530612245 87.9591836734694 66.312925170068 125.598639455782 148.945578231293 97.0272108843537 18.1292517006803 102.683673469388 0 0 0 251.540816326531 44.4795918367347 0 0 30.8979591836735 0 0 0 0 10.6530612244898 65.1938775510204 855.850340136054 97.6462585034014 42.4965986394558 33.5850340136054 31.1258503401361 74.8775510204082 40.2074829931973 351.051020408163 0 0 90.5884353741497 0 0 0 53.9591836734694 0 0 0 0 45.969387755102 11.7959183673469 8.77891156462585 19.5578231292517 90.0816326530612 65.3197278911565 42.2176870748299 0 0 120.608843537415 0 19.2993197278912 125.027210884354 35.469387755102 0 0 0 0 0 0 0 27.187074829932 21.7551020408163 30.530612244898 0 10.9149659863946 0 0 0 0 0 0 0 0 0 0 0 0 0 13.1122448979592 0 0 0 0 0 0 0 0 0 0 0 0 0 0 0 0 0 0 8.75850340136054 0 0 0 0 0 0 0 0 0 0 0 0 0 0 0 0 0 0 0 0 0 0 0 0 0 0 0 0 0 0 0 0 0 0 0 0 0 0 0 0 0 0 0 0 0 0 0 0 0 0 0 0 0 0 0 0 0 0 0 0 0 0 0 0 0 0 0 0 0 37.2448979591837 21.5510204081633 0 0 0 0 0 0 0 0 0 0 0 0 0 0 0 0 0 0 0 0 28.687074829932 0 0 0 0 0 0 0 0 0 0 0 0 0 0 0 0 0 0 0 0 0 0 0 0 0 0 0 0 0 0 0 0 0 0 0 0 0 0
5566.59863945578 30.0952380952381 758.989795918367 6130.25850340136 0 4233.51360544218 207.680272108844 0 0 0 0 0 1650.01360544218 132.625850340136 29.3639455782313 81.3537414965986 22.4251700680272 117.904761904762 110.163265306122 176.809523809524 251.959183673469 325.982993197279 0 0 0 0 0 0 0 0 44.3061224489796 0 0 0 0 0 0 0 0 0 0 0 0 0 0 0 0 0 0 0 0 0 0 0 0 0 0 0 0 0 0 0 0 0 0 0 0 0 0 0 0 0 0 0 0 0 0 0 0 0 0 0 0 0 0 0 0 0 0 0 0 0 0 0 0 0 0 0 0 0 0 0 51.8163265306122 0 0 0 9.65646258503401 0 0 13.9013605442177 0 0 0 0 0 0 0 0 23.4897959183673 229.489795918367 223.972789115646 13.156462585034 13.8095238095238 15.108843537415 27.3197278911565 26.4965986394558 97.4149659863946 54.3809523809524 58.0068027210884 35.4081632653061 87.3707482993197 72.6632653061225 62.8809523809524 105.309523809524 129.761904761905 85.1496598639456 19.6020408163265 111.098639455782 0 0 0 164.595238095238 26.6224489795918 0 0 14.2891156462585 0 0 0 0 0 62.8061224489796 298.469387755102 125.639455782313 19.0204081632653 53.4727891156463 32.5272108843537 123.931972789116 46.5646258503401 423.15306122449 0 0 108.772108843537 0 0 0 48.0544217687075 0 0 0 0 38.1598639455782 13.8299319727891 11.4149659863946 22.2891156462585 76.3605442176871 57.6598639455782 36.5034013605442 0 0 50.1258503401361 0 17.4761904761905 38.2482993197279 28.3265306122449 0 0 0 0 0 0 0 24.734693877551 17.2789115646259 31.8469387755102 0 11.0952380952381 0 0 0 0 0 0 0 0 0 0 0 0 0 11.156462585034 0 0 0 0 0 0 0 0 0 0 0 0 0 0 0 0 0 0 0 0 0 0 0 0 0 0 0 0 0 0 0 0 0 0 0 0 0 0 0 0 0 0 0 0 0 0 0 0 0 0 0 0 0 0 0 0 0 0 0 0 0 0 0 0 0 0 0 0 0 0 0 0 0 0 0 0 0 0 0 0 0 0 0 0 0 0 0 0 31.0408163265306 18.5680272108844 0 0 0 0 0 0 0 0 0 0 0 0 0 0 0 0 0 0 0 0 28.891156462585 0 0 0 0 0 0 0 0 0 0 0 0 0 0 0 0 0 0 0 0 0 0 0 0 0 0 0 0 0 0 0 0 0 0 0 0 0 0
1622.41156462585 49.4149659863946 132.207482993197 1809 4233.51360544218 0 697.860544217687 0 0 0 0 0 884.914965986395 59.6326530612245 28.0272108843537 95.7687074829932 38.312925170068 262.37074829932 411.272108843537 619.80612244898 752.530612244898 873.758503401361 57.8333333333333 0 0 0 0 0 0 0 20.547619047619 0 0 0 0 0 0 0 0 0 0 0 0 0 0 0 0 0 0 0 0 0 0 0 0 0 0 0 0 0 0 0 0 0 0 0 0 0 0 0 0 0 0 0 0 0 0 0 0 0 0 0 0 0 0 0 0 0 0 0 0 0 0 0 0 0 0 0 0 0 0 0 40.3333333333333 0 0 0 7.5 0 0 11 0 0 0 0 0 0 0 0 15.1700680272109 167.319727891156 106.285714285714 12.3639455782313 10.9727891156463 11.4183673469388 20.6122448979592 15.8469387755102 122.853741496599 41.3639455782313 48.5884353741497 28.6836734693878 70.7210884353742 58.1938775510204 53.8605442176871 92.2108843537415 137.683673469388 84.7108843537415 19.6360544217687 189.394557823129 0 0 0 71.0476190476191 89.8469387755102 0 0 45.6496598639456 0 0 0 0 0 61.4557823129252 130.095238095238 327.231292517007 13.1224489795918 157.972789115646 49.7959183673469 729.962585034014 125.605442176871 372.986394557823 0 0 237.795918367347 0 0 0 37.7482993197279 0 0 0 0 33.1700680272109 10.2074829931973 0 17.1020408163265 60.1700680272109 47.7176870748299 27.4591836734694 0 0 20.3061224489796 0 0 12.7789115646259 0 0 0 0 0 0 0 0 0 0 13.5816326530612 0 0 0 0 0 0 0 0 0 0 0 0 0 0 0 0 0 0 0 0 0 0 0 0 0 0 0 0 0 0 0 0 0 0 0 0 0 0 0 0 0 0 0 0 0 0 0 0 0 0 0 0 0 0 0 0 0 0 0 0 0 0 0 0 0 0 0 0 0 0 0 0 0 0 0 0 0 0 0 0 0 0 0 0 0 0 0 0 0 0 0 0 0 0 0 0 0 0 0 0 0 0 0 0 17.7755102040816 0 0 0 0 0 0 0 0 0 0 0 0 0 0 0 0 0 0 0 0 0 12.5714285714286 0 0 0 0 0 0 0 0 0 0 0 0 0 0 0 0 0 0 0 0 0 0 0 0 0 0 0 0 0 0 0 0 0 0 0 0 0 0
141.734693877551 0 24.4591836734694 116.547619047619 207.680272108844 697.860544217687 0 0 0 0 0 0 81.7448979591837 12.0612244897959 0 24.1632653061224 0 452.091836734694 60.5510204081633 61.5034013605442 72.2891156462585 229.680272108844 0 0 0 0 0 0 0 0 0 0 0 0 0 0 0 0 0 0 0 0 0 0 0 0 0 0 0 0 0 0 0 0 0 0 0 0 0 0 0 0 0 0 0 0 0 0 0 0 0 0 0 0 0 0 0 0 0 0 0 0 0 0 0 0 0 0 0 0 0 0 0 0 0 0 0 0 0 0 0 0 0 0 0 0 0 0 0 0 0 0 0 0 0 0 0 0 0 43.7687074829932 29.6360544217687 0 0 0 0 0 75.7789115646258 0 0 0 15.2585034013605 9.71428571428571 6.75510204081633 19.8843537414966 53.9625850340136 27.156462585034 0 126.333333333333 0 0 0 19.8809523809524 56.3095238095238 0 0 32.5068027210884 0 0 0 0 0 0 38.1768707482993 331.255102040816 0 33.2380952380952 0 86.1530612244898 36.156462585034 95.8163265306122 0 0 485.047619047619 0 0 0 0 0 0 0 0 0 0 0 0 8.15986394557823 6.74149659863946 0 0 0 0 0 0 0 0 0 0 0 0 0 0 0 0 0 0 0 0 0 0 0 0 0 0 0 0 0 0 0 0 0 0 0 0 0 0 0 0 0 0 0 0 0 0 0 0 0 0 0 0 0 0 0 0 0 0 0 0 0 0 0 0 0 0 0 0 0 0 0 0 0 0 0 0 0 0 0 0 0 0 0 0 0 0 0 0 0 0 0 0 0 0 0 0 0 0 0 0 0 0 0 0 0 0 0 0 0 0 0 0 0 0 0 0 0 0 0 0 0 0 0 0 0 0 0 0 0 0 0 0 0 0 0 0 0 0 0 0 0 0 0 0 0 0 0 0 0 0 0 0 0 0 0 0 0 0 0 0 0 0 0 0 0 0 0 0 0 0 0 0 0 0 0 0 0 0 0 0 0 0 0
0 12.4761904761905 0 0 0 0 0 0 547.557823129252 646.071428571429 211.58843537415 503.721088435374 0 309.353741496599 0 0 0 0 0 0 0 0 0 0 15.1122448979592 18.234693877551 0 9.87414965986395 0 0 0 0 0 0 0 588.636054421769 342.095238095238 116.904761904762 116.751700680272 1097.25170068027 44.7585034013605 135.350340136054 104.234693877551 130.047619047619 42.0374149659864 13.8741496598639 92.7789115646258 33.9965986394558 33.187074829932 21.5204081632653 367.115646258503 415.758503401361 1579.56462585034 1868.92176870748 1552.20408163265 778.091836734694 0 0 0 0 0 0 0 0 0 0 48.0544217687075 8.27551020408163 0 4.8469387755102 0 0 57.2585034013605 21.3197278911565 9.27891156462585 0 5.16326530612245 290.534013605442 24.8503401360544 81.0952380952381 12.0748299319728 10.7823129251701 10.2312925170068 6.32993197278912 0 7.24829931972789 0 0 0 0 0 0 0 0 33.5272108843537 349.513605442177 31.4421768707483 0 206.87074829932 234.554421768707 68.2721088435374 134.017006802721 20.3367346938776 33.4829931972789 31.3843537414966 108.340136054422 0 26.9829931972789 20.1530612244898 0 8.02380952380952 0 32.6394557823129 18.3197278911565 49.8775510204082 180.159863945578 169.200680272109 0 29.9285714285714 411.602040816327 0 0 0 0 0 0 0 0 15.6972789115646 18.030612244898 7.80272108843537 0 58.6326530612245 18.1394557823129 11.9183673469388 24.6632653061224 59.1734693877551 45.6598639455782 17.2925170068027 24.765306122449 14.6292517006803 0 18.8741496598639 68.6972789115646 40.4523809523809 12.3163265306122 132.568027210884 117.190476190476 122.972789115646 57.1904761904762 67.687074829932 0 0 0 0 0 24.0102040816327 0 0 0 0 0 0 0 0 0 75.1904761904762 199.503401360544 7.94897959183673 0 6.92517006802721 0 0 0 0 6.77551020408163 12.6292517006803 0 0 0 0 0 0 0 0 0 0 499.608843537415 85.2176870748299 60.0646258503401 0 24.1632653061224 0 142.272108843537 0 0 0 0 0 0 0 0 0 0 0 0 0 0 0 0 0 0 0 0 0 35.7074829931973 38.4319727891156 31.1768707482993 9.04761904761905 201.493197278912 56.0986394557823 6.42857142857143 57.5680272108844 67.5646258503401 0 0 0 0 0 0 64.9013605442177 55.1802721088435 91.2755102040816 119.602040816327 287.34693877551 0 0 0 0 0 0 0 0 0 0 0 0 0 0 0 0 0 0 0 0 0 0 0 0 0 0 0 0 0 0 0 0 0 0 0 0 0 0 0 0 55.1496598639456 0 0 0 0 0 0 0 0 0 0 0 0 0 0 0 0 0 0 0 19.0748299319728 0 0 0 6.29931972789116 0 0 0 0 0 0 0 0 0 0 0 0 0 0 0 0 0 0 0 0 0 0 0 0 0 0 0 0 0 0 0 0 0 0 0 0 0 0 0 0 0 0 0 0 0 0 0 0 0 0 0 0 0 0 0 0 0 0 0 0
0 0 0 0 0 0 0 547.557823129252 0 38.7551020408163 19.1292517006803 41.7687074829932 0 86.6496598639456 0 0 0 0 0 0 0 0 0 0 0 6.76530612244898 0 0 0 0 0 0 0 0 0 456.761904761905 105.112244897959 38.7823129251701 170.700680272109 90.4115646258503 0 30.6394557823129 12.0510204081633 28.9421768707483 0 0 19.687074829932 0 0 0 3327 1219.10544217687 1180.63945578231 93.9591836734694 96.7687074829932 57.8469387755102 0 0 0 0 0 0 0 0 0 0 37.078231292517 0 0 0 0 0 36.9421768707483 19.9965986394558 0 0 0 65.2414965986395 14.2721088435374 42.5238095238095 0 0 0 0 0 0 0 0 0 0 0 0 0 0 0 55.6190476190476 16.421768707483 0 55.8265306122449 287.285714285714 75.1190476190476 135.636054421769 18.1530612244898 57.0850340136054 36.4761904761905 43.5238095238095 0 15.6496598639456 0 0 0 0 12.6394557823129 7.99659863945578 15.4183673469388 240.41156462585 88.5 0 21.5612244897959 209.816326530612 0 0 0 0 0 0 0 0 0 0 0 0 11.5748299319728 0 0 0 0 0 0 0 0 0 0 19.4863945578231 0 0 213.333333333333 56.6802721088435 30.2176870748299 0 16.6462585034014 0 0 0 0 0 0 0 0 0 0 0 0 0 0 0 67.9659863945578 79.0034013605442 0 0 0 0 0 0 0 0 0 0 0 0 0 0 0 0 0 0 0 100.751700680272 58.2993197278912 0 0 0 0 44.0714285714286 0 0 0 0 0 0 0 0 0 0 0 0 0 0 0 0 0 0 0 0 0 35.3741496598639 33.8367346938776 23.1224489795918 18.5646258503401 32.0136054421769 0 11.3299319727891 0 0 0 0 0 0 0 0 61.312925170068 72.2040816326531 39.0408163265306 0 25.5544217687075 0 0 0 0 0 0 0 0 0 0 0 0 0 0 0 0 0 0 0 0 0 0 0 0 0 0 0 0 0 0 0 0 0 0 0 0 0 0 0 0 0 0 0 0 0 0 0 0 0 0 0 0 0 0 0 0 0 0 0 0 26.469387755102 0 0 0 0 0 0 0 0 0 0 0 0 0 0 0 0 0 0 0 0 0 0 0 0 0 0 0 0 0 0 0 21.0816326530612 0 0 0 0 0 0 0 0 0 0 0 0 0 0 0 0 0 0 0 0 0 0 0 0 0 0 0 0 0 0 0 0
0 0 0 0 0 0 0 646.071428571429 38.7551020408163 0 200.142857142857 623.789115646259 0 14.2074829931973 0 0 0 0 0 0 0 0 0 0 0 0 0 0 0 0 0 0 0 0 0 0 0 0 0 0 0 0 34.4829931972789 104.724489795918 0 0 20.3605442176871 0 0 0 33.6972789115646 33.9183673469388 77.6904761904762 346.58843537415 61.2687074829932 96.2687074829932 0 13.4387755102041 0 0 0 0 0 0 0 0 163.534013605442 0 0 0 0 0 88.0748299319728 0 0 0 0 69.9659863945578 0 0 0 0 0 0 0 0 0 0 0 0 0 0 0 0 14.1734693877551 678.612244897959 250.251700680272 0 19.4761904761905 0 0 0 0 0 0 16.8061224489796 0 0 9.19387755102041 0 0 0 0 14.5578231292517 11.6598639455782 0 40.2312925170068 0 0 31.3979591836735 0 0 0 0 0 0 0 0 0 0 0 0 20.547619047619 0 0 13.7823129251701 26.7551020408163 30.8775510204082 0 11.6292517006803 0 0 0 31.6530612244898 25.1292517006803 0 0 12.0068027210884 50.4625850340136 24.4829931972789 42.1972789115646 0 0 0 0 0 15.5986394557823 0 0 0 0 0 0 0 0 0 0 19.1156462585034 0 0 0 0 0 0 0 0 0 0 0 0 0 0 0 0 0 0 0 35.1258503401361 0 66.7517006802721 0 30.0272108843537 0 13.5102040816327 0 0 0 0 0 0 0 0 0 0 0 39.1598639455782 0 0 0 0 0 0 0 0 0 0 0 0 0 30.1326530612245 47.2687074829932 0 76.7040816326531 100.887755102041 0 0 0 0 0 0 0 0 0 29.5238095238095 61.9115646258503 0 0 0 0 0 0 0 0 0 0 0 0 0 0 0 0 0 0 0 0 0 0 0 0 0 0 0 0 0 0 0 0 0 0 0 0 0 0 0 0 76.1700680272109 21.891156462585 0 0 0 0 0 0 0 0 0 0 0 0 0 0 0 0 0 0 0 0 0 0 0 0 0 0 0 0 0 0 0 0 0 0 0 0 0 0 0 0 0 0 0 0 0 0 0 0 0 0 0 0 0 0 0 0 0 0 0 0 0 0 0 0 0 0 0 0 0 0 0 0 0 0 0 0 0 0 0 0 0 0 0
0 0 0 0 0 0 0 211.58843537415 19.1292517006803 200.142857142857 0 464.19387755102 0 0 0 0 0 0 0 0 0 0 0 0 0 16.7891156462585 0 0 0 0 0 0 0 0 0 0 0 0 0 0 0 0 36.4013605442177 57.9455782312925 0 0 0 0 0 0 12.2210884353741 12.3401360544218 36.7925170068027 21.8231292517007 14.0034013605442 221.200680272109 0 0 0 0 0 0 0 0 0 0 64.7585034013605 0 0 0 0 0 148.34693877551 26.1258503401361 0 0 0 224.884353741497 50.5578231292517 265.30612244898 21.8809523809524 15.4115646258503 21.9047619047619 0 0 0 0 0 0 0 0 0 0 0 0 71.4727891156463 35.1530612244898 0 21.2789115646259 0 0 0 0 0 0 0 0 0 0 0 0 0 0 0 0 0 17.0884353741497 0 0 0 0 0 0 0 0 0 0 0 0 0 0 0 18.2278911564626 0 0 0 17.530612244898 0 0 0 0 0 0 8.62925170068027 0 0 0 14.6292517006803 18.0272108843537 0 0 0 0 0 0 0 0 0 0 0 0 0 0 0 0 0 0 0 0 0 0 0 0 0 0 0 0 0 0 0 0 0 0 0 0 0 0 0 0 0 0 0 0 0 0 0 0 0 0 0 0 0 0 0 0 0 0 0 0 0 0 0 0 0 0 0 0 0 0 0 0 0 17.4795918367347 28.2448979591837 0 0 0 0 0 0 0 0 0 0 0 0 0 0 0 0 0 0 0 0 0 0 0 0 0 0 0 0 0 0 0 0 0 0 0 0 0 0 0 0 0 0 0 0 0 0 0 0 0 0 0 20.1054421768707 0 0 0 0 0 0 0 0 0 0 0 0 0 0 0 0 0 0 0 0 0 0 0 0 0 0 0 0 0 0 0 0 0 0 0 0 0 0 0 0 0 0 0 0 0 0 0 0 0 0 0 0 0 0 0 0 0 0 0 0 0 0 0 0 0 0 0 0 0 0 0 0 0 0 0 0 0 0 0 0 0 0 0 0
0 0 0 0 0 0 0 503.721088435374 41.7687074829932 623.789115646259 464.19387755102 0 0 0 0 0 0 0 0 0 0 0 0 0 0 18.4251700680272 0 0 0 0 0 0 0 0 0 0 0 0 0 0 0 0 42.6836734693878 73.5204081632653 0 0 14.7448979591837 0 0 0 28.8367346938776 27.4251700680272 95.4047619047619 60.843537414966 27.7006802721088 176.204081632653 0 0 0 0 0 0 0 0 0 0 258.183673469388 0 0 0 0 0 326.268707482993 25.5646258503401 8.00680272108844 0 0 141.969387755102 58.8367346938776 189.112244897959 21.5102040816327 15.0578231292517 22.0680272108844 10.7721088435374 0 8.46938775510204 0 0 0 0 0 0 0 0 0 213.819727891156 138.734693877551 0 23.0680272108844 0 0 0 0 0 0 16.1700680272109 0 11.8775510204082 13.0340136054422 0 0 0 9.98979591836735 23.1700680272109 0 15.0884353741497 47.9047619047619 0 0 29.343537414966 0 0 0 0 0 0 0 0 0 0 0 0 48.2482993197279 15.0442176870748 0 22.0374149659864 55.2176870748299 41.4115646258503 0 22.7517006802721 0 0 0 32.9387755102041 16.4285714285714 0 0 21.5136054421769 60.4149659863946 33.608843537415 37.0986394557823 0 0 0 0 0 21.3027210884354 0 0 0 0 0 0 0 0 0 0 12.9659863945578 0 0 0 0 0 0 0 0 0 0 0 0 0 0 0 0 0 0 0 16.2619047619048 0 41.7006802721088 0 0 0 0 0 0 0 0 0 0 0 0 0 0 0 33.6428571428571 0 0 0 0 0 0 0 0 0 0 0 0 0 14.656462585034 25.9863945578231 0 54.3571428571429 70.030612244898 0 0 0 0 0 0 0 0 0 0 28.8945578231293 0 0 7.51700680272109 0 0 0 0 0 0 0 0 0 0 0 0 0 0 0 0 0 0 0 0 0 0 0 0 0 0 0 0 0 0 0 0 0 0 0 0 0 51.2482993197279 0 0 0 0 0 0 0 0 0 0 0 0 0 0 0 0 0 0 0 0 0 0 0 0 0 0 0 0 0 0 0 0 0 0 0 0 0 0 0 0 0 0 0 0 0 0 0 0 0 0 0 0 0 0 0 0 0 0 0 0 0 0 0 0 0 0 0 0 0 0 0 0 0 0 0 0 0 0 0 0 0 0 0 0
1031.60884353741 20.6768707482993 502.452380952381 895.789115646259 1650.01360544218 884.914965986395 81.7448979591837 0 0 0 0 0 0 91.7891156462585 35.2551020408163 340.673469387755 64.7312925170068 53.5510204081633 365.544217687075 129.819727891156 117.860544217687 104.744897959184 25.1632653061224 0 0 0 0 0 0 0 35.3333333333333 0 0 0 0 0 0 0 0 0 0 0 0 0 0 0 0 0 0 11.0442176870748 0 0 0 0 0 0 0 0 0 0 0 0 0 0 0 0 0 0 0 0 0 0 0 0 0 0 0 0 0 0 0 0 0 0 0 0 0 0 0 0 0 0 0 0 0 0 0 0 0 0 0 0 37.8503401360544 0 0 0 0 0 0 0 0 0 0 0 0 0 0 0 9.02721088435374 78.2585034013605 63.2993197278912 0 0 16.4761904761905 22.2448979591837 0 13.0748299319728 29.5136054421769 41.9489795918367 17.9761904761905 18.6700680272109 18.7721088435374 30.5 24.7142857142857 18.3197278911565 18.7210884353741 13.3605442176871 53.7040816326531 0 0 0 162.391156462585 36.2585034013605 0 0 14.6530612244898 0 0 0 0 0 196.683673469388 15.7244897959184 27.0816326530612 0 38.7585034013605 18.6802721088435 154.350340136054 60.7619047619048 18.1122448979592 0 0 38.2857142857143 0 0 0 22.1326530612245 0 0 0 0 0 13.1700680272109 14.3639455782313 22.3469387755102 26.5204081632653 21.8741496598639 14.2551020408163 0 0 27.2789115646259 0 0 18.3843537414966 17.1972789115646 0 0 0 0 0 0 0 17.6700680272109 13.1360544217687 24.9557823129252 0 0 0 0 0 0 0 0 0 0 0 0 0 0 0 8.41156462585034 0 0 0 0 0 0 0 0 0 0 0 0 0 0 0 0 0 0 0 0 0 0 0 0 0 0 0 0 0 0 0 0 0 0 0 0 0 0 0 0 0 0 0 0 0 0 0 0 0 0 0 0 0 0 0 0 0 0 0 0 0 0 0 0 0 0 0 0 0 0 0 0 0 0 0 0 0 0 0 0 0 0 0 0 0 0 0 0 19.9863945578231 12.187074829932 0 0 0 0 0 0 0 0 0 0 0 0 0 0 0 0 0 0 0 0 21.1292517006803 0 0 0 0 0 0 0 0 0 0 0 0 0 0 0 0 0 0 0 0 0 0 0 0 0 0 0 0 0 0 0 0 0 0 0 0 0 0
228.47619047619 13.1224489795918 98.3945578231292 209.469387755102 132.625850340136 59.6326530612245 12.0612244897959 309.353741496599 86.6496598639456 14.2074829931973 0 0 91.7891156462585 0 422.734693877551 25.1904761904762 50.1496598639456 24.921768707483 26.3299319727891 16.1122448979592 14.7857142857143 10.952380952381 0 11.9455782312925 38.5170068027211 23.6496598639456 238.248299319728 22.3197278911565 124.486394557823 264.704081632653 920.612244897959 247.894557823129 364.421768707483 414.445578231293 453.421768707483 62.7721088435374 283.863945578231 713.272108843537 81.8537414965986 347.166666666667 175.071428571429 138.816326530612 86.2142857142857 50.8027210884354 201.636054421769 68.4047619047619 48.8299319727891 44.8979591836735 68.3843537414966 73.8095238095238 70.7857142857143 135.826530612245 57.6156462585034 32.9081632653061 208.486394557823 0 76.0918367346939 298.857142857143 47.3265306122449 47.1394557823129 38.2755102040816 40.5136054421769 31.3741496598639 20.4387755102041 9.41496598639456 0 0 10.9761904761905 58.9591836734694 21.6020408163265 13.4727891156463 36.0578231292517 0 8.41496598639456 6.20408163265306 0 7.19387755102041 8.86734693877551 0 0 0 0 0 0 6.48299319727891 16.6428571428571 20.3945578231293 10.0986394557823 7.20748299319728 7.79251700680272 0 11.8877551020408 16.4353741496599 0 33.3231292517007 35.3095238095238 0 0 0 0 13.6258503401361 0 28.047619047619 44.6530612244898 35.9115646258503 0 0 0 0 7.39115646258503 0 0 0 0 0 37.6530612244898 56.9183673469388 0 102.394557823129 193.639455782313 442.952380952381 11.4251700680272 0 21.7380952380952 13.3401360544218 66.5850340136054 8.54081632653061 12.578231292517 30.7108843537415 18.6734693877551 10.5986394557823 10.2108843537415 51.6530612244898 24.952380952381 16.0340136054422 35.3639455782313 30.5068027210884 71.3401360544218 18.9353741496599 0 0 307.183673469388 38.2857142857143 44.3537414965986 71.4863945578231 58.6938775510204 22.2993197278912 120.418367346939 132.670068027211 35.9285714285714 64.2721088435374 35.1462585034014 17.1428571428571 11.8231292517007 9.24149659863946 11.2789115646259 26.8231292517007 22.7925170068027 13.7176870748299 0 292.482993197279 109.299319727891 17.0680272108844 15.2857142857143 0 22.7244897959184 14.5714285714286 0 0 12.2278911564626 0 0 16.7074829931973 31.5850340136054 20.6428571428571 13.6462585034014 18.5102040816327 6.35034013605442 49.8299319727891 61.1972789115646 37.2721088435374 0 20.5238095238095 32.8843537414966 23.7312925170068 9.1530612244898 0 93.4761904761905 30.8333333333333 0 0 0 23.234693877551 384.965986394558 68.7585034013605 8.29931972789116 16.1496598639456 0 0 0 0 0 0 0 0 0 45.4761904761905 0 25.6224489795918 28.1496598639456 27.2823129251701 0 0 0 14.7108843537415 22.5952380952381 46.4523809523809 41.8401360544218 24.6394557823129 58.9387755102041 22.9319727891156 39.6734693877551 14.843537414966 15.5136054421769 51.1700680272109 15.9489795918367 23.4625850340136 17.3163265306122 17.7517006802721 22.0408163265306 28.1598639455782 49.891156462585 23.8707482993197 15.8333333333333 53.8061224489796 0 0 0 0 0 0 0 0 0 0 0 0 0 0 0 0 0 0 0 0 0 0 0 0 0 0 0 0 0 0 0 0 0 0 0 0 0 0 0 9.49319727891156 11.8537414965986 0 0 0 0 0 0 0 8.06462585034014 7.27210884353742 0 0 0 0 0 0 0 0 0 0 12.5918367346939 20.9251700680272 0 0 31.2857142857143 20.6394557823129 0 0 0 0 0 0 0 7.72789115646258 0 0 0 17.608843537415 7.69047619047619 0 8.90816326530612 11.2925170068027 13.8231292517007 0 0 0 43.234693877551 11.9489795918367 12.0816326530612 19.2380952380952 9.91156462585034 0 23.5068027210884 39.6972789115646 10.9727891156463 21.5510204081633 10.5136054421769 0 0 0 0 0 0 0 0 19.5714285714286 12.608843537415 0 0 0 0 0 0 0 0 0 0 0 0 0 0 0 0 0 0
48.7959183673469 0 66.6802721088435 41.9659863945578 29.3639455782313 28.0272108843537 0 0 0 0 0 0 35.2551020408163 422.734693877551 0 35.2482993197279 205.510204081633 27.9795918367347 44.6428571428571 0 0 0 0 14.0952380952381 14.1292517006803 18.9081632653061 108.996598639456 10.3673469387755 466.602040816327 853.404761904762 850.799319727891 15.8741496598639 149.646258503401 37.265306122449 99.2891156462585 0 61.3197278911565 125.969387755102 0 21.7074829931973 24.4863945578231 60.2823129251701 23.6972789115646 30 165.394557823129 380.316326530612 0 38.7551020408163 89.8231292517007 212.921768707483 0 0 0 0 25.1632653061224 0 10.9251700680272 7.60544217687075 0 18.4659863945578 0 0 8.72108843537415 0 0 0 9.01360544217687 10.8503401360544 0 0 0 0 0 0 0 0 0 0 0 0 0 0 0 0 0 10.7006802721088 0 0 0 0 0 0 0 0 0 36.4795918367347 0 0 0 0 0 0 40.0136054421769 24.2993197278912 6.75850340136054 0 0 0 0 0 0 0 0 0 0 0 0 0 19.0884353741497 81.7857142857143 80.6122448979592 0 0 22.5646258503401 15.0510204081633 16.3333333333333 9.89455782312925 14.5850340136054 26.7108843537415 14.2721088435374 12.8095238095238 10.3877551020408 38.5408163265306 20.8979591836735 15.5102040816327 29.9557823129252 20.2551020408163 68.4047619047619 11.2210884353741 0 0 709.149659863946 49.2142857142857 20.078231292517 61.6428571428571 86.1734693877551 0 25.9455782312925 58.030612244898 25.156462585034 54.8537414965986 74.8163265306122 0 0 0 0 22.8333333333333 25.8503401360544 14.7551020408163 0 306.452380952381 30.4149659863946 20.9829931972789 0 0 0 18.952380952381 0 0 0 0 0 21.1020408163265 40.3503401360544 22.656462585034 13.0816326530612 14.7619047619048 7.07142857142857 0 0 28.6802721088435 0 14.156462585034 18.469387755102 19.0442176870748 0 0 0 0 0 0 0 24.4761904761905 40.9149659863946 93.4319727891156 0 22.4285714285714 0 0 0 0 0 0 0 0 0 21.343537414966 0 29.547619047619 27.6836734693878 21.2959183673469 0 0 0 0 0 6.90476190476191 5.56122448979592 0 0 0 18.2210884353741 0 0 33.4115646258503 25.4625850340136 15.5408163265306 23.0068027210884 19.0102040816327 38.4285714285714 0 10.5952380952381 0 0 0 0 0 0 0 0 0 0 0 0 0 0 0 0 0 0 0 0 0 0 0 0 0 0 0 0 0 0 0 0 0 0 0 0 0 0 0 0 0 0 12.2278911564626 0 0 0 0 0 0 0 0 0 0 0 0 0 0 0 0 0 0 0 0 0 11.6394557823129 0 0 42.969387755102 0 0 0 0 0 0 0 0 0 0 0 0 18.6666666666667 0 0 14.0646258503401 12.9829931972789 22.7721088435374 0 0 0 40.0612244897959 16.6462585034014 0 33.8469387755102 12.3673469387755 0 0 22.891156462585 11.1020408163265 34.1054421768707 0 0 0 0 0 0 0 0 0 11.0034013605442 0 0 0 0 0 0 0 0 0 0 0 0 0 0 0 0 0 0 0
82.8707482993197 0 198.006802721088 66.4387755102041 81.3537414965986 95.7687074829932 24.1632653061224 0 0 0 0 0 340.673469387755 25.1904761904762 35.2482993197279 0 331.472789115646 20.2176870748299 289.41156462585 31.3571428571429 29.8843537414966 23.9489795918367 0 0 0 0 0 0 0 0 13.4761904761905 0 0 0 0 0 0 0 0 0 0 0 0 0 0 10.7006802721088 0 0 0 23.9965986394558 0 0 0 0 0 0 0 0 0 0 0 0 0 0 0 0 0 0 0 0 0 0 0 0 0 0 0 0 0 0 0 0 0 0 0 0 0 0 0 0 0 0 0 0 0 0 0 0 0 0 0 0 12.9863945578231 0 0 0 0 0 0 0 0 0 0 0 0 0 0 0 0 21.9387755102041 0 0 0 0 7.27891156462585 0 0 8.00340136054422 12.2755102040816 0 0 0 9.73469387755102 0 0 0 0 21.656462585034 0 0 0 162.755102040816 28.1938775510204 0 0 20.0714285714286 0 0 0 0 0 379.734693877551 0 0 0 0 0 58.469387755102 26.1292517006803 0 0 0 16.6938775510204 0 0 0 6.85034013605442 0 0 0 0 0 0 0 8.52721088435374 6.54421768707483 0 0 0 0 0 0 0 0 0 0 0 0 0 0 0 0 0 0 0 0 0 0 0 0 0 0 0 0 0 0 0 0 0 0 0 0 0 0 0 0 0 0 0 0 0 0 0 0 0 0 0 0 0 0 0 0 0 0 0 0 0 0 0 0 0 0 0 0 0 0 0 0 0 0 0 0 0 0 0 0 0 0 0 0 0 0 0 0 0 0 0 0 0 0 0 0 0 0 0 0 0 0 0 0 0 0 0 0 0 0 0 0 0 0 0 0 0 0 0 0 0 0 0 0 0 0 0 0 0 0 0 0 0 0 0 0 0 0 0 0 0 0 0 0 0 0 0 0 0 0 0 0 0 0 0 0 0 0 0 0 0 0 0 0 0 0 0 0 0 0 0 0 0 0 0 0 0 0 0 0 0 0 0 0
33.7006802721088 0 76.9047619047619 28.6462585034014 22.4251700680272 38.312925170068 0 0 0 0 0 0 64.7312925170068 50.1496598639456 205.510204081633 331.472789115646 0 24.6632653061224 139.329931972789 16.547619047619 0 14.5374149659864 0 0 0 0 0 0 27.5034013605442 0 36.6292517006803 0 0 0 0 0 0 0 0 0 0 25.3877551020408 0 13.4965986394558 29.8877551020408 164.051020408163 0 36.2312925170068 58.1394557823129 386.680272108844 0 0 0 0 0 0 0 0 0 0 0 0 0 0 0 0 13.0034013605442 0 0 0 0 0 0 0 0 0 0 0 0 0 0 0 0 0 0 0 0 0 0 0 0 0 0 0 0 21.8401360544218 0 0 0 0 0 0 21.2755102040816 0 0 0 0 0 0 0 0 0 0 0 0 0 0 0 0 37.843537414966 14.8061224489796 0 0 11.4931972789116 10.6734693877551 0 0 9.63605442176871 17.9013605442177 0 6.72789115646258 0 17.5408163265306 10.687074829932 9.01700680272109 12.7755102040816 0 41.1462585034014 0 0 0 578.30612244898 104.374149659864 0 36.3809523809524 143.289115646258 0 0 0 0 39.2993197278912 372.833333333333 0 0 0 0 17.0544217687075 57.343537414966 30.4319727891156 0 0 0 20.6360544217687 0 0 0 11.1428571428571 0 0 0 0 0 9.10544217687075 16.6360544217687 14.3231292517007 8.17006802721088 8.6156462585034 0 0 0 0 0 0 0 0 0 0 0 0 0 0 0 0 7.17687074829932 17.1054421768707 0 0 0 0 0 0 0 0 0 0 0 0 0 0 0 0 0 0 0 0 0 0 0 0 0 0 0 0 0 0 0 0 0 0 0 0 0 0 0 0 0 0 0 0 0 0 0 0 0 0 0 0 0 0 0 0 0 0 0 0 0 0 0 0 0 0 0 0 0 0 0 0 0 0 0 0 0 0 0 0 0 0 0 0 0 0 0 0 0 0 0 0 0 0 0 0 0 0 0 0 0 0 0 0 9.7891156462585 0 0 0 0 0 0 0 0 0 0 0 0 0 0 0 0 0 0 0 0 0 0 0 0 0 0 0 0 0 0 0 0 0 0 0 0 0 0 0 0 0 0 0 0 0 0 0 0 0 0 0 0 0 0 0 0 0 0 0 0
118.823129251701 53.4319727891156 15.6428571428571 92.0714285714286 117.904761904762 262.37074829932 452.091836734694 0 0 0 0 0 53.5510204081633 24.921768707483 27.9795918367347 20.2176870748299 24.6632653061224 0 56.4251700680272 61.7312925170068 114.142857142857 274.812925170068 45.2721088435374 0 0 0 0 0 0 0 13.9591836734694 0 0 0 0 0 0 0 0 0 0 0 0 0 0 0 0 0 0 13.2074829931973 0 0 0 0 0 0 0 0 0 0 0 0 0 0 0 0 23.4353741496599 0 0 0 0 0 21.1360544217687 0 0 0 0 0 0 0 0 0 0 0 0 0 0 0 0 0 0 0 0 0 0 12.0238095238095 0 0 0 0 0 0 0 0 0 0 0 0 0 0 0 0 0 0 0 0 0 0 9.57823129251701 140.061224489796 33.8333333333333 20.0204081632653 0 0 0 21.687074829932 404.336734693878 6.66326530612245 5.74829931972789 0 43.8843537414966 20.5510204081633 25.3843537414966 58.4625850340136 633.639455782313 434.027210884354 20.0850340136054 935.673469387755 0 0 38.4795918367347 22.6020408163265 137.261904761905 0 16.4115646258503 55.6394557823129 0 0 0 46.4081632653061 77.2448979591837 14.9591836734694 35.9863945578231 160.017006802721 48.1258503401361 70.1904761904762 91.4251700680272 85.391156462585 67.5884353741497 176.391156462585 0 0 1075.88775510204 0 0 0 8.06462585034014 0 0 0 0 31.8231292517007 0 0 0 13.1122448979592 12.4897959183673 5.78231292517007 0 0 0 0 0 0 0 0 0 0 0 0 0 0 0 0 16.2040816326531 0 0 0 0 0 0 0 0 0 0 0 0 0 0 0 0 0 0 0 0 0 0 0 0 0 0 0 0 0 0 0 0 0 0 0 0 0 0 0 0 0 0 0 0 0 0 0 0 0 0 0 0 0 0 0 0 0 0 0 0 0 0 0 0 0 0 0 0 0 0 0 0 0 0 0 0 0 0 0 0 0 0 0 0 0 0 0 0 0 0 0 0 0 0 0 0 0 0 0 0 0 0 0 0 0 0 0 0 0 0 0 0 0 0 0 0 0 0 0 0 0 0 0 0 0 0 0 0 0 0 0 0 0 0 0 0 0 0 0 0 0 0 0 0 0 0 0 0 0 0 0 0 0 0 0 0 0 0 0 0 0 0 0 0 0
93.4523809523809 28.4353741496599 85.5918367346939 73.687074829932 110.163265306122 411.272108843537 60.5510204081633 0 0 0 0 0 365.544217687075 26.3299319727891 44.6428571428571 289.41156462585 139.329931972789 56.4251700680272 0 104.183673469388 75.156462585034 63.8469387755102 41.8061224489796 0 0 0 0 0 0 0 14.9319727891156 0 0 0 0 0 0 0 0 0 0 0 0 0 0 15.3265306122449 0 0 0 32.1190476190476 0 0 0 0 0 0 0 0 0 0 0 0 0 0 0 0 0 0 0 0 0 0 0 0 0 0 0 0 0 0 0 0 0 0 0 0 0 0 0 0 0 0 0 0 0 0 0 0 0 0 0 0 17.2278911564626 0 0 0 0 0 0 0 0 0 0 0 0 0 0 0 0 28.1326530612245 0 0 0 7.45918367346939 8.96258503401361 0 10.7210884353741 11.6326530612245 19.4013605442177 8.58843537414966 7.04081632653061 7.85034013605442 16.7585034013605 11.734693877551 12.6734693877551 13.3537414965986 9.15986394557823 66.8027210884354 0 0 0 92.3639455782313 202.340136054422 0 0 189.571428571429 0 0 0 0 0 115.942176870748 0 28.0408163265306 0 45.4523809523809 23.7891156462585 496.928571428571 101.289115646259 0 0 0 42.9489795918367 0 0 0 9.60544217687075 0 0 0 0 0 6.18707482993197 7.98299319727891 10.3503401360544 10.3061224489796 9.72108843537415 5.25850340136054 0 0 0 0 0 0 0 0 0 0 0 0 0 0 0 0 0 0 0 0 0 0 0 0 0 0 0 0 0 0 0 0 0 0 0 0 0 0 0 0 0 0 0 0 0 0 0 0 0 0 0 0 0 0 0 0 0 0 0 0 0 0 0 0 0 0 0 0 0 0 0 0 0 0 0 0 0 0 0 0 0 0 0 0 0 0 0 0 0 0 0 0 0 0 0 0 0 0 0 0 0 0 0 0 0 0 0 0 0 0 0 0 0 0 0 0 0 0 0 0 0 0 0 0 0 0 0 0 0 0 0 0 0 0 0 0 0 0 0 0 0 0 0 0 0 0 0 0 0 0 0 0 0 0 0 0 0 0 0 0 0 0 0 0 0 0 0 0 0 0 0 0 0 0 0 0 0 0 0 0 0 0
172.098639455782 42.4455782312925 28.2176870748299 86.921768707483 176.809523809524 619.80612244898 61.5034013605442 0 0 0 0 0 129.819727891156 16.1122448979592 0 31.3571428571429 16.547619047619 61.7312925170068 104.183673469388 0 366.952380952381 102.530612244898 125.112244897959 0 0 0 0 0 0 0 0 0 0 0 0 0 0 0 0 0 0 0 0 0 0 0 0 0 0 0 0 0 0 0 0 0 0 0 0 0 0 0 0 0 0 0 0 0 0 0 0 0 0 0 0 0 0 0 0 0 0 0 0 0 0 0 0 0 0 0 0 0 0 0 0 0 0 0 0 0 0 0 0 0 0 0 0 0 0 0 0 0 0 0 0 0 0 0 0 19.843537414966 0 0 0 0 0 0 0 6.86394557823129 9.88095238095238 0 0 0 10.5136054421769 9.97959183673469 12.5884353741497 13.8809523809524 0 86.7585034013605 0 0 0 23.765306122449 52.3537414965986 0 0 27.6836734693878 0 0 0 0 0 24.0170068027211 0 0 0 257.438775510204 34.0578231292517 232.537414965986 277.159863945578 0 0 0 38.9897959183673 0 0 0 0 0 0 0 0 0 0 0 0 8.39795918367347 0 0 0 0 0 0 0 0 0 0 0 0 0 0 0 0 0 0 0 0 0 0 0 0 0 0 0 0 0 0 0 0 0 0 0 0 0 0 0 0 0 0 0 0 0 0 0 0 0 0 0 0 0 0 0 0 0 0 0 0 0 0 0 0 0 0 0 0 0 0 0 0 0 0 0 0 0 0 0 0 0 0 0 0 0 0 0 0 0 0 0 0 0 0 0 0 0 0 0 0 0 0 0 0 0 0 0 0 0 0 0 0 0 0 0 0 0 0 0 0 0 0 0 0 0 0 0 0 0 0 0 0 0 0 0 0 0 0 0 0 0 0 0 0 0 0 0 0 0 0 0 0 0 0 0 0 0 0 0 0 0 0 0 0 0 0 0 0 0 0 0 0 0 0 0 0 0 0 0 0 0 0 0 0
199.146258503401 53.8639455782313 29.1802721088435 111.877551020408 251.959183673469 752.530612244898 72.2891156462585 0 0 0 0 0 117.860544217687 14.7857142857143 0 29.8843537414966 0 114.142857142857 75.156462585034 366.952380952381 0 365.527210884354 54.2006802721088 0 0 0 0 0 0 0 0 0 0 0 0 0 0 0 0 0 0 0 0 0 0 0 0 0 0 0 0 0 0 0 0 0 0 0 0 0 0 0 0 0 0 0 0 0 0 0 0 0 0 0 0 0 0 0 0 0 0 0 0 0 0 0 0 0 0 0 0 0 0 0 0 0 0 0 0 0 0 0 7.66666666666667 0 0 0 0 0 0 0 0 0 0 0 0 0 0 0 0 26.7108843537415 22.7721088435374 0 0 0 0 0 23.4863945578231 9.01700680272109 0 6.85034013605442 13.6258503401361 13.0170068027211 15.0442176870748 20.7857142857143 31.8979591836735 33.5 0 236 0 0 0 22.9421768707483 63.0612244897959 0 0 29.952380952381 0 0 0 0 0 23.4251700680272 0 36.4829931972789 0 333.530612244898 80.687074829932 144.850340136054 75.0952380952381 27.5340136054422 0 0 71.2755102040816 0 0 0 7.75510204081633 0 0 0 0 0 0 0 0 13.7380952380952 10.969387755102 6.20068027210884 0 0 0 0 0 0 0 0 0 0 0 0 0 0 0 0 0 0 0 0 0 0 0 0 0 0 0 0 0 0 0 0 0 0 0 0 0 0 0 0 0 0 0 0 0 0 0 0 0 0 0 0 0 0 0 0 0 0 0 0 0 0 0 0 0 0 0 0 0 0 0 0 0 0 0 0 0 0 0 0 0 0 0 0 0 0 0 0 0 0 0 0 0 0 0 0 0 0 0 0 0 0 0 0 0 0 0 0 0 0 0 0 0 0 0 0 0 0 0 0 0 0 0 0 0 0 0 0 0 0 0 0 0 0 0 0 0 0 0 0 0 0 0 0 0 0 0 0 0 0 0 0 0 0 0 0 0 0 0 0 0 0 0 0 0 0 0 0 0 0 0 0 0 0 0 0 0 0 0 0 0 0
188.860544217687 0 26.047619047619 139.085034013605 325.982993197279 873.758503401361 229.680272108844 0 0 0 0 0 104.744897959184 10.952380952381 0 23.9489795918367 14.5374149659864 274.812925170068 63.8469387755102 102.530612244898 365.527210884354 0 0 0 0 0 0 0 0 0 0 0 0 0 0 0 0 0 0 0 0 0 0 0 0 0 0 0 0 0 0 0 0 0 0 0 0 0 0 0 0 0 0 0 0 0 0 0 0 0 0 0 0 0 0 0 0 0 0 0 0 0 0 0 0 0 0 0 0 0 0 0 0 0 0 0 0 0 0 0 0 0 0 0 0 0 0 0 0 0 0 0 0 0 0 0 0 0 0 27.3231292517007 23.0952380952381 0 0 0 0 0 33.0952380952381 6.46598639455782 0 0 14.1428571428571 11.0578231292517 9.72789115646258 19.6632653061224 37.7925170068027 30.4387755102041 0 210.993197278912 0 0 0 17.7517006802721 51.8299319727891 0 0 26.0204081632653 0 0 0 0 0 0 0 54.3979591836735 0 93.2891156462585 0 105.687074829932 35.0340136054422 40.6190476190476 0 0 106.948979591837 0 0 0 5.86734693877551 0 0 0 0 0 0 0 0 10.5646258503401 8.35714285714286 0 0 0 0 0 0 0 0 0 0 0 0 0 0 0 0 0 0 0 0 0 0 0 0 0 0 0 0 0 0 0 0 0 0 0 0 0 0 0 0 0 0 0 0 0 0 0 0 0 0 0 0 0 0 0 0 0 0 0 0 0 0 0 0 0 0 0 0 0 0 0 0 0 0 0 0 0 0 0 0 0 0 0 0 0 0 0 0 0 0 0 0 0 0 0 0 0 0 0 0 0 0 0 0 0 0 0 0 0 0 0 0 0 0 0 0 0 0 0 0 0 0 0 0 0 0 0 0 0 0 0 0 0 0 0 0 0 0 0 0 0 0 0 0 0 0 0 0 0 0 0 0 0 0 0 0 0 0 0 0 0 0 0 0 0 0 0 0 0 0 0 0 0 0 0 0 0 0 0 0 0 0 0
77.7142857142857 269.819727891156 0 0 0 57.8333333333333 0 0 0 0 0 0 25.1632653061224 0 0 0 0 45.2721088435374 41.8061224489796 125.112244897959 54.2006802721088 0 0 0 0 0 0 0 0 0 0 0 0 0 0 0 0 0 0 0 0 0 0 0 0 0 0 0 0 0 0 0 0 0 0 0 0 0 0 0 0 0 0 0 0 0 0 0 0 0 0 0 0 0 0 0 0 0 0 0 0 0 0 0 0 0 0 0 0 0 0 0 0 0 0 0 0 0 0 0 0 0 12.0408163265306 0 0 0 0 0 0 0 0 0 0 0 0 0 0 0 0 18.6666666666667 0 0 0 0 6.39795918367347 0 0 10.3741496598639 17.343537414966 9.91496598639456 9.94897959183673 10.5102040816327 25.6224489795918 15.7551020408163 17.4795918367347 24.7482993197279 26.7312925170068 109.231292517007 0 0 199.255102040816 0 110.5 0 0 33.4251700680272 0 0 0 36.1734693877551 41.8469387755102 0 0 0 0 144.190476190476 86.4761904761905 50.078231292517 381.670068027211 0 0 0 28.4285714285714 0 0 0 9.80952380952381 0 0 0 0 0 0 0 0 13.1938775510204 12.3503401360544 5.69727891156463 0 0 0 0 0 0 0 0 0 0 0 0 0 0 0 0 0 0 0 0 0 0 0 0 0 0 0 0 0 0 0 0 0 0 0 0 0 0 0 0 0 0 0 0 0 0 0 0 0 0 0 0 0 0 0 0 0 0 0 0 0 0 0 0 0 0 0 0 0 0 0 0 0 0 0 0 0 0 0 0 0 0 0 0 0 0 0 0 0 0 0 0 0 0 0 0 0 0 0 0 0 0 0 0 0 0 0 0 0 0 0 0 0 0 0 0 0 0 0 0 0 0 0 0 0 0 0 0 0 0 0 0 0 0 0 0 0 0 0 0 0 0 0 0 0 0 0 0 0 0 0 0 0 0 0 0 0 0 0 0 0 0 0 0 0 0 0 0 0 0 0 0 0 0 0 0 0 0 0 0 0 0
0 0 0 0 0 0 0 0 0 0 0 0 0 11.9455782312925 14.0952380952381 0 0 0 0 0 0 0 0 0 11.3979591836735 0 0 0 6.58843537414966 0 0 0 0 0 0 0 0 0 0 0 0 20.1360544217687 0 0 16.7789115646259 8.40476190476191 15.7006802721088 17.1530612244898 17.6938775510204 9.30612244897959 0 14.8333333333333 0 0 0 0 0 0 0 0 0 0 0 0 0 0 0 0 0 0 0 0 0 0 0 0 0 0 0 0 0 0 0 0 0 0 0 0 0 0 0 0 0 0 0 0 0 0 0 0 0 0 152.843537414966 53.843537414966 11.6054421768707 0 19.8945578231293 0 0 0 0 0 0 0 0 0 9.09183673469388 0 0 0 0 0 0 131.908163265306 45.5476190476191 0 0 33.9319727891156 0 0 0 0 0 0 0 0 0 0 0 0 0 0 0 0 9.50340136054422 0 0 23.6972789115646 18.6768707482993 0 16.5136054421769 0 0 0 0 0 0 0 0 0 0 0 0 0 0 0 14.9557823129252 7.01020408163265 0 0 0 0 695.530612244898 499.843537414966 99.2687074829932 0 0 0 0 0 0 0 0 0 0 0 0 0 0 0 0 0 0 0 0 0 0 0 0 0 0 0 0 0 0 0 0 0 0 0 0 0 0 0 0 0 0 0 0 0 0 0 0 0 0 0 0 0 0 0 0 0 0 0 0 0 0 0 0 0 0 0 0 0 0 0 0 0 0 0 0 0 0 0 0 0 0 0 0 0 0 0 0 0 0 0 0 0 0 0 0 0 0 0 0 0 0 0 0 0 0 0 0 0 0 0 0 0 0 0 0 0 0 0 0 0 0 0 0 0 0 0 0 0 0 0 0 0 0 0 0 0 0 0 0 0 0 0 0 0 0 0 0 0 0 0 0 0 0 0 0 0 0 0 0 0 0 0 0 0 0 0 0 0 0 0 0 0 0 0 0 0 0 0 0 0 0 0 0 0
