0 10.3197278911565 245.227891156463 5842.69727891156 3128.73469387755 598.061224489796 55.030612244898 1.62244897959184 1.27210884353742 0 0 0 454.258503401361 111.952380952381 44.0918367346939 4.64965986394558 0 119.612244897959 21.1054421768707 14.5714285714286 9.36054421768707 29.1734693877551 0 0 0 0 0 0 0 11.3163265306122 272.343537414966 0 27.530612244898 0.425170068027211 13.2176870748299 0 0 0 0 0 0 0 0 0 0 0 0 0 0 0 0 0 0 0 0 0 0 1.46938775510204 0 0 0 0 0 0 1.40816326530612 4.48979591836735 0 0 0 0 0 0.77891156462585 0 1.1156462585034 80.7721088435374 94.7789115646258 132.761904761905 0 0 0 0 9.26190476190476 0 0 0 3.52040816326531 1.31632653061224 5.00340136054422 25.2687074829932 47.9829931972789 126.863945578231 11 4.3265306122449 3.62244897959184 0 0 0 0 0 0 0 0 148.068027210884 0 0 3.23809523809524 3.59183673469388 8.57823129251701 0.465986394557823 1.42176870748299 20.9761904761905 1.94557823129252 0 0 0 0 0 31.9489795918367 69.9965986394558 809.520408163265 1300.30952380952 45.5816326530612 23.9353741496599 0 1.74149659863946 131.224489795918 64.6802721088435 12.7108843537415 7.39115646258503 16.6258503401361 73.8673469387755 24.0748299319728 17.4251700680272 55.7585034013605 140.850340136054 73.2448979591837 0 12.8673469387755 2.6530612244898 2.34013605442177 1.97278911564626 52.3741496598639 0 0 0 1.19047619047619 0 0 0 7.00680272108844 0 24.5544217687075 278.928571428571 19.7414965986395 15.7619047619048 2.47278911564626 4.07142857142857 10.7619047619048 0 228.741496598639 8.12244897959184 0 151.275510204082 0 0 0 77.2448979591837 0 55.4591836734694 3.48639455782313 19.5680272108844 26.5238095238095 0 0 0 43.7619047619048 1.22789115646258 84.4557823129252 0 0 723.544217687075 0 97.7414965986395 343.819727891156 280.568027210884 64.6598639455782 3.0952380952381 0 0 0 0 0 256.809523809524 11.1326530612245 25.5102040816327 32.0850340136054 20.2176870748299 32.5136054421769 77.6020408163265 5.76530612244898 0 0 0 0 0 0 0 0 0 5.09183673469388 13.9897959183673 0 0 0 0.748299319727891 0 0 0 0 0 0 0.231292517006803 0 0 0 2.8469387755102 0 0 0 0 0 0 0 0 0 0 0 0 0 0 0 0 0 0 0 0 0 0 0 0 0 0 0 0 0 0 0 0 0 0 0 0 0 0 0 0 0 0 0 0.476190476190476 1.05442176870748 0 0 0 0 0 0 0 0 0 0 0 0 0 0 0 0 0 0 0 0 0 0 0 0 0 0 7.65646258503401 2.65646258503401 140.5 160.299319727891 12.3741496598639 0 0 0 10.1258503401361 1.51360544217687 0 1.32993197278912 0 0.595238095238095 0 0 0 5.46258503401361 11.9285714285714 0 0 0 0 5.8469387755102 64.5068027210884 0 0 0 0 0 0 0 0 0 65.3843537414966 14 0.595238095238095 0.670068027210884 0 0 17.2176870748299 0 19.6496598639456 0 0 15.2278911564626 0 0 0 2.22448979591837 0 0 0 0 0 0 0 0 0 0 0 0 0
10.3197278911565 0 0 2.6156462585034 2.71768707482993 19.4319727891156 6.28571428571429 3.09863945578231 0 0 0 0 11.2755102040816 0 0 5.61224489795918 7.38095238095238 104.551020408163 23.2312925170068 15.5136054421769 130.707482993197 57.6768707482993 381.105442176871 0 0 0 0 0 0 0 0 0 0 0 0 0 0 0 0 0 0 0 0 0 0 0 0 0 0 0 0 0 0.928571428571429 0 0 2.13605442176871 0 0 0 0 0 0 0 0 0 0.948979591836735 0 0 0 0 0 0 0 2.97278911564626 18.0442176870748 19.656462585034 12.3605442176871 0 0 0 0 2.41836734693878 0 0 0 0 0 0.829931972789116 2.47278911564626 6.48639455782313 10.4557823129252 1.69387755102041 0.666666666666667 1.7687074829932 0 0 0 0 0 0 0 0 8.86054421768707 0 0 5.37074829931973 4.02721088435374 3.06122448979592 0 0 4.7891156462585 1.03401360544218 0 0 0 0 2.56802721088435 0 1.39455782312925 6.52040816326531 0 14.1360544217687 12.6734693877551 0 4.40136054421769 0 20.2891156462585 9.89795918367347 3.69727891156463 7.20068027210884 44.2721088435374 17.5 47.5272108843537 43.7108843537415 116.418367346939 119.408163265306 156.465986394558 491.646258503401 5.09523809523809 231.52380952381 263.829931972789 4.11224489795918 212.602040816327 0 0 22.7687074829932 0 0 20.0340136054422 167.877551020408 143.156462585034 5.84013605442177 0 9.20748299319728 0 260.02380952381 660.312925170068 37.2380952380952 255.642857142857 0.465986394557823 0 0 19.7448979591837 0 0 0 10.6496598639456 0 11.3231292517007 0 1.50340136054422 35.921768707483 0.806122448979592 2.0578231292517 1.15646258503401 19.2551020408163 3.97619047619048 12.3707482993197 0 0 0 0 0 0 0 0 0 0 0 0 0 0 0 0 0 0 0 0 0 0 0 0 0 0 0 0 0 0 0 0 0 0 0 0 0 0 0 0 0 0 0 0 0 0 0 0 0 0 0 0 0 0 0 0 0 0 0 0 0 0 0 0 0 0 0 0 0 0 0 0 0 0 0 0 0 0 0 0 0 0 0 0 0 0 0 0 0 0 0 0 0 0 0 0 0 0 0 0 0 0 0 0 0 0 0 0 0 0 0 0 0 0 0 0 0 0 0 0 0 0 0 0 0 0 0 0 0 0 0 0 0 0 0 0 0 0 0 0 0 0 0 0 0 0 0 0 0 0 0 0 0 0 0 0 0 0 0 0 0 0 0 0 0 0 0 0 0 0 0 0 0 0 0 0 0 0 0 0 0 0
245.227891156463 0 0 375.78231292517 379.598639455782 2.05442176870748 0 0 0 0 0 0 117.234693877551 128.71768707483 170.363945578231 19.2040816326531 30.3707482993197 0 89.9659863945578 0 0 0 0 0 0 0 0 0 0 6.75510204081633 331.785714285714 0 5.12244897959184 0 3.08503401360544 0 0 0 0 0 0 0 0 0 0 0 0 0 0 0 0 0 0 0 0 0 0 0 0 0 0 0 0 0 0 0 0 0 0 0 0 0 0 0 0 0 0 0 0 0 0 0 0 0 0 0 0 0 0 0 0 0 0 0 0 0 0 0 0 0 0 0 0 0 0 0 0 0 0 0 0 0 0 0 0 0 0 3.66326530612245 11.6836734693878 27.0102040816327 160.289115646258 8.31632653061224 0 0 0 7.76530612244898 0 0 0 0 0 0 0 0 0 0 0 0 0 0 0 479.646258503401 2.44557823129252 0 0 9.70748299319728 0 0 0 4.21428571428571 0 123.78231292517 15.0238095238095 0 0 0 0 3.96598639455782 0 4.08163265306122 0 0 0 0 0 0 0 0 0 0 0 0 0 0 0 0 0 0 0 0 49.1496598639456 0 153.891156462585 37.5544217687075 46.0680272108844 6.04421768707483 0 0 0 0 0 0 119.102040816327 35.3741496598639 73.6292517006803 28.7551020408163 30.234693877551 0 37.1700680272109 0 0 0 0 0 0 0 0 0 2.04421768707483 2 28.7006802721088 0 3.92517006802721 0 0 0 0 0 0 0 0 0 0 0 0 3.35714285714286 0 0 0 3.73469387755102 0 0 0 0 0 0 0 0 0 0 0 0 0 0 0 0 0 0 0 0 0 0 0 0 0 0 0 0 0 0 0 0 0 0 0 0 0 0 0 0 0 0 0 0 0 0 0 0 0 0 0 0 0 0 0 0 0 0 0 0 0 0 0 0 0 0 0 0 0 15.9795918367347 20.8469387755102 0 0 0 0 0 0 0 0 0 0 0 0 0 0 0 0 0 0 0 2.72108843537415 163.578231292517 0 0 0 0 0 0 0 0 0 124.207482993197 0 0 0 0 0 1.54421768707483 0 1.12244897959184 0 0 0 0 0 0 0 0 0 0 0 0 0 0 0 0 0 0 0 0
5842.69727891156 2.6156462585034 375.78231292517 0 3512.91496598639 1055.27551020408 246.265306122449 3.17687074829932 3.34013605442177 0 0 0 420.139455782313 100.295918367347 93.6020408163265 4.38775510204082 0 608.547619047619 14.6836734693878 11.3231292517007 11.5238095238095 35.8299319727891 0 0 0 0 0 0 1.48979591836735 12.7721088435374 438.537414965986 0 25.8877551020408 0 25.0204081632653 0 0 0 0 0 0 9.36054421768707 0 0 3.01700680272109 0.693877551020408 2.81632653061224 1.63265306122449 4.89795918367347 0 3.0578231292517 2.06122448979592 1.69047619047619 1.43877551020408 2.25510204081633 0 0 0.700680272108844 0 0 0 0 0 0 0 5.81292517006803 0 0 0 0 0 0 0 0 41.5204081632653 73.2857142857143 103.857142857143 0 0 0 0 8.57823129251701 0 0 0 0 0 5.19047619047619 18.4251700680272 38.8333333333333 116.642857142857 9.92176870748299 4.53741496598639 4.80272108843537 0.333333333333333 0 0 0 0 0 0 0 69.734693877551 0 0 2.10544217687075 0.687074829931973 2.56462585034014 0 1.54761904761905 19.3027210884354 1.17006802721088 0 0 0 0 0 106.401360544218 78.8095238095238 314.06462585034 760.003401360544 159.459183673469 29.1802721088435 0 0 542.755102040816 273.43537414966 8.48299319727891 5.43877551020408 17.578231292517 110.047619047619 35.2687074829932 28.547619047619 122.482993197279 371.06462585034 301.482993197279 0 48.7619047619048 0 0 0 114.93537414966 0 0 0 0 0 0 0 1.81972789115646 0.921768707482993 23.843537414966 606.840136054422 71.2414965986395 17.6496598639456 0 0 9.64965986394558 0 212.819727891156 16.3877551020408 0 947.360544217687 0 0 0 63.3503401360544 0 45.3231292517007 3.35714285714286 13.5340136054422 33.9421768707483 0 0 0 53.2993197278912 0.901360544217687 92.3231292517007 0.557823129251701 0 286.244897959184 0 51.4897959183673 243.972789115646 161.482993197279 23.8333333333333 5.07142857142857 0.272108843537415 0 0 0 0 118.721088435374 17.9761904761905 14.0238095238095 8.86394557823129 5.97959183673469 71.078231292517 26.5170068027211 1.43877551020408 0 0 0 0 0 0 0 0 0 3.24489795918367 10.7448979591837 0 1.63945578231293 0 2.67687074829932 0 0 0 0 0 0 0.581632653061224 0 0 0 0.789115646258503 0 0 0 0 2.39795918367347 0 0 0 0 0 0 0 0 0 0 0 0 0 0 0 0 0 0 0 0 0 0 0 0 0 0 0 0 0 0 0 0 0 0 0 0 0 0 0 0 0 0 0 0 0 0 0 0 0 0 0 0 0 0 0 0 0 0 0 0 0 0 0 0 0 0 16.7993197278912 2.62925170068027 38.7278911564626 42.5816326530612 6.4421768707483 0 0 0 20.6224489795918 0 0 0 0 0 0 0 0 21.0544217687075 29.6836734693878 0 0 0 0 2.27891156462585 35.4285714285714 0 0 0 0 0 0 0 0 0 23.734693877551 44.1972789115646 1.81632653061224 0 0 0 4.14285714285714 0 7 0.438775510204082 0 52.1326530612245 0 0 0 0 0 0 0 0 0 0 0 0 0 0 0 0 0
3128.73469387755 2.71768707482993 379.598639455782 3512.91496598639 0 2540.38095238095 264.56462585034 1.29251700680272 1.31632653061224 0 0 0 617.200680272109 63.7619047619048 16.6292517006803 8.66326530612245 3.07142857142857 739.56462585034 112.180272108844 88.4285714285714 50.2619047619048 99.0272108843537 0 0 0 0 0 0 0 2.43197278911565 94.608843537415 0 3.06462585034014 0 7.64965986394558 0 0 0 0 0 0 1.68367346938776 0 0 0.768707482993197 0 0 0 0.986394557823129 0 1.23809523809524 0.506802721088435 0.204081632653061 0 0.782312925170068 0 0 0 0 0 0 0 0 0 0 1.27210884353742 0 0 0 0 0 0 0 0 23.3809523809524 37.2448979591837 63.4761904761905 0 0 0 0 4.1156462585034 0 0 0 0.479591836734694 0 3.86054421768708 9.28231292517007 24.9557823129252 67.4421768707483 5.41156462585034 3.22448979591837 1.41836734693878 0 0 0 0 0 0 0 0 35.9931972789116 0 0 1.2687074829932 1.08163265306122 2.75850340136054 0 0 9.64625850340136 0.989795918367347 0 0 0 0 0 26.0680272108844 21.2074829931973 184.061224489796 211.292517006803 79.7993197278912 13.3741496598639 0 0 79.0952380952381 287.333333333333 7.51360544217687 2.92857142857143 10.2380952380952 83.8367346938775 19.3877551020408 22.3843537414966 93.7993197278912 507.207482993197 257.017006802721 0 29.156462585034 0 0 3.15986394557823 66.7040816326531 1.60884353741497 0 0 0.554421768707483 0 0 0 9.86734693877551 0 12.9625850340136 267.925170068027 175.639455782313 11.421768707483 0.877551020408163 2.79591836734694 65.6054421768708 2.22789115646259 284.173469387755 2.22108843537415 0 1219.28571428571 0 0 0 53.9795918367347 0 16.5238095238095 1.46258503401361 3.24489795918367 43.3163265306122 0 0 0 34.921768707483 0 69.6190476190476 0 0 198.231292517007 0 155.802721088435 148.925170068027 167.649659863946 23.5 5.34353741496599 0 0 0 0 0 220.442176870748 20.5952380952381 30.0646258503401 30.7585034013605 16.2006802721088 30.3673469387755 44.4421768707483 1.46938775510204 0 0 0 0 0 0 0 0 0 0 14.2517006802721 0 0 0 1.98639455782313 0 0 0 0 0 0 0 0 0 0 1.70748299319728 0 0 0 0 0 0 0 0 0 0 0 0 0 0 0 0 0 0 0 0 0 0 0 0 0 0 0 0 0 0 0 0 0 0 0 0 0 0 0 0 0 0 0 0 0 0 0 0 0 0 0 0 0 0 0 0 0 0 0 0 0 0 0 0 0 0 0 0 0 0 0 4.65646258503401 0 35.9625850340136 40.8095238095238 1.86054421768707 0 0 0 1.05102040816327 0 0 0 0 0 0 0 0 8.92857142857143 0 0 0 0 0 5.26530612244898 92.8095238095238 0 0 0 0 0 0 0 0 0 78.6360544217687 12.2448979591837 0.880952380952381 0 0 0 6.36054421768707 0 3.43197278911565 0 0 18.3163265306122 0 0 0 0 0 0 0 0 0 0 0 0 0 0 0 0 0
598.061224489796 19.4319727891156 2.05442176870748 1055.27551020408 2540.38095238095 0 720.397959183673 0 0 0 0 0 387.921768707483 1.54421768707483 0 24.2619047619048 10.7891156462585 317.078231292517 362.292517006803 960.768707482993 539.340136054422 714.687074829932 15.3333333333333 0 0 0 0 0 0 0 0.761904761904762 0 0 0 0 0 0 0 0 0 0 0 0 0 0 0 0 0 0 0 0 0 0 0 0 0 0 0 0 0 0 0 0 0 0 2.1156462585034 0 0 0 0 0 0 0 0 27.4965986394558 45.2585034013605 68.312925170068 0 0 0 0 6.17006802721088 0 0 0 1.8265306122449 0 4.03741496598639 14.3809523809524 29.8401360544218 80.5340136054422 6.80272108843537 4.14965986394558 4.01360544217687 0 0 0 0 0 0 0 0 29.4319727891156 0 0 2.01020408163265 1.19727891156463 2.87414965986395 0 1.71428571428571 12.4319727891156 1.8265306122449 0 0 0 0 0 15.0340136054422 5.02040816326531 148.336734693878 34.1258503401361 35.0136054421769 20.0272108843537 0 1.57142857142857 17.0442176870748 194.925170068027 12.0272108843537 3.7891156462585 11.0748299319728 139.312925170068 45.3163265306122 20.4149659863946 93.8401360544218 276.401360544218 102.027210884354 0 43.530612244898 1.18707482993197 1.49659863945578 9.43197278911565 7.91496598639456 22.8265306122449 0 0 12.8537414965986 0 0 0 9.06122448979592 0 8.90816326530612 41.9149659863946 324.397959183673 8.56802721088435 82.7244897959184 12.3095238095238 538.863945578231 86.187074829932 226.442176870748 0 0 285.612244897959 0 0 0 61.2448979591837 0 22.1462585034014 1.63265306122449 5.19387755102041 82.1836734693878 0 0 0 52.1462585034014 1.61224489795918 71.3299319727891 0 0 33.1802721088435 0 5.35714285714286 18.9251700680272 23.1122448979592 11.2959183673469 0 0 0 0 0 0 23.8775510204082 0 3.57482993197279 3.43537414965986 2.99319727891156 0 4.1156462585034 2.48299319727891 0 0 0 0 0 0 0 0 0 0 1.36394557823129 0 0 0 0 0 0 0 0 0 0 0 0 0 0 0 0 0 0 0 0 0 0 0 0 0 0 0 0 0 0 0 0 0 0 0 0 0 0 0 0 0 0 0 0 0 0 0 0 0 0 0 0 0 0 0 0 0 0 0 0 0 0 0 0 0 0 0 0 0 0 0 0 0 0 0 0 0 0 0 0 0 0 0 0 0 0 1.01020408163265 0 13.312925170068 9.71428571428571 0 0 0 0 0 0 0 0 0 0 0 0 0 0 0 0 0 0 0 1.1734693877551 11.3843537414966 0 0 0 0 0 0 0 0 0 6.13265306122449 0 0 0 0 0 1.47619047619048 0 2.50340136054422 0 0 0 0 0 0 0 0 0 0 0 0 0 0 0 0 0 0 0 0
55.030612244898 6.28571428571429 0 246.265306122449 264.56462585034 720.397959183673 0 0 0 0 0 0 7.07482993197279 0 0 1.6530612244898 0 439.574829931973 15.6224489795918 19.9897959183673 26.5374149659864 183.91156462585 4.02721088435374 0 0 0 0 0 0 0 0 0 0 0 0 0 0 0 0 0 0 0 0 0 0 0 0 0 0 0 0 0 0 0 0 0 0 0 0 0 0 0 0 0 0 0 0 0 0 0 0 0 0 0 1.21768707482993 2.70068027210884 1.80952380952381 0 0 0 0 0 0 0 0 0 0 0 0 2.66666666666667 3.49319727891156 0 0 0 0 0 0 0 0 0 0 0 0.673469387755102 0 0 0 0 0 0 0 0 0 0 0 0 0 0 7.09523809523809 1.29931972789116 9.90136054421769 0 16.6904761904762 1.45918367346939 0 0 11.2278911564626 134.037414965986 0 0 0 17.7482993197279 2.98299319727891 25.156462585034 42.8945578231293 82.5170068027211 113.142857142857 0 63.7210884353741 0 0 0 0 3.85374149659864 0 0 1.1530612244898 0 0 0 0 0 0 10.187074829932 268.625850340136 2.78231292517007 12.6904761904762 6.51360544217687 21.3537414965986 5.60884353741497 48.6156462585034 0 0 572.479591836735 0 0 0 5.01020408163265 0 1.96258503401361 0 0 16.5714285714286 0 0 0 5.72108843537415 0 8.27891156462585 0 0 8.29591836734694 0 0 2.82993197278912 0 0 0 0 0 0 0 0 0 0 0 0 0 0 0 0 0 0 0 0 0 0 0 0 0 0 0 0 0 0 0 0 0 0 0 0 0 0 0 0 0 0 0 0 0 0 0 0 0 0 0 0 0 0 0 0 0 0 0 0 0 0 0 0 0 0 0 0 0 0 0 0 0 0 0 0 0 0 0 0 0 0 0 0 0 0 0 0 0 0 0 0 0 0 0 0 0 0 0 0 0 0 0 0 0 0 0 0 0 0 0 0 0 0 0 0 0 0 0 0 0 0 0 0 0 0 0 0 0 0 0 0 0 0 0 0 0 0 0 0 0 0 0 0 0 0 0 0 0 0 0 0 0 0 0 0 0 0 0 0 0 0 0 0 0 0 0 0 0 0 0 0 0 0 0 0
1.62244897959184 3.09863945578231 0 3.17687074829932 1.29251700680272 0 0 0 1484.07823129252 371.585034013605 33.0408163265306 312.323129251701 0 70.2414965986395 0 0 0 0 0 0 0 0 0 0 10.7006802721088 0 0 6.14625850340136 0 0 0 0 0 0 0 209.170068027211 107.891156462585 168.285714285714 8.8843537414966 452.989795918367 5.07482993197279 0 6.98639455782313 6.95918367346939 0 0 10.5578231292517 0 0 0 835.721088435374 150.571428571429 4565.17346938776 901.397959183673 694.227891156463 197.251700680272 0 0 0 0 0 0 0 0 0 0 71.8639455782313 0 0 0 0 0 30.8775510204082 7.04081632653061 0 0 0 18.4047619047619 3.4047619047619 29.7891156462585 0 0 0 0 0 0 0 0 0 0 0 0 0 0 1.42857142857143 17.1496598639456 48.2789115646259 0 35.2789115646259 16.7993197278912 14.8945578231293 23.1666666666667 0 49.030612244898 31.3027210884354 2.44557823129252 0 2.20748299319728 0 0 0 0 0 1.36734693877551 2.89115646258503 55.6700680272109 230.700680272109 15.7993197278912 10.5986394557823 109.578231292517 0 0 0 1.8265306122449 1.11904761904762 4.20748299319728 0 2.6156462585034 13.8197278911565 34.3639455782313 1.39115646258503 8.39455782312925 199.187074829932 28.7721088435374 1.16326530612245 13.234693877551 110.493197278912 29.1394557823129 24.1190476190476 6.99659863945578 1.45578231292517 0 0 41.1666666666667 1.23469387755102 0 11.2040816326531 222.054421768707 167.615646258503 64.4455782312925 24.7210884353741 0 0 0 0 0 11.5 0 0 0 0 0 0 0 0 0 0 3.28231292517007 0 0 0 0.959183673469388 0 0 3.62585034013605 3.05102040816327 35.4659863945578 0 0 0 0 0 0 0 0 0 0 844.224489795918 25.4795918367347 0 0 0 0 76.5170068027211 0 0 0 0 0 0 0 0 0 0 0 3.65646258503401 3.55442176870748 0 0 0 0 1.17006802721088 0 0 0 115.496598639456 23.2959183673469 49.4115646258503 22.6224489795918 212.289115646258 6.39455782312925 0 18.3537414965986 16.2142857142857 0 0 0 0 0 0 14.4591836734694 0 34.5952380952381 0 221.687074829932 0 0 0 0 0 0 0 0 0 0 0 0 0 0 0 0 0 0 0 0 0 0 0 0 0 0 0 0 0 0 0 0 0 0 0 0 0 0 0 0 0 0 0 0 0 0 0 0 0 0 0 0 0 0 0 0 0 0 0 0 0 0 0 0 0 0 0 0 0 0 0 0 0 0 0 0 0 0 0 0 0 0 0 0 0 0 0 0 0 0 0 0 0 0 0 0 0 0 0 0 0 0 0 0 0 0 0 0 0 0 0 0 0 0 0 0 0 0 0 0 0 0 0 0 0
1.27210884353742 0 0 3.34013605442177 1.31632653061224 0 0 1484.07823129252 0 74.5238095238095 3.18027210884354 102.768707482993 0 16.5952380952381 0 0 0 0 0 0 0 0 0 0 0 0 0 0 0 0 0 0 0 0 0 437.704081632653 178.585034013605 27.4421768707483 48.8027210884354 28.7210884353741 0 17.234693877551 0 0 0 0 10.8809523809524 0 0 0 783.799319727891 278.996598639456 3302.01360544218 138.731292517007 10.5884353741497 63.5034013605442 0 0 0 0 0 0 0 0 0 0 4.65986394557823 0 0 0 0 0 0 0 0 0 0 3.05442176870748 0 0 0 0 0 0 0 0 0 0 0 0 0 0 0 0 2.54761904761905 0 0 0 14.6190476190476 54.6972789115646 10.1632653061224 12.6632653061224 0 4.17006802721088 3.42857142857143 0 0 2.05102040816327 0 0 0 0 0 0 0 77.0544217687075 161.227891156463 10.9455782312925 15.2482993197279 75.2993197278912 0 0 0 0 0 14.4149659863946 0 0 0 0.425170068027211 0 0 7.57142857142857 0 0 0 11.1394557823129 2.39115646258503 0.727891156462585 0 0 0 0 12.2278911564626 0 0 39.8265306122449 49.1972789115646 45.7040816326531 9.29251700680272 4.91836734693878 0 0 0 0 0 0 0 0 0 0 0 0 0 0 0 0 1.20748299319728 0 0 0 0 0 0 0 0 1.2687074829932 0 0 0 0 0 0 0 0 0 0 47.3299319727891 46.2108843537415 0 0 0 0 18.4251700680272 0 0 0 0 0 0 0 0 0 0 0 0 3.16326530612245 0 0 0 0 0 0 0 0 59.9455782312925 22.5884353741497 12.7755102040816 65.9455782312925 14.8775510204082 0 10.1122448979592 0 0 3.64285714285714 0 0 0 0 0 38.8639455782313 5.08503401360544 16.6666666666667 0 0 0 0 0 0 0 0 0 0 0 0 0 0 0 0 0 0 0 0 0 0 0 0 0 0 0 0 0 0 0 0 0 0 0 0 0 0 0 0 0 0 0 0 0 0 0 0 0 0 0 0 0 0 0 0 0 0 0 0 0 0 0 0 0 0 0 0 0 0 0 0 0 0 0 0 0 0 0 0 0 0 0 0 0 0 0 0 0 0 0 0 0 0 0 0 0 0 0 0 0 0 0 0 0 0 0 0 0 0 0 0 0 0 0 0 0 0 0 0 0 0 0 0 0 0 0
0 0 0 0 0 0 0 371.585034013605 74.5238095238095 0 23.8299319727891 869.761904761905 0 0 0 0 0 0 0 0 0 0 0 0 0 0 0 0 0 0 0 0 0 0 0 0 0 0 0 0 0 0 0 35.656462585034 0 0 2.45578231292517 0 0 0 132.829931972789 32.6122448979592 323.136054421769 533.547619047619 14.2142857142857 11.9183673469388 0 0 0 0 0 0 0 0 0 0 321.384353741497 0 0 0 0 0 22.421768707483 4.08503401360544 0 0 0 5.07142857142857 4.01020408163265 11.1734693877551 0 0 0 0 0 0 0 0 0 0 0 0 0 0 0 743.438775510204 498.989795918367 0 0 0 0 0 0 0 0 0 0 5.17687074829932 0 0 0 0 0 1.8265306122449 0 0 33.1904761904762 0 0 2.86394557823129 0 0 0 0 0 0 0 0 0 0 0 0 0 0 0 0 0 0 0 0 0 0 0 5.6530612244898 0 0 0 0 17.3673469387755 3.35714285714286 5.36734693877551 0 0 0 0 0 0 0 0 0 0 0 0 0 0 0 0 0 0 0 0 0 0 0 0 0 0 0 0 0 0 0 0 0 0 0 0 0 0 0 0 0 0 0 0 0 0 0 0 0 0 0 0 0 0 0 0 0 0 0 0 0 0 0 0 0 0 0 0 0 0 0 0 0 0 0 0 0 0 0 0 0 0 0 0 0 0 0 0 0 0 0 0 0 0 0 0 0 0 0 0 0 0 0 0 0 0 0 0 0 0 0 0 0 0 0 0 0 0 0 0 0 0 0 0 0 0 0 0 0 0 0 0 0 0 0 0 0 0 0 0 0 0 0 0 0 0 0 0 0 0 0 0 0 0 0 0 0 0 0 0 0 0 0 0 0 0 0 0 0 0 0 0 0 0 0 0 0 0 0 0 0 0 0 0 0 0 0 0 0 0 0 0 0 0 0 0 0 0 0 0 0 0 0 0 0 0 0 0 0
0 0 0 0 0 0 0 33.0408163265306 3.18027210884354 23.8299319727891 0 299.163265306122 0 0 0 0 0 0 0 0 0 0 0 0 0 0 0 0 0 0 0 0 0 0 0 0 0 0 0 0 0 0 0 10.5238095238095 0 0 0 0 0 0 8.36054421768707 2.59183673469388 16.7142857142857 7.62925170068027 0 152.887755102041 0 0 0 0 0 0 0 0 0 0 153.452380952381 0 0 0 0 0 454.513605442177 25.765306122449 0 0 0 115.401360544218 101.166666666667 443.568027210884 24.1394557823129 0 20.5 0 0 0 0 0 0 0 0 0 0 0 0 6.47959183673469 6.47278911564626 0 0 0 0 0 0 0 0 0 0 0 0 0 0 0 0 0 0 0 7.19047619047619 0 0 0 0 0 0 0 0 0 0 0 0 0 0 0 7.20068027210884 0 0 0 7.01360544217687 2.56462585034014 1.74489795918367 0 0 0 0 1.72448979591837 0 0 0 7.6530612244898 10.656462585034 3.50680272108844 2.27551020408163 0 0 0 0 0 0 0 0 0 0 0 0 0 0 0 0 0 0 0 0 0 0 0 0 0 0 0 0 0 0 0 0 0 0 0 0 0 0 0 0 0 0 0 0 0 0 0 0 0 0 0 0 0 0 0 0 0 0 0 0 0 0 0 0 0 0 0 0 0 0 0 0 0 0 0 0 0 0 0 0 0 0 0 0 0 0 0 0 0 0 0 0 0 0 0 0 0 0 0 0 0 0 0 0 0 0 0 0 0 0 0 0 0 0 0 0 0 0 0 0 0 0 0 0 0 0 0 0 0 0 0 0 0 0 0 0 0 0 0 0 0 0 0 0 0 0 0 0 0 0 0 0 0 0 0 0 0 0 0 0 0 0 0 0 0 0 0 0 0 0 0 0 0 0 0 0 0 0 0 0 0 0 0 0 0 0 0 0 0 0 0 0 0 0 0 0 0 0 0 0 0 0 0 0 0 0 0 0 0
0 0 0 0 0 0 0 312.323129251701 102.768707482993 869.761904761905 299.163265306122 0 0 0 0 0 0 0 0 0 0 0 0 0 0 0 0 0 0 0 0 0 0 0 0 0 0 0 0 0 0 0 0 37.5204081632653 0 0 6.07482993197279 0 0 0 157.350340136054 52.5238095238095 307.28231292517 193.363945578231 12.608843537415 32.4047619047619 0 0 0 0 0 0 0 0 0 0 482.41156462585 0 0 0 0 0 713.5 51.3401360544218 0 0 0 41.2108843537415 62.5918367346939 679.775510204082 19.9251700680272 0 35.6394557823129 0 0 0 0 0 0 0 0 0 0 0 2.64965986394558 200.520408163265 120.017006802721 0 0 0 0 0 0 0 0 0 0 3.62585034013605 0 0 0 0 0 6.44557823129252 0 3.4047619047619 83.7687074829932 0 0 2.19727891156463 0 0 0 0 0 0 0 0 0 0 0 0 16.8367346938776 0 0 0 15.5442176870748 4.73809523809524 3.77210884353741 0.874149659863946 0 0 0 11.3877551020408 0 0 0 14.0986394557823 63.2244897959184 17.8979591836735 13.7210884353741 0 0 0 0 0 2.29591836734694 0 0 0 0 0 0 0 0 0 0 0 0 0 0 0 0 0 0 0 0 0 0 0 0 0 0 0 0 0 0 0 0 0 0 0 0 0 0 0 0 0 0 0 0 0 0 0 0 0 0 0 0 0 0 0 0 0 0 0 0 0 0 0 0 0 0 0 0 0 0 0 0 0 0 0 0 0 0 0 0 0 0 0 0 0 0 0 0 0 0 0 0 0 0 0 0 0 0 0 0 0 0 0 0 0 0 0 0 0 0 0 0 0 0 0 0 0 0 0 0 0 0 0 0 0 0 0 0 0 0 0 0 0 0 0 0 0 0 0 0 0 0 0 0 0 0 0 0 0 0 0 0 0 0 0 0 0 0 0 0 0 0 0 0 0 0 0 0 0 0 0 0 0 0 0 0 0 0 0 0 0 0 0 0 0 0 0 0 0 0 0 0 0 0 0 0 0 0 0 0 0 0 0
454.258503401361 11.2755102040816 117.234693877551 420.139455782313 617.200680272109 387.921768707483 7.07482993197279 0 0 0 0 0 0 14 0.792517006802721 79.1292517006803 25.3775510204082 8.20408163265306 741.891156462585 76.8197278911565 59.3265306122449 31.265306122449 5.04761904761905 0 0 0 0 0 0 0 12.4761904761905 0 0 0 0 0 0 0 0 0 0 0 0 0 0 0 0 0 0 0 0 0 0 0 0 0 0 0 0 0 0 0 0 0 0 0 0 0 0 0 0 0 0 0 2.2108843537415 2.07823129251701 3.46598639455782 0 0 0 0 0 0 0 0 0 0 0 0 0 0.993197278911565 0 0 0 0 0 0 0 0 0 0 0 7.63605442176871 0 0 0 2.10544217687075 0 0 0 0 0 0 0 0 0 0 0 6.04081632653061 19.9489795918367 23.6258503401361 1.24489795918367 0 0 0 0.401360544217687 1.06122448979592 2.53741496598639 0 0 1.40136054421769 0 0 0 3.51020408163265 0 0 9.36394557823129 0 0 9.56802721088435 54.5680272108844 12.1904761904762 0 0 15.469387755102 0 0 0 24.9931972789116 0 59.4897959183673 0 2.96258503401361 0 20.5272108843537 2.55442176870748 142.741496598639 29.5408163265306 1.58163265306122 0 0 2.75510204081633 0 0 0 1.07823129251701 0 2.40816326530612 0 0.336734693877551 1.75170068027211 0 2.52721088435374 0 0 0 0 0 0 71.4897959183673 0 72.2687074829932 46.7142857142857 70.9285714285714 19.0986394557823 0 0 0 0 0 0 144.343537414966 6.25170068027211 24.7142857142857 31 20.4251700680272 0 39.8265306122449 1.74489795918367 0 0 0 0 0 0 0 0 0 0 6.02721088435374 0 0 0 0 0 0 0 0 0 0 0 0 0 0 1.90136054421769 0 0 0 0 0 0 0 0 0 0 0 0 0 0 0 0 0 0 0 0 0 0 0 0 0 0 0 0 0 0 0 0 0 0 0 0 0 0 0 0 0 0 0 0 0 0 0 0 0 0 0 0 0 0 0 0 0 0 0 0 0 0 0 0 0 0 0 0 0 0 0 0 0 10.9013605442177 13.6122448979592 0 0 0 0 0 0 0 0 0 0 0 0 0 0 0 0 0 0 0 3.11224489795918 57.8163265306122 0 0 0 0 0 0 0 0 0 62.9591836734694 0 0 0 0 0 6.3469387755102 0 0 0 0 0 0 0 0 0 0 0 0 0 0 0 0 0 0 0 0 0 0
111.952380952381 0 128.71768707483 100.295918367347 63.7619047619048 1.54421768707483 0 70.2414965986395 16.5952380952381 0 0 0 14 0 474.5 0 1.00680272108844 0 1.06462585034014 0 0 0 0 0 0 2.1156462585034 490.58843537415 0 113.163265306122 203.551020408163 259.010204081633 41.4455782312925 292.248299319728 206.465986394558 183.340136054422 63.9863945578231 116.554421768707 119.010204081633 54.3095238095238 205.700680272109 18.9115646258503 7.6530612244898 33.4353741496599 4.44897959183673 174.170068027211 4.98979591836735 0 0 0 1.03061224489796 11.2006802721088 1.04081632653061 2.2891156462585 0 47.4897959183673 0 14.3639455782313 195.965986394558 20.2585034013605 28.8197278911565 30.921768707483 21.5102040816327 7.22789115646258 10.2891156462585 1.68027210884354 0 0 0 23.3945578231293 0 0 2.28571428571429 0 0 0 0 0 0 0 0 0 0 0 0 0 0 0 0 0 0 0 0 0 0 0 0 0 0 0 0 0 0 0 0 0 0 0 0 0 0 0 0 0 0 0 0 0 42.9489795918367 141.442176870748 105.744897959184 37.9659863945578 51.2857142857143 0 0 0 83.8809523809524 3.72789115646259 0 0 0 2.88775510204082 0 0 0 1.18707482993197 0 0 0 0 0 0 129.37074829932 0 0 0 0 0 0 0 0 0 29.8469387755102 5.64625850340136 0 0 0 0 0 0 2.81292517006803 119.897959183673 30.0884353741497 5.85714285714286 13.391156462585 3.46598639455782 0 0 0 0 0 0 2.00340136054422 0 0 0 0 0 0 29.3401360544218 20.2959183673469 17.5204081632653 0 31.7006802721088 21.4761904761905 11.1292517006803 0.459183673469388 0 46.4761904761905 3.04081632653061 0 0 0 13.547619047619 1571.43197278912 127.438775510204 1.25510204081633 2.83673469387755 0 1.64625850340136 0 0 0 0 0 0 4 100.857142857143 0 45.4591836734694 33.9115646258503 54.3231292517007 6.20408163265306 26.4659863945578 9.45578231292517 66.3809523809524 23.6462585034014 41.8843537414966 79.4319727891156 14.6020408163265 78.5476190476191 33.8877551020408 2.25170068027211 27.1904761904762 10.421768707483 37.2074829931973 3.90816326530612 0 0 0 1.6156462585034 2.00680272108844 0.469387755102041 2.01360544217687 0 33.5918367346939 0 5.31972789115646 53.3231292517007 0 1.07482993197279 0 0.751700680272109 0 0 0 0 0 0 0 0 0 0 0 0 0 0 0 0 0 0 0 0 0 0 0 0 0 0 0 0 0 0 0 0 0 0 0 0 0 0 0 0 0 0 0 0 0 0 0 0 0 0 0 0 0 0 0 0.714285714285714 6.21428571428571 13.9081632653061 11.2823129251701 2.70748299319728 0 0 0 6.70748299319728 0 0 0 0 0 0 0 0 0 0 0 0 0 0 0 51.2006802721088 0 0 0 0 0 0 0 0 0 16.608843537415 2.10884353741497 0 0 0 0 0 0 0.493197278911565 17.2619047619048 7.67006802721088 0 0.731292517006803 0 0 0 0 0 0 0 0 0 0 0 0 0 0 0 0
44.0918367346939 0 170.363945578231 93.6020408163265 16.6292517006803 0 0 0 0 0 0 0 0.792517006802721 474.5 0 3.3265306122449 56.9149659863946 0 4.57482993197279 0 0 0 0 0 0 0 10.8095238095238 0 109.925170068027 291.727891156463 1189.77210884354 0 123.374149659864 8.80612244897959 634.261904761905 0 0 9.07482993197279 0 0 0 0 0 0 16.7789115646259 89.5068027210884 0 3.34013605442177 6.51020408163265 88.5034013605442 0 0 0 0 0 0 0 3.27551020408163 2.28571428571429 3.40816326530612 0 3.03401360544218 0 0 0 0 0 0 2.2108843537415 0 0 0 0 0 1.49319727891156 0.520408163265306 0 0 0 0 0 0 0 0 0 0 0 0 0 0 0 0 0 0 14.8639455782313 0 0 0 0 0 0 0 4.08163265306122 0 0 2.07823129251701 0 0 0 0 0 0 0 0 0 0 0 29.1734693877551 78.5748299319728 67.7074829931973 33.5 46.8027210884354 0 0 0 25.0442176870748 0 0 0 0 0 0 0 0 0 0 0 0 0 0 0 667.006802721088 34.5816326530612 0 32.6836734693878 75.7142857142857 0 0 0 0 25.8979591836735 100.06462585034 0 0 0 0 0 1.93537414965986 0 0 240.180272108844 4.28231292517007 0 0 0 0 1.16666666666667 0 0.91156462585034 0 0 0.670068027210884 2.30272108843537 3.41496598639456 4.90136054421769 0 0 0 6.65646258503401 0.469387755102041 6.7891156462585 0 40.3571428571429 7.83673469387755 12.2040816326531 0 0 0 0 0 0 0 11.9285714285714 104.384353741497 419.486394557823 2.25170068027211 16.5272108843537 0 9.8469387755102 0 0 0 0 0 0 0 27.0204081632653 0 122.84693877551 29.0816326530612 52.5272108843537 0 3.46258503401361 0 37.4013605442177 0 0 1.24489795918367 0 0 0 0 0 0 47.8945578231293 39.6530612244898 0 0 11.7721088435374 11.4897959183673 0 0 0 0 0 0 0 0 0 0 0 0 0 0 0 0 0 0 0 0 0 0 0 0 0 0 0 0 0 0 0 0 0 0 0 0 0 0 0 0 0 0 0 0 0 0 0 0 0 0 0 0 0 0 0 0 0 0 0 0 0 0 0 0 0 0 0 0 1.04421768707483 5.75170068027211 2.55442176870748 0 0 0 0 0 0 0 0 0 0 0 0 0 0 0 0 0 0 0 0 142.272108843537 0 0 0 0 0 0 0 0 0 36.1700680272109 0 0 0 0 0 0 0 0 18.765306122449 0 0 0 0 0 0 0 0 0 0 0 0 0 0 0 0 0 0 0
4.64965986394558 5.61224489795918 19.2040816326531 4.38775510204082 8.66326530612245 24.2619047619048 1.6530612244898 0 0 0 0 0 79.1292517006803 0 3.3265306122449 0 165.244897959184 4.21428571428571 735.425170068027 17.6734693877551 14.0850340136054 6.48299319727891 2.47278911564626 0 0 0 0 0 0 0 3.5578231292517 0 0 0 0 0 0 0 0 0 0 0 0 0 0 2.91156462585034 0 0 0 5.32993197278912 0 0 0 0 0 0 0 0 0 0 0 0 0 0 0 0 0 0 0 0 0 0 0 0 0.840136054421769 0 0 0 0 0 0 0 0 0 0 0 0 0 0 0 0 0 0 0 0 0 0 0 0 0 0 0 0.904761904761905 0 0 0 0 0 0 0 0 0 0 0 0 0 0 0 2.09183673469388 2.02380952380952 0 0 0 0 0 0 0 0 0 0 0 0 0 0 1.09863945578231 0 0 6.58163265306122 0 0 2.13605442176871 34.734693877551 26.7687074829932 0 0 126.020408163265 0 0 0 3.8843537414966 0 113.863945578231 0 0 0 11.4353741496599 2.84353741496599 80.843537414966 20.8061224489796 0 0 0 0 0 0 0 0 0 0.863945578231292 0 0 0 0 0 0 0 0 0 0 0 0 0 2.8265306122449 1.00680272108844 2.49319727891156 0 0 0 0 0 0 0 5.39455782312925 0 3.09183673469388 1.91496598639456 2.50340136054422 0 1.29591836734694 0 0 0 0 0 0 0 0 0 0 0 0.503401360544218 0 0 0 0 0 0 0 0 0 0 0 0 0 0 0 0 0 0 0 0 0 0 0 0 0 0 0 0 0 0 0 0 0 0 0 0 0 0 0 0 0 0 0 0 0 0 0 0 0 0 0 0 0 0 0 0 0 0 0 0 0 0 0 0 0 0 0 0 0 0 0 0 0 0 0 0 0 0 0 0 0 0 0 0 0 0 0 0 0 0 0 0 0 0 0 0 0 0 0 0 0 0 0 0 0 0 0 0 0 0 4.08503401360544 0 0 0 0 0 0 0 0 0 2.94557823129252 0 0 0 0 0 0 0 0 0 0 0 0 0 0 0 0 0 0 0 0 0 0 0 0 0 0 0 0
0 7.38095238095238 30.3707482993197 0 3.07142857142857 10.7891156462585 0 0 0 0 0 0 25.3775510204082 1.00680272108844 56.9149659863946 165.244897959184 0 5.3265306122449 103.357142857143 2.07142857142857 2.81632653061224 2.15986394557823 6.27891156462585 0 0 0 0 0 4.26530612244898 0 16.2993197278912 0 0 0 0 0 0 0 0 0 0 0 0 0 0 77.7619047619048 0 4.05102040816327 16.2823129251701 334.52380952381 0 0 0 0 0 0 0 0 0 0 0 0 0 0 0 0 0 0 0 0 0 0 0 0 4.56802721088435 1.83673469387755 1.75510204081633 0 0 0 0 0.799319727891156 0 0 0 0 0 0 0.414965986394558 0 0.931972789115646 0 0 0 8.78231292517007 0 0 0 0 0 0 0 5.40476190476191 1.35034013605442 0 2.61224489795918 2.29251700680272 1.86054421768707 0 0 0 0 0 0 0 0 0 0.666666666666667 8.65986394557823 10.8231292517007 0 1.55442176870748 0 1.91836734693878 4.14625850340136 1.31972789115646 2.54421768707483 3.79591836734694 3.01700680272109 0 2.64625850340136 0 0 0 2.06462585034014 0 0 8.49659863945578 0 0 4.48639455782313 307.755102040816 243.496598639456 0 105.768707482993 755.758503401361 0 0 0 7.94897959183673 37.765306122449 426.931972789116 0 0 0 5.51360544217687 3.31292517006803 57.6904761904762 10.3401360544218 0 0 0 2.11224489795918 0 0 0 1.06122448979592 0 2.61904761904762 0 0.384353741496599 1.1530612244898 2.29591836734694 2.92857142857143 7.17687074829932 0.945578231292517 0 1.37074829931973 0 0 6.20068027210884 0 7.54081632653061 1.55442176870748 4.01700680272109 0 0 0 0 0 0 0 6.62244897959184 0.551020408163265 10.4081632653061 2.40816326530612 4.21428571428571 0 4.25850340136054 0 0 0 0 0 0 0 0 0 0 0 2 0 0 0 0 0 0 0 0 0 0 0 0 0 0 0.23469387755102 0 0 0 0.45578231292517 0 0 0 0 0 0 0 0 0 0 0 0 0 0 0 0 0 0 0 0 0 0 0 0 0 0 0 0 0 0 0 0 0 0 0 0 0 0 0 0 0 0 0 0 0 0 0 0 0 0 0 0 0 0 0 0 0 0 0 0 0 0 0 0 0 0 0 0 0 0.343537414965986 0 0 0 0 0 0 0 0 0 0 0 0 0 0 0 0 0 0 0 0 0 17.7108843537415 0 0 0 0 0 0 0 0 0 8.77551020408163 0 0 0 0 0 0 0 0 0 0 0 0 0 0 0 0 0 0 0 0 0 0 0 0 0 0 0 0
119.612244897959 104.551020408163 0 608.547619047619 739.56462585034 317.078231292517 439.574829931973 0 0 0 0 0 8.20408163265306 0 0 4.21428571428571 5.3265306122449 0 27.3367346938776 26.1496598639456 104.840136054422 275.578231292517 49.3571428571429 0 0 0 0 0 0 0 0 0 0 0 0 0 0 0 0 0 0 0 0 0 0 0 0 0 0 0 0 0 0 0 0 0 0 0 0 0 0 0 0 0 0 0 0 0 0 0 0 0 0 0 2.82312925170068 1.34353741496599 1.37414965986395 0 0 0 0 0 0 0 0 0 0 0 0 0.268707482993197 1.85374149659864 0 0 0 0 0 0 0 0 0 0 0 0 0 0 0 0 0 0 0 0 0 0 0 0 0 0 7.92517006802721 0.799319727891156 5.40816326530612 0 74.1292517006803 0 0 0 26.7755102040816 188.43537414966 0 0 0 20.9387755102041 3.43877551020408 41.7687074829932 74.0680272108844 740.778911564626 774.768707482993 7.6734693877551 1331.41496598639 0 3.56122448979592 24.0544217687075 0 23.4727891156463 0 0 6.41836734693878 0 0 0 10.7006802721088 5.93877551020408 5.39795918367347 24.4421768707483 135.214285714286 4.77210884353742 83.1054421768708 166.431972789116 42.4965986394558 33.1258503401361 12.2244897959184 0 0 1017.33673469388 0 0 0 2.94897959183673 0 0 0 0 33.9931972789116 0 0 0 2.7312925170068 0 2.77210884353741 0 0 38.2210884353741 0 0 32.3877551020408 24.4183673469388 0 5.66326530612245 0 0 0 0 0 0 0 0 0 0 10.2244897959184 0 0 0 0 0 0 0 0 0 0 0 0 0 0 0 0 0 0 0 0 0 0 0 0 0 0 0 0 0 0 0 0 0 0 0 0 0 0 0 0 0 0 0 0 0 0 0 0 0 0 0 0 0 0 0 0 0 0 0 0 0 0 0 0 0 0 0 0 0 0 0 0 0 0 0 0 0 0 0 0 0 0 0 0 0 0 0 0 0 0 0 0 0 0 0 0 0 0 0 0 0 0 0 0 0 0 0 0 0 0 0 0 0 0 0 0 0 0 0 0 0 0 0 0 0 0 0 0 0 0 0 0 0 0 0 0 0 0 0 0 0 0 0 0 4.73469387755102 0 0 0 0 0 0 0 0 0 0 0 0 0 0 0 0 0
21.1054421768707 23.2312925170068 89.9659863945578 14.6836734693878 112.180272108844 362.292517006803 15.6224489795918 0 0 0 0 0 741.891156462585 1.06462585034014 4.57482993197279 735.425170068027 103.357142857143 27.3367346938776 0 106.700680272109 86.9251700680272 43.8707482993197 16.4319727891156 0 0 0 0 0 0 0 9.48979591836735 0 0 0 0 0 0 0 0 0 0 0 0 0 0 4.90136054421769 0 0 0 7.47278911564626 0 0 0 0 0 0 0 0 0 0 0 0 0 0 0 0 0 0 0 0 0 0 0 0 8.73809523809524 4.89795918367347 4.55442176870748 0 0 0 0 1.54081632653061 0 0 0 0 0 0 0.77891156462585 1.44897959183673 2.59863945578231 0 0 0 0 0 0 0 0 0 0 0 13.5204081632653 1.19387755102041 0 2.84353741496599 7.99659863945578 1.57823129251701 0 0 1.13605442176871 0 0 0 0 0 0 0.282312925170068 8.57142857142857 18.8469387755102 8.79591836734694 1.47959183673469 1.24829931972789 2.8265306122449 7.02721088435374 1.00680272108844 7.15986394557823 6.52380952380952 3.07823129251701 0 3.95918367346939 2.4047619047619 0 1.01020408163265 10.1326530612245 9.28571428571429 0 25.2176870748299 0.673469387755102 1.63605442176871 14.5408163265306 53.6394557823129 191.255102040816 0 1.24829931972789 212.452380952381 0 0 0 35.4727891156463 1.36054421768707 280.421768707483 0 6.35714285714286 0 66.8877551020408 11.3775510204082 461.772108843537 103.636054421769 1.48979591836735 0 0 8.17687074829932 0 0 0 4.75170068027211 0 5.19387755102041 0 1.82993197278912 2.94897959183673 4.03061224489796 7.49659863945578 9.09183673469388 2.2312925170068 0 2.4421768707483 0 0 19.6020408163265 0 16.2755102040816 10.952380952381 9.90816326530612 5.33333333333333 0 0 0 0 0 0 26.3197278911565 0.336734693877551 4.07142857142857 8.6530612244898 9.1156462585034 0 16.2482993197279 0 0 0 0 0 0 0 0 0 0 0 2.44897959183673 0 0 0 0 0 0 0 0 0 0 0 0 0 0 0 0 0 0 0 0 0 0 0 0 0 0 0 0 0 0 0 0 0 0 0 0 0 0 0 0 0 0 0 0 0 0 0 0 0 0 0 0 0 0 0 0 0 0 0 0 0 0 0 0 0 0 0 0 0 0 0 0 0 0 0 0 0 0 0 0 0 0 0 0 0 0 0 0 1.92857142857143 1.19047619047619 0 0 0 0 0 0 0 0 0 0 0 0 0 0 0 0 0 0 0 1.03741496598639 17.0918367346939 0 0 0 0 0 0 0 0 0 17.2857142857143 0 0 0 0 0 0.82312925170068 0 0 0 0 0 0 0 0 0 0 0 0 0 0 0 0 0 0 0 0 0 0
14.5714285714286 15.5136054421769 0 11.3231292517007 88.4285714285714 960.768707482993 19.9897959183673 0 0 0 0 0 76.8197278911565 0 0 17.6734693877551 2.07142857142857 26.1496598639456 106.700680272109 0 264.278911564626 121.418367346939 29.2789115646259 0 0 0 0 0 0 0 0 0 0 0 0 0 0 0 0 0 0 0 0 0 0 0 0 0 0 0 0 0 0 0 0 0 0 0 0 0 0 0 0 0 0 0 0 0 0 0 0 0 0 0 9.08503401360544 6.11224489795918 3.39455782312925 0 0 0 0 0.897959183673469 0 0 0 0 0 0 1.35034013605442 2.24829931972789 3.52721088435374 0 0 0 0 0 0 0 0 0 0 0 3.36394557823129 0 0 0 0.836734693877551 0 0 0 1.04761904761905 0 0 0 0 0 0 0 0 8.93197278911565 0 0.656462585034014 1.3843537414966 0 0 0 6.57482993197279 1.40816326530612 0 0.979591836734694 5.53401360544218 2.85714285714286 0 3.14285714285714 14.9897959183673 3.02380952380952 0 18.1904761904762 0 0 5.12244897959184 0 71.5612244897959 0 0 12.8469387755102 0 0 0 2.26190476190476 0 3.4047619047619 0 6.2687074829932 0 109.986394557823 10.9659863945578 838.707482993197 195.459183673469 0 0 0 6.01020408163265 0 0 0 2.70748299319728 0 3.17687074829932 0 0.976190476190476 2.68367346938776 0 0 0 3.54081632653061 0 4.28571428571429 0 0 0 0 0 0 0 0 0 0 0 0 0 0 0 0 0 0 0 0 0 0 0 0 0 0 0 0 0 0 0 0 0 0 0 0 0 0 0 0 0 0 0 0 0 0 0 0 0 0 0 0 0 0 0 0 0 0 0 0 0 0 0 0 0 0 0 0 0 0 0 0 0 0 0 0 0 0 0 0 0 0 0 0 0 0 0 0 0 0 0 0 0 0 0 0 0 0 0 0 0 0 0 0 0 0 0 0 0 0 0 0 0 0 0 0 0 0 0 0 0 0 0 0 0 0 0 0 0 0 0 0 0 0 0 0 0 0 0 0 0 0 0 0 0 0 0 0 0 0 0 0 0 0 0 0 0 0 0 0 0 0 0 0 0 0 0 0 0 0 0 0 0 0 0 0 0 0 0 0 0 0
9.36054421768707 130.707482993197 0 11.5238095238095 50.2619047619048 539.340136054422 26.5374149659864 0 0 0 0 0 59.3265306122449 0 0 14.0850340136054 2.81632653061224 104.840136054422 86.9251700680272 264.278911564626 0 184.65306122449 84.3333333333333 0 0 0 0 0 0 0 0 0 0 0 0 0 0 0 0 0 0 0 0 0 0 0 0 0 0 0 0 0 0 0 0 0 0 0 0 0 0 0 0 0 0 0 0 0 0 0 0 0 0 0 2 0.95578231292517 2.08843537414966 0 0 0 0 0 0 0 0 0 0 0 0 0 1.53741496598639 0 0 0 0 0 0 0 0 0 0 0 0.962585034013605 0 0 0 0 0 0 0 0 0 0 0 0 0 0 0 0 3.44557823129252 0 2.74149659863946 0 0 0 0 15.8163265306122 0 0 0 14.2857142857143 2.71768707482993 0 6.11904761904762 26.1020408163265 16.7040816326531 0 270.948979591837 0 0 14.4455782312925 0 37.4829931972789 0 0 7.36394557823129 0 0 0 2.04421768707483 0 0 0 19.7380952380952 0 197.721088435374 74.2006802721088 273.224489795918 87.9965986394558 2.80952380952381 0 0 35.5714285714286 0 0 0 2.57482993197279 0 2.49659863945578 0 0 7.82312925170068 0 0 0 3.7108843537415 0 1.77891156462585 0 0 0 0 0 0 0 0 0 0 0 0 0 0 0 0 0 0 0 0 0 0 0 0 0 0 0 0 0 0 0 0 0 0 0 0 0 0 0 0 0 0 0 0 0 0 0 0 0 0 0 0 0 0 0 0 0 0 0 0 0 0 0 0 0 0 0 0 0 0 0 0 0 0 0 0 0 0 0 0 0 0 0 0 0 0 0 0 0 0 0 0 0 0 0 0 0 0 0 0 0 0 0 0 0 0 0 0 0 0 0 0 0 0 0 0 0 0 0 0 0 0 0 0 0 0 0 0 0 0 0 0 0 0 0 0 0 0 0 0 0 0 0 0 0 0 0 0 0 0 0 0 0 0 0 0 0 0 0 0 0 0 0 0 0 0 0 0 0 0 0 0 0 0 0 0 0 0 0 0 0 0
