0 69.7006802721088 1008.29591836735 16387.6870748299 6695.39115646259 2042.0612244898 190.159863945578 0 0 0 0 0 1268.87074829932 360.374149659864 74.6802721088435 117.095238095238 45.5136054421769 178.758503401361 78.2176870748299 205.234693877551 242.707482993197 256.649659863946 80.7210884353742 0 0 0 0 0 0 0 94 0 0 0 0 0 0 0 0 0 0 0 0 0 0 0 0 0 0 0 0 0 0 0 0 0 0 0 0 0 0 0 0 0 0 0 0 0 0 0 0 0 0 0 0 0 0 0 0 0 0 0 0 0 0 0 0 0 0 0 0 0 0 0 0 0 0 0 0 0 0 0 73.3027210884354 0 0 14.6190476190476 27.3163265306122 0 0 36.6598639455782 0 14.0510204081633 0 0 0 0 0 0 104.625850340136 762.122448979592 1014.0612244898 45.8571428571429 47.4897959183673 19.3877551020408 64.7585034013605 110.095238095238 140.469387755102 107.955782312925 82.6292517006803 62.3231292517007 249.751700680272 199.102040816327 136.319727891156 258.343537414966 238.775510204082 157.221088435374 38.9285714285714 167.598639455782 0 0 0 270.836734693878 96.4863945578231 0 0 46.2244897959184 0 0 0 11.843537414966 19.2993197278912 145.615646258503 658.544217687075 100.622448979592 57.2244897959184 106.197278911565 88.391156462585 139.112244897959 154.43537414966 443.925170068027 0 0 136.802721088435 0 0 0 101.683673469388 0 0 0 0 114.93537414966 16.4965986394558 12.187074829932 51.6734693877551 148.986394557823 125.051020408163 66.6224489795918 0 0 242.401360544218 0 39.4829931972789 153.670068027211 93.0272108843537 31.7074829931973 0 0 0 0 0 0 75.0034013605442 44.5408163265306 59.8979591836735 20.9047619047619 24.530612244898 0 0 0 0 0 0 0 0 0 0 0 0 0 26.1836734693878 0 0 0 0 0 0 0 0 0 0 0 0 0 0 0 0 0 0 16.9591836734694 0 0 0 0 0 0 0 0 0 0 0 0 0 0 0 0 0 0 0 0 0 0 0 0 0 0 0 0 0 0 0 0 0 0 0 0 0 0 0 0 0 0 0 0 0 0 0 0 0 0 0 0 0 0 0 0 0 0 0 0 0 0 0 0 0 0 0 0 0 112.850340136054 63.9387755102041 0 0 0 0 0 0 0 0 0 0 0 0 0 0 0 0 21.2551020408163 0 0 0 61.8571428571429 23.0442176870748 0 17.3945578231293 0 0 0 0 0 18.2959183673469 34.8877551020408 0 0 0 0 0 0 0 14.5884353741497 0 0 0 0 0 0 0 0 0 0 0 0 0 0 0 0 0 0 0 0
69.7006802721088 0 0 33.6700680272109 0 44.6496598639456 0 15.2142857142857 0 0 0 0 0 0 0 0 0 47.6666666666667 0 34.5816326530612 37.3809523809524 0 141.962585034014 0 0 0 0 0 0 0 0 0 0 0 0 0 0 0 0 0 0 0 0 0 0 0 0 0 0 0 0 0 0 0 0 0 0 0 0 0 0 0 0 0 0 0 20.1394557823129 0 0 0 0 0 16.3945578231293 0 0 0 0 0 0 0 0 0 0 0 0 0 0 0 0 0 0 0 0 0 0 0 0 0 0 0 0 0 0 0 0 0 0 0 0 0 0 0 0 0 0 0 0 0 0 20.8979591836735 0 0 0 0 0 0 0 9.27210884353742 17.2755102040816 11.3503401360544 12.1190476190476 13.5714285714286 48.3163265306122 24.8231292517007 22.5374149659864 37.2925170068027 89.3401360544218 139.867346938776 0 102.778911564626 135.357142857143 0 140.136054421769 0 22.1666666666667 27.6360544217687 0 0 35.1530612244898 98.9591836734694 129.93537414966 0 0 0 0 67.8367346938775 187.510204081633 32.8333333333333 117.08843537415 0 0 0 0 0 0 0 0 0 0 0 0 0 0 0 0 11.0238095238095 15.5068027210884 0 0 0 0 0 0 0 0 0 0 0 0 0 0 0 0 0 0 0 0 0 0 0 0 0 0 0 0 0 0 0 0 0 0 0 0 0 0 0 0 0 0 0 0 0 0 0 0 0 0 0 0 0 0 0 0 0 0 0 0 0 0 0 0 0 0 0 0 0 0 0 0 0 0 0 0 0 0 0 0 0 0 0 0 0 0 0 0 0 0 0 0 0 0 0 0 0 0 0 0 0 0 0 0 0 0 0 0 0 0 0 0 0 0 0 0 0 0 0 0 0 0 0 0 0 0 0 0 0 0 0 0 0 0 0 0 0 0 0 0 0 0 0 0 0 0 0 0 0 0 0 0 0 0 0 0 0 0 0 0 0 0 0 0 0 0 0 0 0 0 0 0 0 0 0 0 0 0 0 0 0 0 0
1008.29591836735 0 0 948.268707482993 548.724489795918 153.329931972789 28.234693877551 0 0 0 0 0 320.5 125.527210884354 58.1190476190476 130.642857142857 42.8095238095238 21.9251700680272 54.3639455782313 32.4557823129252 33.6190476190476 30.4047619047619 0 0 0 0 0 0 0 0 64.3401360544218 0 0 0 0 0 0 0 0 0 0 0 0 0 0 0 0 0 0 0 0 0 0 0 0 0 0 0 0 0 0 0 0 0 0 0 0 0 0 0 0 0 0 0 0 0 0 0 0 0 0 0 0 0 0 0 0 0 0 0 0 0 0 0 0 0 0 0 0 0 0 0 11.0374149659864 0 0 0 0 0 0 0 0 0 0 0 0 0 0 0 11.7789115646259 61.5476190476191 107.602040816327 0 0 0 8.16666666666667 9.12244897959184 0 7.92517006802721 10.0646258503401 0 8.49659863945578 0 0 9.69047619047619 0 0 0 16.4387755102041 0 0 0 343.363945578231 0 0 0 16.2482993197279 0 0 0 0 0 185.744897959184 37.078231292517 12.6802721088435 0 0 0 50.0238095238095 19.7108843537415 19.1768707482993 0 0 16.6496598639456 0 0 0 7.94897959183673 0 0 0 0 0 0 0 11.734693877551 6.57823129251701 0 0 0 0 33.7142857142857 0 0 21.4863945578231 18.2517006802721 0 0 0 0 0 0 0 19.734693877551 14.9795918367347 18.8095238095238 0 0 0 0 0 0 0 0 0 0 0 0 0 0 0 0 0 0 0 0 0 0 0 0 0 0 0 0 0 0 0 0 0 0 0 0 0 0 0 0 0 0 0 0 0 0 0 0 0 0 0 0 0 0 0 0 0 0 0 0 0 0 0 0 0 0 0 0 0 0 0 0 0 0 0 0 0 0 0 0 0 0 0 0 0 0 0 0 0 0 0 0 0 0 0 0 0 0 0 0 0 0 0 0 28.3877551020408 16.4455782312925 0 0 0 0 0 0 0 0 0 0 0 0 0 0 0 0 0 0 0 0 19.5204081632653 0 0 0 0 0 0 0 0 0 0 0 0 0 0 0 0 0 0 0 0 0 0 0 0 0 0 0 0 0 0 0 0 0 0 0 0 0 0
16387.6870748299 33.6700680272109 948.268707482993 0 5836.59183673469 2072.05102040816 175.741496598639 0 0 0 0 0 1104.54421768707 313.537414965986 62.0952380952381 105.363945578231 40.3061224489796 142.367346938776 73.0510204081633 120.734693877551 164.02380952381 214.904761904762 0 0 0 0 0 0 0 9.07823129251701 113.408163265306 0 0 0 0 0 0 0 0 0 0 0 0 0 0 0 0 0 0 0 0 0 0 0 0 0 0 0 0 0 0 0 0 0 0 0 0 0 0 0 0 0 0 0 0 0 0 0 0 0 0 0 0 0 0 0 0 0 0 0 0 0 0 0 0 0 0 0 0 0 0 0 49.5068027210884 0 0 9.12925170068027 14.7891156462585 0 0 22.6598639455782 0 0 0 0 0 0 0 14.8775510204082 97.5816326530612 540.639455782313 737.227891156463 44.8061224489796 27.3027210884354 12.9863945578231 35.7687074829932 313.41156462585 122.649659863946 61.1020408163265 52.6156462585034 35.7585034013605 159.948979591837 117.673469387755 85.0510204081633 167.248299319728 185.394557823129 109.687074829932 24.0952380952381 116.227891156463 0 0 0 265.030612244898 59.3571428571429 0 0 35.3333333333333 0 0 0 0 14.5816326530612 131.486394557823 753.425170068027 110.353741496599 58.2755102040816 45.4965986394558 41.469387755102 102.537414965986 59.2074829931973 409.62925170068 0 0 143.683673469388 0 0 0 64.0442176870748 0 0 0 0 79.530612244898 11.2891156462585 9.77891156462585 32.5680272108844 88.1530612244898 75.7959183673469 39.765306122449 0 0 175.316326530612 0 27.0612244897959 199.761904761905 63.2142857142857 19.5510204081633 0 0 0 0 0 0 51.8877551020408 37.1972789115646 39.6428571428571 14.6768707482993 16.9659863945578 0 0 0 0 0 0 0 0 0 0 0 0 0 20.1972789115646 0 0 0 0 0 0 0 0 0 0 0 0 0 0 0 0 0 0 11.3163265306122 0 0 0 0 0 0 0 0 0 0 0 0 0 0 0 0 0 0 0 0 0 0 0 0 0 0 0 0 0 0 0 0 0 0 0 0 0 0 0 0 0 0 0 0 0 0 0 0 0 0 0 0 0 0 0 0 0 0 0 0 0 0 0 0 0 0 0 0 0 82.1768707482993 45.7959183673469 0 0 0 0 0 0 0 0 0 0 0 0 0 0 0 0 0 0 0 0 42.7448979591837 15.4319727891156 0 11.4795918367347 0 0 0 0 0 12.6666666666667 22.9727891156463 49.608843537415 0 0 0 0 0 0 0 0 0 0 0 0 0 0 0 0 0 0 0 0 0 0 0 0 0 0 0
6695.39115646259 0 548.724489795918 5836.59183673469 0 3506.91496598639 282.993197278912 0 0 0 0 0 1326.27210884354 221.894557823129 40.7993197278912 126.41156462585 32.1054421768707 178.081632653061 97.530612244898 217.921768707483 317.534013605442 404.595238095238 0 0 0 0 0 0 0 0 61.0340136054422 0 0 0 0 0 0 0 0 0 0 0 0 0 0 0 0 0 0 0 0 0 0 0 0 0 0 0 0 0 0 0 0 0 0 0 0 0 0 0 0 0 0 0 0 0 0 0 0 0 0 0 0 0 0 0 0 0 0 0 0 0 0 0 0 0 0 0 0 0 0 0 44.9557823129252 0 0 0 13.2210884353741 0 0 17.547619047619 0 0 0 0 0 0 0 0 44.343537414966 350.06462585034 318.132653061225 25.2551020408163 20.8843537414966 15.0340136054422 35.9591836734694 48.0238095238095 115.687074829932 53.7074829931973 51.3707482993197 32.0136054421769 123.187074829932 92.2551020408163 72.8503401360544 130.309523809524 156.472789115646 88.7789115646258 23.7721088435374 118.58843537415 11.5918367346939 0 0 174.714285714286 41.6360544217687 0 0 19.1632653061224 0 0 0 0 10.047619047619 119.670068027211 252.91156462585 132.43537414966 26.8231292517007 71.8979591836735 36.8843537414966 158.34693877551 71.969387755102 378.020408163265 0 0 157.884353741497 0 0 0 53.4455782312925 0 0 0 0 61.0850340136054 12.3673469387755 10.8333333333333 36.0646258503401 71.0748299319728 62.7925170068027 32.3809523809524 0 0 101.085034013605 0 24.7006802721088 72.2687074829932 51.9149659863946 15.9829931972789 0 0 0 0 0 0 45.9489795918367 27.9965986394558 40.2312925170068 13.421768707483 15.7993197278912 0 0 0 0 0 0 0 0 0 0 0 0 0 17.0646258503401 0 0 0 0 0 0 0 0 0 0 0 0 0 0 0 0 0 0 0 0 0 0 0 0 0 0 0 0 0 0 0 0 0 0 0 0 0 0 0 0 0 0 0 0 0 0 0 0 0 0 0 0 0 0 0 0 0 0 0 0 0 0 0 0 0 0 0 0 0 0 0 0 0 0 0 0 0 0 0 0 0 0 0 0 0 0 0 0 64.8605442176871 37.843537414966 0 0 0 0 0 0 0 0 0 0 0 0 0 0 0 0 13.8877551020408 0 0 0 40.921768707483 15.1836734693878 0 12.391156462585 0 0 0 0 0 12.4183673469388 0 0 0 0 0 0 0 0 0 0 0 0 0 0 0 0 0 0 0 0 0 0 0 0 0 0 0 0 0
2042.0612244898 44.6496598639456 153.329931972789 2072.05102040816 3506.91496598639 0 557.751700680272 0 0 0 0 0 874.204081632653 85.0272108843537 36.8163265306122 127.418367346939 43.030612244898 315.972789115646 259.261904761905 540.289115646259 663.428571428571 730.884353741497 68.0918367346939 0 0 0 0 0 0 0 25.3367346938776 0 0 0 0 0 0 0 0 0 0 0 0 0 0 0 0 0 0 0 0 0 0 0 0 0 0 0 0 0 0 0 0 0 0 0 0 0 0 0 0 0 0 0 0 0 0 0 0 0 0 0 0 0 0 0 0 0 0 0 0 0 0 0 0 0 0 0 0 0 0 0 32.3775510204082 0 0 0 9.62585034013605 0 0 12.4251700680272 0 0 0 0 0 0 0 0 23.9829931972789 213.15306122449 126.051020408163 18.6394557823129 14.6802721088435 11.3163265306122 26.1122448979592 23.7891156462585 112.751700680272 37.9353741496599 39.7755102040816 24.0408163265306 81.4625850340136 64.0238095238095 56.9115646258503 97.6666666666667 129.102040816327 74.3503401360544 21.9421768707483 170.952380952381 0 0 0 83.2142857142857 110.108843537415 0 0 51.0646258503401 0 0 0 0 15.3843537414966 104.914965986395 112.244897959184 211.43537414966 15.1972789115646 167.608843537415 52.7959183673469 551.908163265306 166.772108843537 245.394557823129 0 0 256.894557823129 0 0 0 35.4625850340136 0 0 0 0 42.530612244898 9.03741496598639 0 26.1632653061224 48.8163265306122 46.5714285714286 22.4251700680272 0 0 35.5272108843537 0 0 22.0374149659864 18.7721088435374 0 0 0 0 0 0 0 17.7278911564626 12.3945578231293 17.078231292517 0 0 0 0 0 0 0 0 0 0 0 0 0 0 0 0 0 0 0 0 0 0 0 0 0 0 0 0 0 0 0 0 0 0 0 0 0 0 0 0 0 0 0 0 0 0 0 0 0 0 0 0 0 0 0 0 0 0 0 0 0 0 0 0 0 0 0 0 0 0 0 0 0 0 0 0 0 0 0 0 0 0 0 0 0 0 0 0 0 0 0 0 0 0 0 0 0 0 0 0 0 0 0 0 29.5884353741497 0 0 0 0 0 0 0 0 0 0 0 0 0 0 0 0 0 0 0 0 0 16.9455782312925 0 0 0 0 0 0 0 0 0 0 0 0 0 0 0 0 0 0 0 0 0 0 0 0 0 0 0 0 0 0 0 0 0 0 0 0 0 0
190.159863945578 0 28.234693877551 175.741496598639 282.993197278912 557.751700680272 0 0 0 0 0 0 92.1734693877551 18.3027210884354 0 27.547619047619 0 313.578231292517 49.5204081632653 65.0510204081633 76.6326530612245 173.19387755102 0 0 0 0 0 0 0 0 0 0 0 0 0 0 0 0 0 0 0 0 0 0 0 0 0 0 0 0 0 0 0 0 0 0 0 0 0 0 0 0 0 0 0 0 0 0 0 0 0 0 0 0 0 0 0 0 0 0 0 0 0 0 0 0 0 0 0 0 0 0 0 0 0 0 0 0 0 0 0 0 0 0 0 0 0 0 0 0 0 0 0 0 0 0 0 0 0 66.7755102040816 39.6394557823129 9.22108843537415 0 0 0 15.4931972789116 85.2176870748299 0 0 0 22.343537414966 12.4115646258503 0 24.6394557823129 66.7142857142857 27.6462585034014 0 83.9285714285714 0 0 0 22.5850340136054 63.0272108843537 0 0 32.1258503401361 0 0 0 0 0 27.656462585034 47.5714285714286 211.71768707483 0 0 0 90.5646258503401 0 110.112244897959 0 0 354.265306122449 0 0 0 0 0 0 0 0 14.1496598639456 0 0 0 0 0 0 0 0 0 0 0 0 0 0 0 0 0 0 0 0 0 0 0 0 0 0 0 0 0 0 0 0 0 0 0 0 0 0 0 0 0 0 0 0 0 0 0 0 0 0 0 0 0 0 0 0 0 0 0 0 0 0 0 0 0 0 0 0 0 0 0 0 0 0 0 0 0 0 0 0 0 0 0 0 0 0 0 0 0 0 0 0 0 0 0 0 0 0 0 0 0 0 0 0 0 0 0 0 0 0 0 0 0 0 0 0 0 0 0 0 0 0 0 0 0 0 0 0 0 0 0 0 0 0 0 0 0 0 0 0 0 0 0 0 0 0 0 0 0 0 0 0 0 0 0 0 0 0 0 0 0 0 0 0 0 0 0 0 0 0 0 0 0 0 0 0 0 0 0 0 0 0 0 0 0 0 0 0
0 15.2142857142857 0 0 0 0 0 0 830.418367346939 551.149659863946 146.809523809524 549.656462585034 0 466.173469387755 31.4727891156463 0 0 0 0 0 0 0 0 0 19.4489795918367 28.9965986394558 0 15.6632653061224 15.3707482993197 0 0 0 0 0 0 764.302721088435 292.799319727891 121.214285714286 223.384353741497 1275.22789115646 59.8639455782313 237.207482993197 155.037414965986 216.982993197279 69.6462585034014 0 176.632653061224 56.3163265306122 57.5340136054422 31.7210884353741 883.56462585034 659.34693877551 1066.54421768707 1659.76530612245 1617.15986394558 652.921768707483 0 0 0 0 0 0 5.66326530612245 0 0 0 84.1224489795918 11.0748299319728 0 7.24829931972789 0 0 77.4013605442177 43.8333333333333 16.9727891156463 0 8.51700680272109 263.391156462585 31.2006802721088 64.5 18.6904761904762 15.7755102040816 18.1326530612245 9.83673469387755 8.25510204081633 9.89795918367347 0 0 0 0 0 0 0 0 42.0340136054422 298.58843537415 55.8537414965986 0 187.020408163265 298.69387755102 85.4183673469388 149.5 21.7482993197279 38.6598639455782 41.2823129251701 181.156462585034 0 39.8843537414966 27.8605442176871 0 10.0034013605442 0 40.6292517006803 20.9489795918367 46.391156462585 204.091836734694 207.823129251701 0 48.1190476190476 589 0 0 0 0 0 0 0 0 16.9625850340136 16.2074829931973 9.6734693877551 8.80272108843537 70.4523809523809 24.5680272108844 15.0510204081633 30.2074829931973 73.3673469387755 56.9761904761905 16.6462585034014 31.9013605442177 17.6530612244898 0 28.578231292517 81.4931972789116 58.8809523809524 15.3979591836735 170.30612244898 163.748299319728 182.795918367347 62.8537414965986 97.0068027210884 0 0 0 0 0 28.9829931972789 0 0 0 0 0 0 0 0 0 123.292517006803 199.197278911565 9.57823129251701 0 9.66326530612245 0 0 0 13.8469387755102 7 15.5816326530612 0 0 0 0 0 0 0 0 0 0 807.142857142857 114.802721088435 87.6496598639456 0 38.4421768707483 0 259.431972789116 0 0 0 0 0 0 0 0 0 0 0 23.4353741496599 0 0 0 0 0 0 0 0 0 66.8979591836735 40.7176870748299 32.2108843537415 17.5680272108844 304.289115646258 60.6904761904762 10.312925170068 81.0034013605442 100.299319727891 8.69387755102041 0 0 0 0 0 163.571428571429 67.9013605442177 116.204081632653 195.020408163265 403.87074829932 44.1394557823129 0 0 0 0 0 0 0 0 0 0 0 0 0 0 0 0 0 0 0 0 0 0 0 0 0 0 0 0 0 0 0 0 0 0 0 0 0 0 0 65.3979591836735 0 0 0 0 0 0 0 0 0 0 0 0 0 0 0 0 0 0 0 0 0 0 0 11.5170068027211 0 0 0 0 0 0 0 0 0 0 0 0 0 0 0 0 0 0 0 0 0 0 0 0 0 0 0 0 0 0 0 0 0 0 0 0 0 0 0 0 0 0 0 0 0 0 0 0 0 0 0 0 0 0 0 0 0 0 0 0
0 0 0 0 0 0 0 830.418367346939 0 59.7959183673469 0 70.5646258503401 0 103.085034013605 0 0 0 0 0 0 0 0 0 0 0 8.70068027210884 0 0 0 0 0 0 0 0 0 516.37074829932 92.5918367346939 44.2585034013605 137.299319727891 127.360544217687 0 46.1496598639456 18.6530612244898 44.8333333333333 0 0 34.1768707482993 0 0 0 2707.05442176871 907.438775510204 763.823129251701 182.071428571429 163.013605442177 90.7789115646258 0 0 0 0 0 0 0 0 0 0 55.1938775510204 0 0 0 0 0 50.1530612244898 27.8571428571429 9.54081632653061 0 0 79.9353741496599 16.6258503401361 48.156462585034 0 0 0 0 0 0 0 0 0 0 0 0 0 0 0 73.8333333333333 24.0204081632653 0 77.6122448979592 295.234693877551 85.9931972789116 134.319727891156 18.2585034013605 57.7687074829932 45.812925170068 58.5850340136054 0 20.6292517006803 0 0 0 0 16.8741496598639 0 16.3367346938776 188.295918367347 76.2993197278912 0 26.9421768707483 254.530612244898 0 0 0 0 0 0 0 0 0 0 0 0 14.1258503401361 0 0 0 0 0 0 0 0 0 0 22.4931972789116 0 0 190.534013605442 76.2380952380952 43.0714285714286 0 21.2993197278912 0 0 0 0 0 0 0 0 0 0 0 0 0 0 0 89.8197278911565 76.1598639455782 0 0 0 0 0 0 0 0 0 0 0 0 0 0 0 0 0 0 0 141.244897959184 72.9455782312925 0 0 0 0 60.2857142857143 0 0 0 0 0 0 0 0 0 0 0 0 0 0 0 0 0 0 0 0 0 50.391156462585 31.391156462585 20.3503401360544 25.0680272108844 42.2244897959184 0 12.8741496598639 0 0 0 0 0 0 0 0 116.574829931973 77.2278911564626 45.3979591836735 0 33.5816326530612 0 0 0 0 0 0 0 0 0 0 0 0 0 0 0 0 0 0 0 0 0 0 0 0 0 0 0 0 0 0 0 0 0 0 0 0 0 0 0 0 0 0 0 0 0 0 0 0 0 0 0 0 0 0 0 0 0 0 0 0 0 0 0 0 0 0 0 0 0 0 0 0 0 0 0 0 0 0 0 0 0 0 0 0 0 0 0 0 0 0 0 0 24.9489795918367 0 0 0 0 0 0 0 0 0 0 0 0 0 0 0 0 0 0 0 0 0 0 0 0 0 0 0 0 0 0 0 0
0 0 0 0 0 0 0 551.149659863946 59.7959183673469 0 142.840136054422 416.959183673469 0 21.5918367346939 0 0 0 0 0 0 0 0 0 0 0 18.530612244898 0 0 0 0 0 0 0 0 0 0 0 0 0 0 0 11.6292517006803 45.9489795918367 172.84693877551 0 0 31.7040816326531 0 0 0 80.7891156462585 47.8163265306122 64.6530612244898 405.010204081633 107.374149659864 161.085034013605 0 17.7040816326531 0 0 0 0 0 0 0 0 138.877551020408 0 0 0 0 0 76.6292517006803 17.1360544217687 0 0 0 101.037414965986 0 48.1224489795918 0 0 0 0 0 0 0 0 0 0 0 0 0 0 14.6530612244898 576.727891156463 164.020408163265 0 30.265306122449 13.1428571428571 0 0 0 0 0 27.6428571428571 0 0 12.4081632653061 0 0 0 0 0 0 0 42.7755102040816 0 0 40.1292517006803 0 0 0 0 0 0 0 0 0 0 0 0 22.9659863945578 0 0 0 29.4761904761905 31.0918367346939 0 0 0 0 14.312925170068 30.656462585034 29.5408163265306 0 0 18.5918367346939 68.1700680272109 24.7448979591837 48.4523809523809 0 0 0 0 0 16.2721088435374 0 0 0 0 0 0 0 0 0 0 21.812925170068 0 0 0 0 0 0 0 0 0 0 0 0 0 0 0 0 0 0 0 53.7040816326531 0 79.1836734693878 0 42.0612244897959 0 21.6360544217687 0 0 0 0 0 0 0 0 0 0 0 48.3197278911565 0 0 0 0 0 0 0 0 0 0 0 0 0 41.1258503401361 49.3945578231293 0 93.0714285714286 118.758503401361 0 0 0 0 0 0 0 0 0 47.5748299319728 83.0510204081633 35.312925170068 0 0 0 0 0 0 0 0 0 0 0 0 0 0 0 0 0 0 0 0 0 0 0 0 0 0 0 0 0 0 0 0 0 0 0 0 0 0 0 82.4897959183673 27.3503401360544 0 0 0 0 0 0 0 0 0 0 0 0 0 0 0 0 0 0 0 0 0 0 0 0 0 0 0 0 0 0 0 0 0 0 0 0 0 0 0 0 0 0 0 0 0 0 0 0 0 0 0 0 0 0 0 0 0 0 0 0 0 0 0 0 0 0 0 0 0 0 0 0 0 0 0 0 0 0 0 0 0 0 0
0 0 0 0 0 0 0 146.809523809524 0 142.840136054422 0 280.765306122449 0 0 0 0 0 0 0 0 0 0 0 0 0 19.2891156462585 0 0 0 0 0 0 0 0 0 0 0 0 0 0 0 0 36.8231292517007 61.9251700680272 0 0 0 0 0 0 28.7006802721088 0 0 39.5646258503401 17.4591836734694 151.493197278912 0 0 0 0 0 0 0 0 0 0 82.8163265306122 0 0 0 0 0 141.700680272109 48.1326530612245 14.8537414965986 0 0 198.163265306122 64.2040816326531 180.87074829932 33.7687074829932 22.0952380952381 32.0136054421769 0 0 0 0 0 0 0 0 0 0 0 0 70.2857142857143 45.2312925170068 0 26.6326530612245 0 0 0 0 0 0 0 0 0 0 0 0 0 0 0 0 0 0 0 0 0 0 0 0 0 0 0 0 0 0 0 0 0 0 0 0 0 18.7721088435374 0 0 0 0 0 0 0 0 0 0 0 21.7551020408163 0 0 0 0 0 0 0 0 0 0 0 0 0 0 0 0 0 0 0 0 0 0 0 0 0 0 0 0 0 0 0 0 0 0 0 0 0 0 0 0 0 0 0 0 0 0 0 0 0 0 0 0 0 0 0 0 0 0 0 0 0 0 0 0 0 0 0 0 0 0 0 0 0 17.6938775510204 27.5408163265306 0 0 0 0 0 0 0 0 0 0 0 0 0 0 0 0 0 0 0 0 0 0 0 0 0 0 0 0 0 0 0 0 0 0 0 0 0 0 0 0 0 0 0 0 0 0 0 0 0 0 0 18.8537414965986 0 0 0 0 0 0 0 0 0 0 0 0 0 0 0 0 0 0 0 0 0 0 0 0 0 0 0 0 0 0 0 0 0 0 0 0 0 0 0 0 0 0 0 0 0 0 0 0 0 0 0 0 0 0 0 0 0 0 0 0 0 0 0 0 0 0 0 0 0 0 0 0 0 0 0 0 0 0 0 0 0 0 0 0
0 0 0 0 0 0 0 549.656462585034 70.5646258503401 416.959183673469 280.765306122449 0 0 14.6802721088435 0 0 0 0 0 0 0 0 0 0 0 30.8367346938776 0 0 0 0 0 0 0 0 0 0 0 0 0 0 0 0 68.4625850340136 142.013605442177 0 0 30.0544217687075 0 0 0 89.734693877551 48.1292517006803 76.4421768707483 155.768707482993 57.9013605442177 304.836734693878 0 17.8469387755102 0 0 0 0 0 0 0 0 211.683673469388 0 0 0 0 0 285.448979591837 61.8469387755102 19.3163265306122 0 11.3945578231293 253.204081632653 84.8299319727891 195.374149659864 41.9795918367347 28.2040816326531 45.3843537414966 18.3095238095238 17.0578231292517 0 0 0 0 0 0 0 0 0 12.4455782312925 259.908163265306 150.102040816327 0 47.5442176870748 16.8707482993197 0 0 0 0 0 29.8537414965986 0 19.687074829932 18.7585034013605 0 0 0 18.4557823129252 24.4115646258503 16.1224489795918 24.0714285714286 55.0986394557823 0 0 37.5272108843537 0 0 0 0 0 0 0 0 0 0 0 0 56.2380952380952 20.0884353741497 0 26.6598639455782 65.2278911564626 45.2857142857143 0 27.3843537414966 0 0 0 36.5544217687075 22.921768707483 0 0 35.8367346938776 90.7891156462585 35.8197278911565 48.8605442176871 0 0 0 0 0 23.5272108843537 0 0 0 0 0 0 0 0 0 0 0 0 0 15.4047619047619 0 0 0 0 0 0 0 0 0 0 0 0 0 0 0 0 28.8469387755102 0 60.2993197278912 0 0 0 0 0 0 0 0 0 0 0 0 0 0 0 50.1122448979592 0 0 0 0 0 0 0 0 0 0 0 0 0 21.9659863945578 30.6462585034014 0 72.9659863945578 100.897959183673 0 0 0 0 0 0 0 0 0 0 48.5034013605442 0 0 12.6190476190476 0 0 0 0 0 0 0 0 0 0 0 0 0 0 0 0 0 0 0 0 0 0 0 0 0 0 0 0 0 0 0 0 0 0 0 0 0 69.9115646258503 32.9625850340136 0 0 0 0 0 0 0 0 0 0 0 0 0 0 0 0 0 0 0 0 0 0 0 0 0 0 0 0 0 0 0 0 0 0 0 0 0 0 0 0 0 0 0 0 0 0 0 0 0 0 0 0 0 0 0 0 0 0 0 0 0 0 0 0 0 0 0 0 0 0 0 0 0 0 0 0 0 0 0 0 0 0 0
1268.87074829932 0 320.5 1104.54421768707 1326.27210884354 874.204081632653 92.1734693877551 0 0 0 0 0 0 132.578231292517 42.0442176870748 213.479591836735 66.4421768707483 71.6326530612245 190.724489795918 148.724489795918 142.384353741497 123.938775510204 28.2006802721088 0 0 0 0 0 0 0 41.6972789115646 0 0 0 0 0 0 0 0 0 0 0 0 0 0 10.3503401360544 0 0 0 0 0 0 0 0 0 0 0 0 0 0 0 0 0 0 0 0 0 0 0 0 0 0 0 0 0 0 0 0 0 0 0 0 0 0 0 0 0 0 0 0 0 0 0 0 0 0 0 0 0 0 0 0 27.8741496598639 0 0 0 0 0 0 0 0 0 0 0 0 0 0 0 16.1734693877551 122 91.7210884353742 0 0 14.8605442176871 26.3061224489796 8.47278911564626 17.1122448979592 26.4965986394558 34.3741496598639 15.7142857142857 27.7517006802721 24.843537414966 33.6802721088435 30.4591836734694 23.2482993197279 19.6496598639456 15.0612244897959 54.0034013605442 0 0 0 143.741496598639 48.1632653061224 0 0 18.7448979591837 0 0 0 0 8.2312925170068 182.959183673469 23.6972789115646 25.7517006802721 0 44.5578231292517 21.2551020408163 172.880952380952 77.1326530612245 24.0510204081633 0 0 48.5884353741497 0 0 0 23.0170068027211 0 0 0 0 11.1054421768707 10.6836734693878 11.7244897959184 32.9557823129252 24.547619047619 23.5578231292517 12.0374149659864 0 0 50.5238095238095 0 15.4829931972789 33.187074829932 29.2789115646259 0 0 0 0 0 0 0 29.2380952380952 19.3367346938776 30.9319727891156 0 11.8537414965986 0 0 0 0 0 0 0 0 0 0 0 0 0 12.4625850340136 0 0 0 0 0 0 0 0 0 0 0 0 0 0 0 0 0 0 0 0 0 0 0 0 0 0 0 0 0 0 0 0 0 0 0 0 0 0 0 0 0 0 0 0 0 0 0 0 0 0 0 0 0 0 0 0 0 0 0 0 0 0 0 0 0 0 0 0 0 0 0 0 0 0 0 0 0 0 0 0 0 0 0 0 0 0 0 0 37.6292517006803 22.6530612244898 0 0 0 0 0 0 0 0 0 0 0 0 0 0 0 0 0 0 0 0 28.6394557823129 11.0850340136054 0 0 0 0 0 0 0 0 0 0 0 0 0 0 0 0 0 0 0 0 0 0 0 0 0 0 0 0 0 0 0 0 0 0 0 0 0
360.374149659864 0 125.527210884354 313.537414965986 221.894557823129 85.0272108843537 18.3027210884354 466.173469387755 103.085034013605 21.5918367346939 0 14.6802721088435 132.578231292517 0 459.962585034014 33.734693877551 51.8537414965986 40.5544217687075 23.8163265306122 20.7448979591837 20.4319727891156 16.8095238095238 0 20.0204081632653 44.1258503401361 36.9081632653061 235.204081632653 35.4489795918367 120.15306122449 350.040816326531 740.996598639456 223.578231292517 343.278911564626 379.336734693878 276.34693877551 81.421768707483 221.551020408163 480.670068027211 84.9353741496599 440.258503401361 161.159863945578 100.452380952381 122.921768707483 70.8503401360544 176.027210884354 72.2448979591837 50.6496598639456 39.5476190476191 60.7210884353741 65.5442176870748 127.56462585034 113.142857142857 56.4183673469388 57.0884353741497 293.819727891156 12.1054421768707 83.7448979591837 257.945578231293 55.3809523809524 48.9013605442177 65.8095238095238 51.3673469387755 48.6326530612245 31.9557823129252 16.452380952381 0 0 14.2312925170068 88.6326530612245 31.6224489795918 19.4761904761905 60.7823129251701 7.19387755102041 12.7755102040816 10.3299319727891 0 11.4659863945578 11.6802721088435 0 0 0 0 0 11.3231292517007 9.04761904761905 23.2823129251701 29.8095238095238 20.3775510204082 11.1054421768707 13.9081632653061 7.35374149659864 16.3367346938776 30.0646258503401 0 27.6836734693878 39.9659863945578 0 0 0 10.6972789115646 14.3537414965986 0 20.2006802721088 35.2959183673469 37.7006802721088 9.62244897959184 0 11.4625850340136 0 11.4353741496599 0 0 0 0 0 29.3945578231293 45.765306122449 12.469387755102 90.108843537415 230.544217687075 435.353741496599 22.6700680272109 0 21.234693877551 19.312925170068 84.5884353741497 13.2721088435374 13.234693877551 25.7040816326531 15.3741496598639 21.6462585034014 17.9795918367347 57.469387755102 37.1700680272109 23.8299319727891 41.4591836734694 32.391156462585 73.8537414965986 20.1020408163265 0 0 299.534013605442 48.3299319727891 36.6836734693878 77.265306122449 54.6972789115646 24.952380952381 115.918367346939 133.384353741497 32.7755102040816 75.3571428571429 75.7959183673469 24.7380952380952 15.2278911564626 14.7040816326531 13.0646258503401 28.1190476190476 29.7517006802721 19.4013605442177 17.5544217687075 201.146258503401 147.945578231293 29.4591836734694 29.0102040816327 0 36.078231292517 19.1258503401361 0 0 19.4591836734694 7.25170068027211 10.4081632653061 16.312925170068 24.047619047619 39.7074829931973 13.5918367346939 21.1122448979592 0 54.5646258503401 104.622448979592 60.8401360544218 0 24.0884353741497 56.343537414966 36.3877551020408 13.5544217687075 0 175.928571428571 39.8367346938776 14.7244897959184 0 0 35.5850340136054 433.666666666667 83.0102040816327 13.0102040816327 20.656462585034 0 0 0 0 0 0 0 0 0 49.1802721088435 0 27.4489795918367 35.7414965986395 36.5068027210884 0 0 0 0 35.3095238095238 43.5816326530612 41.3163265306122 29.9659863945578 93.3673469387755 27.1394557823129 38.4931972789116 26.1292517006803 28.4081632653061 53.2074829931973 19.9421768707483 28.5340136054422 18.6190476190476 18.1768707482993 24.2210884353741 59.6666666666667 52.2993197278912 29.7210884353741 33.5816326530612 92.8367346938775 0 0 0 0 0 0 0 0 0 0 0 0 0 0 0 0 0 0 0 0 0 0 0 0 0 0 0 0 0 0 0 0 0 0 0 0 0 0 0 0 0 0 0 0 0 0 0 0 0 0 0 0 0 0 0 0 0 0 0 0 10.6836734693878 23.5952380952381 0 0 49.0170068027211 31.2244897959184 0 0 0 0 0 0 0 6.96938775510204 0 0 0 19.5442176870748 11.0680272108844 0 0 12.2482993197279 17.078231292517 0 0 0 52.5034013605442 18.0952380952381 11.7823129251701 21.8843537414966 10.1292517006803 0 25.547619047619 42.5714285714286 12.1632653061224 25.4897959183673 20.3707482993197 0 0 0 0 0 0 0 0 15.452380952381 15.0952380952381 0 0 0 0 0 0 0 0 0 0 0 0 10.0408163265306 0 0 0 0 0
74.6802721088435 0 58.1190476190476 62.0952380952381 40.7993197278912 36.8163265306122 0 31.4727891156463 0 0 0 0 42.0442176870748 459.962585034014 0 37.4659863945578 114.996598639456 35.3707482993197 36.1326530612245 0 15.8639455782313 0 0 24.2006802721088 16.8707482993197 29.9557823129252 110.278911564626 16.5816326530612 265.448979591837 517.97619047619 740.982993197279 29.3571428571429 175.602040816327 68.3095238095238 77.2517006802721 0 51.6666666666667 116.363945578231 0 27.9761904761905 31.0170068027211 0 35.2857142857143 41.7312925170068 161.139455782313 212.707482993197 0 38.4761904761905 103.544217687075 139.044217687075 0 0 0 0 30.0272108843537 0 19.5272108843537 14.3503401360544 13.9081632653061 24.6938775510204 0 8.79251700680272 17.4149659863946 0 0 0 12.4625850340136 13.9421768707483 17.1598639455782 16.891156462585 0 0 0 8.37074829931973 0 0 0 0 0 0 0 0 0 0 0 15.5612244897959 13.0714285714286 0 0 0 0 0 0 0 0 37.0612244897959 0 0 0 0 0 0 30.4421768707483 22.7585034013605 0 0 0 0 0 0 0 0 0 0 0 0 0 0 32.1224489795918 115.625850340136 129.15306122449 0 0 22.1462585034014 20.4557823129252 30.3061224489796 11.9829931972789 14.6190476190476 23.2687074829932 11.8367346938776 16.9795918367347 14.1972789115646 40.9149659863946 25.4591836734694 18.6598639455782 31.0034013605442 22.3809523809524 64.6700680272109 0 0 0 423.285714285714 68.2210884353742 0 76.0612244897959 81.1122448979592 0 27.5646258503401 65.9897959183673 0 72.2687074829932 73.265306122449 0 0 0 0 22.9795918367347 34.8469387755102 19.7823129251701 0 220.408163265306 51.8945578231293 26.7789115646259 0 0 0 21.9183673469388 0 0 0 0 0 19.7142857142857 30.9149659863946 37.1258503401361 12.3401360544218 16.0646258503401 6.52721088435374 11.5578231292517 0 37.8537414965986 0 15.765306122449 25.4013605442177 25.4013605442177 0 0 0 0 0 0 0 29.952380952381 48.3299319727891 101.102040816327 11.4421768707483 24.8333333333333 0 0 0 0 0 0 0 0 0 24.5952380952381 0 30.8877551020408 32.7312925170068 27.4863945578231 0 0 0 0 0 7.43877551020408 0 0 0 0 20.6768707482993 0 0 37.9047619047619 30.2823129251701 20.6632653061224 24.9115646258503 21.2448979591837 40.4115646258503 0 13.5748299319728 0 0 0 0 0 0 0 0 0 0 0 0 0 0 0 0 0 0 0 0 0 0 0 0 0 0 0 0 0 0 0 0 0 0 0 0 0 0 0 0 0 0 13.7891156462585 0 0 0 0 0 0 0 0 0 0 0 0 0 0 0 0 0 0 0 0 0 14.0102040816327 0 0 54.0374149659864 16.2585034013605 0 0 0 0 0 0 0 0 0 0 0 21.5884353741497 14.7551020408163 0 15.7823129251701 15.3163265306122 26.9149659863946 0 0 0 47.4013605442177 21.4489795918367 0 36.6666666666667 11.2551020408163 0 0 27.2142857142857 11.5714285714286 37.5442176870748 20.891156462585 0 0 0 0 0 0 0 0 0 0 0 0 0 0 0 0 0 0 0 0 0 0 0 0 0 0 0 0
117.095238095238 0 130.642857142857 105.363945578231 126.41156462585 127.418367346939 27.547619047619 0 0 0 0 0 213.479591836735 33.734693877551 37.4659863945578 0 189.173469387755 27.312925170068 166.122448979592 37.4523809523809 36.8707482993197 29.8673469387755 0 0 0 0 0 0 0 0 15.5034013605442 0 0 0 0 0 0 0 0 0 0 0 0 0 0 18.9149659863946 0 0 0 29.7040816326531 0 0 0 0 0 0 0 0 0 0 0 0 0 0 0 0 0 0 0 0 0 0 0 0 0 0 0 0 0 0 0 0 0 0 0 0 0 0 0 0 0 0 0 0 0 0 0 0 0 0 0 0 11.1122448979592 0 0 0 0 0 0 0 0 0 0 0 0 0 0 0 0 31.5884353741497 16.9081632653061 0 0 0 0 0 0 7.85034013605442 11.6700680272109 0 0 0 11.5680272108844 8.74829931972789 0 0 0 24.0068027210884 0 0 0 132.707482993197 40.0918367346939 0 0 24.1768707482993 0 0 0 0 0 204.942176870748 0 0 0 17.2210884353741 0 77.7278911564626 34.0374149659864 0 0 0 21.3775510204082 0 0 0 7.76190476190476 0 0 0 0 0 0 0 12.265306122449 0 0 0 0 0 0 0 0 0 0 0 0 0 0 0 0 0 0 0 0 0 0 0 0 0 0 0 0 0 0 0 0 0 0 0 0 0 0 0 0 0 0 0 0 0 0 0 0 0 0 0 0 0 0 0 0 0 0 0 0 0 0 0 0 0 0 0 0 0 0 0 0 0 0 0 0 0 0 0 0 0 0 0 0 0 0 0 0 0 0 0 0 0 0 0 0 0 0 0 0 0 0 0 0 0 0 0 0 0 0 0 0 0 0 0 0 0 0 0 0 0 0 0 0 8.43197278911565 0 0 0 0 0 0 0 0 0 0 0 0 0 0 0 0 0 0 0 0 0 0 0 0 0 0 0 0 0 0 0 0 0 0 0 0 0 0 0 0 0 0 0 0 0 0 0 0 0 0 0 0 0 0 0 0 0 0 0 0
45.5136054421769 0 42.8095238095238 40.3061224489796 32.1054421768707 43.030612244898 0 0 0 0 0 0 66.4421768707483 51.8537414965986 114.996598639456 189.173469387755 0 26.6496598639456 80.1428571428571 0 18.2006802721088 0 0 0 0 0 0 0 24.530612244898 0 34.6462585034014 0 0 0 0 0 0 0 0 0 0 0 0 15.1292517006803 32.3571428571429 123.408163265306 0 37.0136054421769 65.7517006802721 240.21768707483 0 0 0 0 0 0 0 0 0 0 0 0 0 0 0 0 0 0 0 0 0 0 0 0 0 0 0 0 0 0 0 0 0 0 0 0 0 0 0 0 0 0 0 0 0 20.8469387755102 0 0 0 0 0 0 14.8639455782313 0 0 0 0 0 0 0 0 0 0 0 0 0 0 0 0 41.187074829932 20.2074829931973 0 0 9.99659863945578 10.5374149659864 0 0 8.35714285714286 13.3979591836735 0 0 0 16.5714285714286 11.0918367346939 0 11.4625850340136 0 34.4523809523809 0 0 0 272.360544217687 91.4897959183673 0 41.4931972789116 101.666666666667 0 0 19.1224489795918 0 43.1768707482993 194.795918367347 0 0 0 0 0 55.0136054421769 29.0714285714286 0 0 0 20.1394557823129 0 0 0 9.89115646258503 0 0 0 0 0 7.76530612244898 13.0170068027211 16.2925170068027 0 0 0 0 0 11.3741496598639 0 0 0 0 0 0 0 0 0 0 0 0 8.52040816326531 18.4625850340136 0 0 0 0 0 0 0 0 0 0 0 0 0 0 0 0 0 0 0 0 0 0 0 0 0 0 0 0 0 0 0 0 0 0 0 0 0 0 0 0 0 0 0 0 0 0 0 0 0 0 0 0 0 0 0 0 0 0 0 0 0 0 0 0 0 0 0 0 0 0 0 0 0 0 0 0 0 0 0 0 0 0 0 0 0 0 0 0 0 0 0 0 0 0 0 0 0 0 0 0 0 0 0 0 12.3401360544218 0 0 0 0 0 0 0 0 0 0 0 0 0 0 0 0 0 0 0 0 0 11.843537414966 0 0 0 0 0 0 0 0 0 0 0 0 0 0 0 0 0 0 0 0 0 0 0 0 0 0 0 0 0 0 0 0 0 0 0 0 0 0
178.758503401361 47.6666666666667 21.9251700680272 142.367346938776 178.081632653061 315.972789115646 313.578231292517 0 0 0 0 0 71.6326530612245 40.5544217687075 35.3707482993197 27.312925170068 26.6496598639456 0 56.8265306122449 83.030612244898 151.697278911565 238.755102040816 52.8197278911565 0 0 0 0 0 0 0 18.8571428571429 0 0 0 0 0 0 0 0 0 0 0 0 0 0 0 0 0 0 15.3843537414966 0 0 0 0 0 0 0 0 0 0 0 0 0 0 0 0 32.0170068027211 0 0 0 0 0 0 0 0 0 0 0 0 0 0 0 0 0 0 0 0 0 0 0 0 0 0 0 0 0 0 0 0 0 0 0 0 0 0 0 0 0 0 0 0 0 0 0 0 0 0 0 20.3979591836735 207.486394557823 46.8945578231293 36.0170068027211 0 0 0 37.5136054421769 394.47619047619 7.41496598639456 0 0 62.6156462585034 26.3197278911565 36.5544217687075 80.3673469387755 565.843537414966 311.12925170068 0 536.530612244898 0 0 37.3367346938776 31.7993197278912 176.21768707483 0 19.2687074829932 64.4659863945578 0 0 27.5102040816327 40.2823129251701 89.7142857142857 29.9013605442177 45.5476190476191 128.43537414966 65.3571428571429 84.7074829931973 91.4761904761905 107.302721088435 105.272108843537 221.221088435374 0 0 704.605442176871 0 0 0 10.2959183673469 0 0 0 0 50.1292517006803 0 0 0 14.2823129251701 14.7687074829932 0 0 0 0 0 0 0 0 0 0 0 0 0 0 0 0 0 0 0 0 0 0 0 0 0 0 0 0 0 0 0 0 0 0 0 0 0 0 0 0 0 0 0 0 0 0 0 0 0 0 0 0 0 0 0 0 0 0 0 0 0 0 0 0 0 0 0 0 0 0 0 0 0 0 0 0 0 0 0 0 0 0 0 0 0 0 0 0 0 0 0 0 0 0 0 0 0 0 0 0 0 0 0 0 0 0 0 0 0 0 0 0 0 0 0 0 0 0 0 0 0 0 11.7312925170068 0 0 0 0 0 0 0 0 0 0 0 0 0 0 0 0 0 0 0 0 0 0 0 0 0 0 0 0 0 0 0 0 0 0 0 0 0 0 0 0 0 0 0 0 0 0 0 0 0 0 0 0 0 0 0 0 0 0 0 0
78.2176870748299 0 54.3639455782313 73.0510204081633 97.530612244898 259.261904761905 49.5204081632653 0 0 0 0 0 190.724489795918 23.8163265306122 36.1326530612245 166.122448979592 80.1428571428571 56.8265306122449 0 91.3673469387755 70.8945578231292 57.4829931972789 28.0068027210884 0 0 0 0 0 0 0 0 0 0 0 0 0 0 0 0 0 0 0 0 0 0 16.5612244897959 0 0 0 26.7959183673469 0 0 0 0 0 0 0 0 0 0 0 0 0 0 0 0 0 0 0 0 0 0 0 0 0 0 0 0 0 0 0 0 0 0 0 0 0 0 0 0 0 0 0 0 0 0 0 0 0 0 0 0 7.89455782312925 0 0 0 0 0 0 0 0 0 0 0 0 0 0 0 0 26.9285714285714 0 0 0 0 7.83673469387755 0 9.64965986394558 7.50340136054422 10.9353741496599 0 0 6.59523809523809 12.8503401360544 9.88095238095238 11.4557823129252 9.47278911564626 0 43.7006802721088 0 0 0 69.9115646258503 118.180272108844 0 0 95.0612244897959 0 0 0 0 0 95.6428571428571 0 18.5102040816327 0 36.687074829932 17.5680272108844 266.680272108844 79.3061224489796 0 0 0 37.2619047619048 0 0 0 0 0 0 0 0 0 0 0 10.5578231292517 6.69047619047619 0 0 0 0 0 0 0 0 0 0 0 0 0 0 0 0 0 0 0 0 0 0 0 0 0 0 0 0 0 0 0 0 0 0 0 0 0 0 0 0 0 0 0 0 0 0 0 0 0 0 0 0 0 0 0 0 0 0 0 0 0 0 0 0 0 0 0 0 0 0 0 0 0 0 0 0 0 0 0 0 0 0 0 0 0 0 0 0 0 0 0 0 0 0 0 0 0 0 0 0 0 0 0 0 0 0 0 0 0 0 0 0 0 0 0 0 0 0 0 0 0 0 0 0 0 0 0 0 0 0 0 0 0 0 0 0 0 0 0 0 0 0 0 0 0 0 0 0 0 0 0 0 0 0 0 0 0 0 0 0 0 0 0 0 0 0 0 0 0 0 0 0 0 0 0 0 0 0 0 0 0 0 0 0
205.234693877551 34.5816326530612 32.4557823129252 120.734693877551 217.921768707483 540.289115646259 65.0510204081633 0 0 0 0 0 148.724489795918 20.7448979591837 0 37.4523809523809 0 83.030612244898 91.3673469387755 0 248.074829931973 110.41156462585 0 0 0 0 0 0 0 0 0 0 0 0 0 0 0 0 0 0 0 0 0 0 0 0 0 0 0 0 0 0 0 0 0 0 0 0 0 0 0 0 0 0 0 0 0 0 0 0 0 0 0 0 0 0 0 0 0 0 0 0 0 0 0 0 0 0 0 0 0 0 0 0 0 0 0 0 0 0 0 0 0 0 0 0 0 0 0 0 0 0 0 0 0 0 0 0 0 29.0986394557823 0 0 0 0 0 0 12.3061224489796 0 0 0 9.45918367346939 8.76530612244898 13.1802721088435 12.6496598639456 16.3877551020408 15.4761904761905 0 73.0476190476191 0 0 0 26.5136054421769 59.9591836734694 0 0 31.2789115646259 0 0 0 0 0 32.7210884353741 0 0 0 166.380952380952 0 200.414965986395 188.319727891156 0 0 0 46.7619047619048 0 0 0 0 0 0 0 0 0 0 0 0 8.11904761904762 8.22448979591837 0 0 0 0 0 0 0 0 0 0 0 0 0 0 0 0 0 0 0 0 0 0 0 0 0 0 0 0 0 0 0 0 0 0 0 0 0 0 0 0 0 0 0 0 0 0 0 0 0 0 0 0 0 0 0 0 0 0 0 0 0 0 0 0 0 0 0 0 0 0 0 0 0 0 0 0 0 0 0 0 0 0 0 0 0 0 0 0 0 0 0 0 0 0 0 0 0 0 0 0 0 0 0 0 0 0 0 0 0 0 0 0 0 0 0 0 0 0 0 0 0 0 0 0 0 0 0 0 0 0 0 0 0 0 0 0 0 0 0 0 0 0 0 0 0 0 0 0 0 0 0 0 0 0 0 0 0 0 0 0 0 0 0 0 0 0 0 0 0 0 0 0 0 0 0 0 0 0 0 0 0 0 0
242.707482993197 37.3809523809524 33.6190476190476 164.02380952381 317.534013605442 663.428571428571 76.6326530612245 0 0 0 0 0 142.384353741497 20.4319727891156 15.8639455782313 36.8707482993197 18.2006802721088 151.697278911565 70.8945578231292 248.074829931973 0 231.244897959184 50.3469387755102 0 0 0 0 0 0 0 0 0 0 0 0 0 0 0 0 0 0 0 0 0 0 0 0 0 0 0 0 0 0 0 0 0 0 0 0 0 0 0 0 0 0 0 0 0 0 0 0 0 0 0 0 0 0 0 0 0 0 0 0 0 0 0 0 0 0 0 0 0 0 0 0 0 0 0 0 0 0 0 0 0 0 0 0 0 0 0 0 0 0 0 0 0 0 0 0 42.5374149659864 0 0 0 0 0 0 29.2312925170068 0 0 0 21.5340136054422 17.7414965986395 19.7074829931973 27.7823129251701 41.5204081632653 36.4625850340136 0 156.792517006803 0 0 0 26.7176870748299 84.9455782312925 0 0 35.5646258503401 0 0 0 0 0 34.8027210884354 0 33.0850340136054 0 177.292517006803 64.2755102040816 168.663265306122 94.8537414965986 30.4659863945578 0 0 87.9183673469388 0 0 0 9.53061224489796 0 0 0 0 10.8741496598639 0 0 0 13.5442176870748 13.1768707482993 0 0 0 0 0 0 0 0 0 0 0 0 0 0 0 0 0 0 0 0 0 0 0 0 0 0 0 0 0 0 0 0 0 0 0 0 0 0 0 0 0 0 0 0 0 0 0 0 0 0 0 0 0 0 0 0 0 0 0 0 0 0 0 0 0 0 0 0 0 0 0 0 0 0 0 0 0 0 0 0 0 0 0 0 0 0 0 0 0 0 0 0 0 0 0 0 0 0 0 0 0 0 0 0 0 0 0 0 0 0 0 0 0 0 0 0 0 0 0 0 0 0 0 0 0 0 0 0 0 0 0 0 0 0 0 0 0 0 0 0 0 0 0 0 0 0 0 0 0 0 0 0 0 0 0 0 0 0 0 0 0 0 0 0 0 0 0 0 0 0 0 0 0 0 0 0 0 0 0 0 0 0 0
256.649659863946 0 30.4047619047619 214.904761904762 404.595238095238 730.884353741497 173.19387755102 0 0 0 0 0 123.938775510204 16.8095238095238 0 29.8673469387755 0 238.755102040816 57.4829931972789 110.41156462585 231.244897959184 0 0 0 0 0 0 0 0 0 0 0 0 0 0 0 0 0 0 0 0 0 0 0 0 0 0 0 0 0 0 0 0 0 0 0 0 0 0 0 0 0 0 0 0 0 0 0 0 0 0 0 0 0 0 0 0 0 0 0 0 0 0 0 0 0 0 0 0 0 0 0 0 0 0 0 0 0 0 0 0 0 0 0 0 0 0 0 0 0 0 0 0 0 0 0 0 0 0 43.4659863945578 31.5442176870748 0 0 0 0 0 40.4489795918367 0 0 0 21.0986394557823 15.3163265306122 12.7755102040816 25.2244897959184 50.3877551020408 32.765306122449 0 129.255102040816 0 0 0 21.4761904761905 64.608843537415 0 0 0 0 0 0 0 0 28.3367346938776 0 49.4965986394558 0 78.8401360544218 0 121.34693877551 53.2210884353741 51.6156462585034 0 0 122.948979591837 0 0 0 0 0 0 0 0 0 0 0 0 10.265306122449 9.63265306122449 0 0 0 0 0 0 0 0 0 0 0 0 0 0 0 0 0 0 0 0 0 0 0 0 0 0 0 0 0 0 0 0 0 0 0 0 0 0 0 0 0 0 0 0 0 0 0 0 0 0 0 0 0 0 0 0 0 0 0 0 0 0 0 0 0 0 0 0 0 0 0 0 0 0 0 0 0 0 0 0 0 0 0 0 0 0 0 0 0 0 0 0 0 0 0 0 0 0 0 0 0 0 0 0 0 0 0 0 0 0 0 0 0 0 0 0 0 0 0 0 0 0 0 0 0 0 0 0 0 0 0 0 0 0 0 0 0 0 0 0 0 0 0 0 0 0 0 0 0 0 0 0 0 0 0 0 0 0 0 0 0 0 0 0 0 0 0 0 0 0 0 0 0 0 0 0 0 0 0 0 0 0 0
80.7210884353742 141.962585034014 0 0 0 68.0918367346939 0 0 0 0 0 0 28.2006802721088 0 0 0 0 52.8197278911565 28.0068027210884 0 50.3469387755102 0 0 0 0 0 0 0 0 0 0 0 0 0 0 0 0 0 0 0 0 0 0 0 0 0 0 0 0 0 0 0 0 0 0 0 0 0 0 0 0 0 0 0 0 0 0 0 0 0 0 0 0 0 0 0 0 0 0 0 0 0 0 0 0 0 0 0 0 0 0 0 0 0 0 0 0 0 0 0 0 0 0 0 0 0 0 0 0 0 0 0 0 0 0 0 0 0 0 22.547619047619 0 0 0 0 0 0 0 9.5 15.9557823129252 0 11.2755102040816 11.6360544217687 29.5646258503401 18.2210884353741 18.6190476190476 25.578231292517 35.4115646258503 96.5170068027211 0 0 114.425170068027 0 103.132653061224 0 0 31.656462585034 0 0 0 0 51.3979591836735 0 0 0 0 77.0578231292517 71.5136054421769 48.8537414965986 194.404761904762 0 0 0 30.9795918367347 0 0 0 9.04761904761905 0 0 0 0 0 0 0 0 11.1292517006803 13.3265306122449 0 0 0 0 0 0 0 0 0 0 0 0 0 0 0 0 0 0 0 0 0 0 0 0 0 0 0 0 0 0 0 0 0 0 0 0 0 0 0 0 0 0 0 0 0 0 0 0 0 0 0 0 0 0 0 0 0 0 0 0 0 0 0 0 0 0 0 0 0 0 0 0 0 0 0 0 0 0 0 0 0 0 0 0 0 0 0 0 0 0 0 0 0 0 0 0 0 0 0 0 0 0 0 0 0 0 0 0 0 0 0 0 0 0 0 0 0 0 0 0 0 0 0 0 0 0 0 0 0 0 0 0 0 0 0 0 0 0 0 0 0 0 0 0 0 0 0 0 0 0 0 0 0 0 0 0 0 0 0 0 0 0 0 0 0 0 0 0 0 0 0 0 0 0 0 0 0 0 0 0 0 0 0
