0 19.1632653061224 253.887755102041 4566.26530612245 3105.02380952381 652.238095238095 15.7891156462585 3.15986394557823 0 0 0 0 518.69387755102 176.071428571429 27.6224489795918 6.79251700680272 0 8.85714285714286 30.0238095238095 17.3469387755102 9.92857142857143 19.6394557823129 0 0 0 0 0 0 0 5.40476190476191 201.425170068027 0 13.0714285714286 0 9.29251700680272 0 0 0 0 0 0 0 0 0 0 0 0 0 0 0 0 0 0 0 0 0 0 2.64285714285714 0 0 0 0 0 0 3.70748299319728 11.3299319727891 0 0 0 0 0 1.97959183673469 0 2.20408163265306 204.353741496599 258.731292517007 303.931972789116 0 0 0 2.35034013605442 24.5102040816327 0 0 0 11.1938775510204 4.81632653061224 11.5238095238095 64.9251700680272 128.190476190476 356.125850340136 28.3401360544218 12.2006802721088 8.77210884353742 0 0 0 0 0 0 0 0 437.554421768707 0 0 10.8469387755102 8.58503401360544 21.547619047619 0 3.60544217687075 70.2857142857143 5.50680272108844 0 0 0 0 0 20.765306122449 85.9829931972789 1991.07823129252 2014.54761904762 65.6258503401361 45.078231292517 0 3.41156462585034 107.891156462585 77.6326530612245 26.0034013605442 22.9353741496599 43.3095238095238 157.125850340136 40.7721088435374 0 62.1734693877551 247.986394557823 20.8503401360544 0 13.530612244898 7.75850340136054 6.10544217687075 3.16666666666667 59.4285714285714 0 0 0 1.48639455782313 0 0 0 14.1700680272109 0 31.5646258503401 276.724489795918 21.187074829932 30.9285714285714 0 5.09863945578231 13.5136054421769 0 400.418367346939 4.13265306122449 0 17.5986394557823 0 0 0 204.690476190476 0 174.374149659864 8.93877551020408 48.8469387755102 59.4251700680272 0 0 0 88.187074829932 2.27210884353741 221.887755102041 0 0 2133.55102040816 0 324.187074829932 819.503401360544 787.574829931973 222.081632653061 0 0 0 0 0 0 940.622448979592 37.3571428571429 73.5748299319728 101.040816326531 68.1156462585034 0 304.972789115646 19.1802721088435 0 0 0 0 0 0 0 0 0 6.96598639455782 54.6802721088435 0 0 0 0 0 0 0 0 0 0 0 0 0 0 9.35034013605442 0 0 0 2.52040816326531 0 0 0 0 0 0 0 0 0 0 0 0 0 0 0 0 0 0 0 0 0 0 0 0 0 0 0 0 0 0 0 0 0 0 0 0 0 0 0 1.05102040816327 2.31972789115646 0 0 0 0 0 0 0 0 0 0 0 0 0 0 0 0 0 0 0 0 0 0 0 0 0 0 7.4421768707483 5.69387755102041 474.506802721088 578.598639455782 6.79931972789116 0 0 0 4.5 1.40136054421769 0 2.87755102040816 0 1.03401360544218 0 0 0 3.52040816326531 0 0 0 0 0 17.6632653061224 218.649659863946 0 0 0 0 0 0 0 0 0 209.792517006803 11.8639455782313 1.50340136054422 0.965986394557823 0 0 55.7823129251701 0 51.0544217687075 0 0 2.03401360544218 0 0 0 6.22108843537415 0 0 0 0 3.21428571428571 0 0 0 0 0 0 0 0
19.1632653061224 0 2.42176870748299 6.04761904761905 4.86054421768707 28.9897959183673 7.00680272108844 5.98299319727891 0 0 0 0 17.265306122449 0 0 9.65986394557823 9.35034013605442 111.238095238095 31.4421768707483 15.7551020408163 119.666666666667 49.9251700680272 305.489795918367 0 0 0 0 0 0 0 0 0 0 0 0 0 0 0 0 0 0 0 0 0 0 0 0 0 0 0 0 0 4.21428571428571 0 0 5.63605442176871 0 0 0 0 0 0 0 0 0 2.63945578231292 0 0 0 0 0 0 0 0 44.1734693877551 55.6598639455782 28.952380952381 0 0 0 0 7.11224489795918 0 0 0 0 0 2.09183673469388 7.18027210884354 16.6972789115646 33 4.2891156462585 1.42857142857143 4.83333333333333 0 0 0 0 0 0 0 0 21.4149659863946 0 0 10.3775510204082 4.26530612244898 10 0 0 15.2074829931973 2.20068027210884 0 0 0 0 7.33333333333333 0 1.67006802721088 17.3809523809524 0 21.4795918367347 20.3367346938776 0 5.48639455782313 0 29.0170068027211 14.6224489795918 8.27551020408163 14.047619047619 84.2925170068027 26.4013605442177 47.3163265306122 73.5544217687075 209.156462585034 142.482993197279 133.139455782313 462.34693877551 9.16666666666667 165.323129251701 248.285714285714 5.81292517006803 229.15306122449 0 0 30.4183673469388 0 0 26.5442176870748 174.969387755102 169.982993197279 9.65986394557823 0 11 0 216.204081632653 509.387755102041 44.1836734693878 252.268707482993 0.496598639455782 0 0 26.4285714285714 0 0 0 21.8877551020408 0 35.0816326530612 1.33333333333333 4.42517006802721 72.8163265306122 0.819727891156463 3.24829931972789 1.44897959183673 41.9489795918367 4.25170068027211 27.0578231292517 0 0 0 0 0 0 0 0 0 0 0 0 0 0 0 0 0 0 0 0 0 0 0 0 0 0 0 0 0 0 0 0 0 0 0 0 0 0 0 0 0 0 0 0 0 0 0 0 0 0 0 0 0 0 0 0 0 0 0 0 0 0 0 0 0 0 0 0 0 0 0 0 0 0 0 0 0 0 0 0 0 0 0 0 0 0 0 0 0 0 0 0 0 0 0 0 0 0 0 0 0 0 0 0 0 0 0 0 0 0 0 0 0 0 0 0 0 0 0 0 0 0 0 0 0 0 0 0 0 0 0 0 0 0 0 0 0 0 0 0 0 0 0 0 0 0 0 0 0 0 0 0 0 0 0 0 0 0 0 0 0 0 0 0 0 0 0 0 0 0 0 0 0 0 0 0 0 0 0 0 0 0
253.887755102041 2.42176870748299 0 340.149659863946 403.585034013605 2.14625850340136 0 0 0 0 0 0 120.051020408163 236.989795918367 111.78231292517 17.3265306122449 48.2993197278912 0 134.965986394558 0 0 0 0 0 0 0 0 0 0 5.12925170068027 419.891156462585 0 5.15986394557823 0 2.88775510204082 0 0 0 0 0 0 0 0 0 0 0 0 0 0 0 0 0 0 0 0 0 0 0 0 0 0 0 0 0 0 0 0 0 0 0 0 0 0 0 0 0 0 0 0 0 0 0 0 0 0 0 0 0 0 0 0 0 0 0 0 0 0 0 0 0 0 0 4.59523809523809 0 0 0 0 0 0 0 0 0 0 0 0 0 0 6.33673469387755 18.9149659863946 45.5 196.986394557823 10.1360544217687 0 0 0 9.87074829931973 0 0 0 0 0 0 0 0 3.39795918367347 0 0 0 0 0 0 524.091836734694 4.10884353741497 0 0 15.8333333333333 0 0 0 9.3843537414966 0 118.227891156463 19.6700680272109 0 0 0 0 6.39115646258503 0 6.98639455782313 0 0 0 0 0 0 0 0 0 0 0 0 0 0 0 0 0 0 0 0 146.397959183673 0 438.472789115646 102.62925170068 139.928571428571 19.6156462585034 0 0 0 0 0 0 399.231292517007 88.6802721088435 182.003401360544 97.2993197278912 87.0408163265306 0 123.357142857143 0 0 0 0 0 0 0 0 0 6.66666666666667 3.96938775510204 82.4931972789116 0 9.22108843537415 0 0 0 0 0 0 0 0 0 0 0 0 9.62585034013605 0 0 0 13.4013605442177 0 0 0 0 0 0 0 0 0 0 0 0 0 0 0 0 0 0 0 0 0 0 0 0 0 0 0 0 0 0 0 0 0 0 0 0 0 0 0 0 0 0 0 0 0 0 0 0 0 0 0 0 0 0 0 0 0 0 0 0 0 0 0 0 0 0 0 0 0 36.2891156462585 57.1598639455782 0 0 0 0 0 0 0 0 0 0 0 0 0 0 0 0 0 0 0 6.01020408163265 450.19387755102 0 0 0 0 0 0 0 0 0 384.404761904762 0 0 0 0 0 4.2891156462585 0 3.25850340136054 0 0 0 0 0 0 0 0 0 0 0 0 0 0 0 0 0 0 0 0
4566.26530612245 6.04761904761905 340.149659863946 0 2528.51700680272 899.136054421769 21.7142857142857 6.90816326530612 6.53741496598639 0 0 0 399.234693877551 121.482993197279 48.9251700680272 5.69387755102041 0 8.76530612244898 19.6802721088435 11.1190476190476 6.51360544217687 7.95578231292517 0 0 0 0 0 0 1.32312925170068 5.78571428571429 277.734693877551 0 14.8707482993197 0 19.4931972789116 0 0 0 0 0 0 14.1666666666667 0 0 4.10204081632653 0.965986394557823 3.64285714285714 1.99659863945578 6.72789115646258 0 3.77891156462585 2.85034013605442 2.6734693877551 2.92857142857143 3.94897959183673 0 0 1.57482993197279 0 1.89795918367347 0 0 0 0 2.28231292517007 13.7619047619048 0 0 0 0 0 0 0 0 109.06462585034 191.146258503401 240.962585034014 0 0 0 0 21.0272108843537 0 0 0 3.27891156462585 0 14.1666666666667 47.1360544217687 109.56462585034 318.125850340136 25.9183673469388 13.4897959183673 12.078231292517 0 0 0 0 0 0 0 0 182.377551020408 0 0 5.09183673469388 1.92857142857143 6.28571428571429 0 4.82993197278912 57.5952380952381 2.90136054421769 0 0 0 0 0.680272108843537 65.0476190476191 53.2755102040816 711.663265306122 673.534013605442 103.142857142857 54.187074829932 0 0 206.221088435374 114.724489795918 19.2482993197279 15.6972789115646 41.9761904761905 219.108843537415 61.7925170068027 0 95.156462585034 287.863945578231 21.5544217687075 0 10.5170068027211 0 0 0 77.1224489795918 0 0 0 0.513605442176871 0 0 0 3.39455782312925 0 31.4013605442177 336.5 32.7687074829932 21.2585034013605 0 0 11.6734693877551 0 270.357142857143 9.59183673469388 0 77.9047619047619 0 0 0 171.663265306122 0 127.65306122449 9.3265306122449 29.7210884353741 78.6190476190476 0 0 0 115.452380952381 1.80272108843537 239.176870748299 0.945578231292517 0 450.891156462585 0 151.081632653061 308.615646258503 322.877551020408 61.0918367346939 0 0.547619047619048 0 0 0 0 390.401360544218 37.6666666666667 30.0578231292517 26.391156462585 16.6768707482993 0.846938775510204 95.3809523809524 3.0578231292517 0 0 0 0 0 0 0 0 0 1.22789115646258 27.391156462585 0 1.18707482993197 0 0 0 0 0 0 0 0 0.656462585034014 0 0 0.5 1.44557823129252 0 0 0.625850340136054 0 0 0 0 0 0 0 0 0 0 0 0 0 0 0 0 0 0 0 0 0 0 0 0 0 0 0 0 0 0 0 0 0 0 0 0 0 0 0 0 0 0 0 0 0 0 0 0 0 0 0 0 0 0 0 0 0 0 0 0 0 0 0 0 0 0 0 0 15.8877551020408 2.8265306122449 104.34693877551 127.768707482993 2.2687074829932 0 0 0 7.83673469387755 0 0 0 0 0 0 0 0 2.82993197278912 0 0 0 0 0 6.68707482993197 97.312925170068 0 0 0 0 0 0 0 0 0 75.6020408163265 11.7891156462585 0 0 0 0 14.9319727891156 0 14.0272108843537 0 0 4.34353741496599 0 0 0 2.60544217687075 0 0 0 0 0 0 0 0 0 0 0 0 0
3105.02380952381 4.86054421768707 403.585034013605 2528.51700680272 0 1987.67006802721 69.2006802721088 1.81292517006803 1.16666666666667 0 0 0 535.098639455782 149.19387755102 12.5816326530612 7.5 7.69047619047619 14.8469387755102 163.557823129252 77.5714285714286 40.0340136054422 66.9897959183673 0 0 0 0 0 0 0 1.71768707482993 179.19387755102 0 3.42176870748299 0 5.35714285714286 0 0 0 0 0 0 1.95238095238095 0 0 0 0 0 0 1.56802721088435 0 1.92857142857143 0.687074829931973 0 0 0 0 0 0 0 0 0 0 0 0 0 3.20068027210884 0 0 0 0 0 0 0 0 60.8707482993197 92.7993197278912 132.299319727891 0 0 0 0 12.0374149659864 0 0 0 1.67687074829932 0 8.25170068027211 24.5068027210884 64.7108843537415 189.489795918367 13.4795918367347 8.49659863945578 5.3265306122449 0 0 0 0 0 0 0 0 104.278911564626 0 0 3.2312925170068 1.92517006802721 7.2108843537415 0 3.34013605442177 27.5034013605442 3.43537414965986 0 0 0 0 0 16.4251700680272 26.343537414966 448.241496598639 352.41156462585 64.8503401360544 26.8503401360544 0 0 54.7244897959184 119.860544217687 14.5748299319728 6.59523809523809 20.6802721088435 189.234693877551 36.921768707483 0 63.3571428571429 325.187074829932 13.9965986394558 0 10.1734693877551 0 0 7.52040816326531 112.928571428571 2.0952380952381 0 0 0.91156462585034 0 0 0 21.9829931972789 0 8.7108843537415 176.357142857143 85.3639455782313 13.656462585034 0.76530612244898 3.16666666666667 74.9251700680272 2.89455782312925 319.867346938775 1.45918367346939 0 51.7006802721088 0 0 0 130.414965986395 0 52.2585034013605 4.53741496598639 9.81972789115646 98.0034013605442 0 0 0 71.7687074829932 0 159.15306122449 0 0 484.323129251701 0 499.819727891156 319.098639455782 451.006802721088 81 0 0 0 0 0 0 786.887755102041 62.9965986394558 88.2619047619048 115.078231292517 60.8639455782313 1.25510204081633 182.891156462585 4.12585034013605 0 0 0 0 0 0 0 0 0 1.98299319727891 47.265306122449 0 0 0 4.94557823129252 0 0 0 0 0 0 0 0 0 0 4.12925170068027 0 0 0 2.11224489795918 0 0 0 0 0 0 0 0 0 0 0 0 0 0 0 0 0 0 0 0 0 0 0 0 0 0 0 0 0 0 0 0 0 0 0 0 0 0 0 0 0 0 0 0 0 0 0 0 0 0 0 0 0 0 0 0 0 0 0 0 0 0 0 0 0 0 0 4.37755102040816 2.39455782312925 96.8265306122449 127.017006802721 1.33333333333333 0 0 0 0.639455782312925 0 0 0 0 0 0 0 0 0.91156462585034 0 0 0 0 0 14.7687074829932 290.414965986395 0 0 0 0 0 0 0 0 0 245.959183673469 2.64965986394558 0 0 0 0 23.108843537415 0 8.56122448979592 3.86394557823129 0 1.06462585034014 0 0 0 1.93537414965986 0 0 0 0 0 0 0 0 0 0 0 0 0
652.238095238095 28.9897959183673 2.14625850340136 899.136054421769 1987.67006802721 0 458.309523809524 0 0 0 0 0 366.292517006803 3.53401360544218 0 28.9319727891156 12.8469387755102 139.255102040816 335.578231292517 942.700680272109 532.302721088435 622.221088435374 15.8265306122449 0 0 0 0 0 0 0 1.8469387755102 0 0 0 0 0 0 0 0 0 0 0 0 0 0 0 0 0 0 0 0 0 0 0 0 0 0 0 0 0 0 0 0 0 0 4.90816326530612 0 0 0 0 0 0 0 0 70.8061224489796 109.860544217687 151.687074829932 0 0 0 0 14.3945578231293 0 0 0 5.34013605442177 0 10.2142857142857 33.9965986394558 82.0068027210884 237.091836734694 20.0204081632653 13.2959183673469 9.8843537414966 0 0 0 0 0 0 0 0 91.7108843537415 0 0 4.85034013605442 1.92517006802721 7.26190476190476 0 4.05442176870748 41.4047619047619 4.97619047619048 0 0 0 0 0 6.72789115646258 7.58503401360544 386.200680272109 73.1190476190476 59.312925170068 37.4455782312925 0 2.85374149659864 13.8639455782313 211.78231292517 24.0714285714286 14.8027210884354 28.2959183673469 297.054421768707 77.9251700680272 0 117.884353741497 536.112244897959 42.9489795918367 0 41.0034013605442 4.17687074829932 2.68707482993197 12.4285714285714 12.8299319727891 21.6938775510204 0 0 10.2312925170068 0 0 0 15.3061224489796 0 11.5748299319728 26.9115646258503 245.942176870748 10.8367346938776 88.3333333333333 15.1972789115646 512.006802721088 89.9047619047619 220.87074829932 0 0 143.122448979592 0 0 0 156.496598639456 0 72.265306122449 7.18707482993197 13.9591836734694 182.619047619048 0 0 0 125.666666666667 2.49659863945578 167.421768707483 0 0 98.0272108843537 0 20.5340136054422 47.3945578231293 77.4421768707483 36.5884353741497 0 0 0 0 0 0 91.0714285714286 0 7.04421768707483 11.6428571428571 11.4557823129252 0 18.9013605442177 6.58163265306122 0 0 0 0 0 0 0 0 0 0 4.74489795918367 0 0 0 0 0 0 0 0 0 0 0 0 0 0 0 0 0 0 0 0 0 0 0 0 0 0 0 0 0 0 0 0 0 0 0 0 0 0 0 0 0 0 0 0 0 0 0 0 0 0 0 0 0 0 0 0 0 0 0 0 0 0 0 0 0 0 0 0 0 0 0 0 0 0 0 0 0 0 0 0 0 0 0 0 0 0 0 0 38.8265306122449 30.1496598639456 0 0 0 0 0 0 0 0 0 0 0 0 0 0 0 0 0 0 0 4.26530612244898 36.6292517006803 0 0 0 0 0 0 0 0 0 21.4251700680272 0 0 0 0 0 5.24829931972789 0 6.87074829931973 0 0 0 0 0 0 0 0 0 0 0 0 0 0 0 0 0 0 0 0
15.7891156462585 7.00680272108844 0 21.7142857142857 69.2006802721088 458.309523809524 0 0 0 0 0 0 9.72108843537415 0 0 2.26190476190476 0 177.802721088435 17.4625850340136 20.5374149659864 25.2108843537415 131.163265306122 4.39795918367347 0 0 0 0 0 0 0 0 0 0 0 0 0 0 0 0 0 0 0 0 0 0 0 0 0 0 0 0 0 0 0 0 0 0 0 0 0 0 0 0 0 0 0 0 0 0 0 0 0 0 0 0 6.14625850340136 3.21768707482993 0 0 0 0 0 0 0 0 0 0 0 0 5.85034013605442 8.40476190476191 0 0 0 0 0 0 0 0 0 0 0 1.53401360544218 0 0 0 0 0 0 0 0 0 0 0 0 0 0 2.39795918367347 0 16.6496598639456 0 25.3231292517007 2.66326530612245 0 0 6.98979591836735 133.904761904762 0 0 0 28.5884353741497 4.93197278911565 0 10.7074829931973 81.4183673469388 7.28231292517007 0 42.5476190476191 0 0 0 0 5.29591836734694 0 0 0 0 0 0 0 0 0 6.60544217687075 188.850340136054 2.85374149659864 12.6666666666667 6.62585034013605 29.6190476190476 7.37755102040816 29.2142857142857 0 0 385.758503401361 0 0 0 11.5374149659864 0 5.73469387755102 0 0 25.7789115646259 0 0 0 7.87074829931973 0 12.7244897959184 0 0 0 0 0 0 0 0 0 0 0 0 0 0 0 0 0 0 0 0 0 0 0 0 0 0 0 0 0 0 0 0 0 0 0 0 0 0 0 0 0 0 0 0 0 0 0 0 0 0 0 0 0 0 0 0 0 0 0 0 0 0 0 0 0 0 0 0 0 0 0 0 0 0 0 0 0 0 0 0 0 0 0 0 0 0 0 0 0 0 0 0 0 0 0 0 0 0 0 0 0 0 0 0 0 0 0 0 0 0 0 0 0 0 0 0 0 0 0 0 0 0 0 0 0 0 0 0 0 0 0 0 0 0 0 0 0 0 0 0 0 0 0 0 0 0 0 0 0 0 0 0 0 0 0 0 0 0 0 0 0 0 0 0 0 0 0 0 0 0 0 0 0 0 0 0 0 0 0 0 0 0
3.15986394557823 5.98299319727891 0 6.90816326530612 1.81292517006803 0 0 0 1439.45578231293 464.897959183673 34.8809523809524 358.21768707483 0 199 0 0 0 0 0 0 0 0 0 0 18.5918367346939 0 0 10.2687074829932 0 0 0 0 0 0 0 116.557823129252 131.80612244898 299.687074829932 8.75850340136054 387.125850340136 8.29251700680272 0 5.79931972789116 11.3095238095238 0 0 16.9013605442177 0 0 0 1089.2925170068 184.363945578231 4116.41836734694 1017.44897959184 586.557823129252 164.656462585034 0 0 0 0 0 0 0 0 0 0 101.646258503401 0 0 0 0 0 44.5952380952381 11.8741496598639 0 0 0 17.0442176870748 4.57482993197279 49.8333333333333 0 0 0 0 0 0 0 0 0 0 0 0 0 0 2.51700680272109 27.5510204081633 68.5850340136054 0 22.4829931972789 14.452380952381 24.6666666666667 33.0272108843537 0 122.394557823129 73.2959183673469 4.43197278911565 0 2.87074829931973 0 0 0 0 0 2.10884353741497 5.22448979591837 78.4081632653061 404.649659863946 52.1496598639456 40.3061224489796 341.017006802721 0 0 0 3.62585034013605 2.36394557823129 8.00680272108844 0 6.45238095238095 35.4319727891156 88.3061224489796 4.53401360544218 16.3775510204082 435.190476190476 73.3639455782313 3.40136054421769 38.9863945578231 242.431972789116 76.234693877551 74.5442176870748 19.265306122449 4.48299319727891 0 0 79.7925170068027 2.71428571428571 0 12.3809523809524 360.136054421769 317.207482993197 165.149659863946 45.1768707482993 0 0 0 0 0 21.2414965986395 0 0 0 0 0 0 0 0 0 0 5.59183673469388 0 0 0 0 0 0 5.41836734693878 6.45578231292517 78.2312925170068 0 0 0 0 0 0 0 0 0 0 3157.08163265306 74.8673469387755 0 0 0 0 260.326530612245 0 0 0 0 0 0 0 0 0 0 0 7.04081632653061 5.29931972789116 0 0 0 0 0 0 0 0 291.850340136054 87.6224489795918 166.704081632653 59.2993197278912 582.646258503401 23.2006802721088 0 46.2312925170068 61.1394557823129 0 0 0 0 0 0 49.7040816326531 2.87074829931973 136.105442176871 0 766.666666666667 0 0 0 0 0 0 0 0 0 0 0 0 0 0 0 0 0 0 0 0 0 0 0 0 0 0 0 0 0 0 0 0 0 0 0 0 0 0 0 0 0 0 0 0 0 0 0 0 0 0 0 0 0 0 0 0 0 0 0 0 0 0 0 0 2.35034013605442 0 0 0 0 0 0 0 0 0 0 0 0 0 0 0 0 0 0 0 0 0 0 0 0 0 0 0 0 0 0 0 0 0 0 0 0 0 0 0 0 0 0 0 0 0 0 0 0 0 0 0 0 0 0 0 0 0 0 0 0
0 0 0 6.53741496598639 1.16666666666667 0 0 1439.45578231293 0 99.4149659863946 5.95918367346939 149.224489795918 0 40.9285714285714 0 0 0 0 0 0 0 0 0 0 0 0 0 0 0 0 0 0 0 0 0 337.462585034014 263.697278911565 47.0204081632653 34.0374149659864 32.5714285714286 0 21.5952380952381 0 0 0 0 18.8061224489796 0 0 0 770.302721088435 332.074829931973 3526.46258503401 166.751700680272 11.812925170068 83.156462585034 0 0 0 0 0 0 0 0 0 0 9.16666666666667 0 0 0 0 0 0 0 0 0 0 4.09183673469388 0 0 0 0 0 0 0 0 0 0 0 0 0 0 0 0 4.20408163265306 0 0 0 18.4455782312925 49.8197278911565 9.36734693877551 15.547619047619 0 6.60884353741497 6.20748299319728 0.727891156462585 0 2.93877551020408 0 0 0 0 0 0 0 86.0918367346939 230.843537414966 36.1122448979592 48.4829931972789 266.12925170068 0 0 0 0 0 29.1156462585034 0 0 0 0.979591836734694 0 0 13.7312925170068 0 0 0 18.6836734693878 4.47619047619048 1.17006802721088 0 0 0 0 22.2721088435374 0 0 34.343537414966 69.3741496598639 74.5510204081633 17.7414965986395 8.60884353741497 0 0 0 0 0 0 0 0 0 0 0 0 0 0 0 0 1.96938775510204 0 0 0 0 0 0 0 0 3.36734693877551 0 0 0 0 0 0 0 0 0 0 149.017006802721 184.918367346939 0 0 0 0 56.9965986394558 0 0 0 0 0 0 0 0 0 0 0 0 5.14285714285714 0 0 0 0 0 0 0 0 178.132653061224 75.6598639455782 41.4523809523809 196.312925170068 49.0340136054422 0 27.0544217687075 0 0 9.00680272108844 0 0 0 0 0 168.248299319728 24.2278911564626 63.7891156462585 0 0 0 0 0 0 0 0 0 0 0 0 0 0 0 0 0 0 0 0 0 0 0 0 0 0 0 0 0 0 0 0 0 0 0 0 0 0 0 0 0 0 0 0 0 0 0 0 0 0 0 0 0 0 0 0 0 0 0 0 0 0 0 0 0 0 0 0 0 0 0 0 0 0 0 0 0 0 0 0 0 0 0 0 0 0 0 0 0 0 0 0 0 0 0 0 0 0 0 0 0 0 0 0 0 0 0 0 0 0 0 0 0 0 0 0 0 0 0 0 0 0 0 0 0 0 0
0 0 0 0 0 0 0 464.897959183673 99.4149659863946 0 24.6428571428571 890.568027210884 0 0 0 0 0 0 0 0 0 0 0 0 0 0 0 0 0 0 0 0 0 0 0 0 0 0 0 0 0 0 0 45.7891156462585 0 0 4.8843537414966 0 0 0 208.408163265306 47.8469387755102 424.809523809524 677.802721088435 17.9149659863946 15.1802721088435 0 0 0 0 0 0 0 0 0 0 376.030612244898 0 0 0 0 0 31.3163265306122 6.12244897959184 0 0 0 8.95918367346939 4.48979591836735 13.2380952380952 0 0 0 0 0 0 0 0 0 0 0 0 0 0 0 675.006802721088 497.853741496599 0 0 0 0 0 0 0 0 0 0 5.92517006802721 0 0 0 0 0 2.67006802721088 0 0 57.1530612244898 0 0 7.08163265306122 0 0 0 0 0 0 0 0 0 0 0 0 0 0 0 0 0 0 0 0 0 0 0 9.87074829931973 0 0 0 0 30.9421768707483 8.48299319727891 11.1394557823129 0 0 0 0 0 0 0 0 0 0 0 0 0 0 0 0 0 0 0 0 0 0 0 0 0 0 0 0 0 0 0 0 0 0 0 0 0 0 0 0 0 0 0 0 0 0 0 0 0 0 0 0 0 0 0 0 0 0 0 0 0 0 0 0 0 0 0 0 0 0 0 0 0 0 0 0 0 0 0 0 0 0 0 0 0 0 0 0 0 0 0 0 0 0 0 0 0 0 0 0 0 0 0 0 0 0 0 0 0 0 0 0 0 0 0 0 0 0 0 0 0 0 0 0 0 0 0 0 0 0 0 0 0 0 0 0 0 0 0 0 0 0 0 0 0 0 0 0 0 0 0 0 0 0 0 0 0 0 0 0 0 0 0 0 0 0 0 0 0 0 0 0 0 0 0 0 0 0 0 0 0 0 0 0 0 0 0 0 0 0 0 0 0 0 0 0 0 0 0 0 0 0 0 0 0 0 0 0 0
0 0 0 0 0 0 0 34.8809523809524 5.95918367346939 24.6428571428571 0 262.265306122449 0 0 0 0 0 0 0 0 0 0 0 0 0 0 0 0 0 0 0 0 0 0 0 0 0 0 0 0 0 0 0 19.8945578231293 0 0 0 0 0 0 13.5136054421769 3.95238095238095 23.9387755102041 11.8945578231293 0 160.819727891156 0 0 0 0 0 0 0 0 0 0 169.013605442177 0 0 0 0 0 429.816326530612 32.1666666666667 0 0 0 100.697278911565 91.8673469387755 421.714285714286 26.6258503401361 0 30.1734693877551 0 0 0 0 0 0 0 0 0 0 0 0 9.88095238095238 9.3469387755102 0 0 0 0 0 0 0 0 0 0 0 0 0 0 0 0 0 0 0 12.2414965986395 0 0 0 0 0 0 0 0 0 0 0 0 0 0 0 23.4795918367347 4.18707482993197 0 2.62244897959184 19.765306122449 5.62585034013605 12.6972789115646 0 0 0 0 2.71428571428571 0 0 0 11.7925170068027 20.0646258503401 12.3299319727891 4.86394557823129 0 0 0 0 0 0 0 0 0 0 0 0 0 0 0 0 0 0 0 0 0 0 0 0 0 2.58163265306122 0 0 0 0 0 0 0 0 0 0 0 0 0 0 0 0 0 0 0 0 0 0 0 0 0 0 0 0 0 0 0 0 0 0 0 0 0 0 0 0 0 0 0 0 0 0 0 0 0 0 0 0 0 0 0 0 0 0 0 0 0 0 0 0 0 0 0 0 0 0 0 0 0 0 0 0 0 0 0 0 0 0 0 0 0 0 0 0 0 0 0 0 0 0 0 0 0 0 0 0 0 0 0 0 0 0 0 0 0 0 0 0 0 0 0 0 0 0 0 0 0 0 0 0 0 0 0 0 0 0 0 0 0 0 0 0 0 0 0 0 0 0 0 0 0 0 0 0 0 0 0 0 0 0 0 0 0 0 0 0 0 0 0 0 0 0 0 0 0 0 0 0 0 0 0 0 0 0 0 0 0 0 0
0 0 0 0 0 0 0 358.21768707483 149.224489795918 890.568027210884 262.265306122449 0 0 0 0 0 0 0 0 0 0 0 0 0 0 0 0 0 0 0 0 0 0 0 0 0 0 0 0 0 0 0 0 57.8809523809524 0 0 10.921768707483 0 0 0 236.462585034014 73.7176870748299 399.687074829932 272.605442176871 19.2619047619048 30.8809523809524 0 0 0 0 0 0 0 0 0 0 515.455782312925 0 0 0 0 0 750.918367346939 60.7278911564626 0 0 0 45.3537414965986 68.5136054421769 724.486394557823 25.3027210884354 0 43.7176870748299 0 0 0 0 0 0 0 0 0 0 0 3.98299319727891 253.860544217687 128.65306122449 0 0 0 0 0 0 0 0 0 0 4.74489795918367 0 0 0 0 0 10.4829931972789 0 4.61904761904762 134.816326530612 0 0 5.27891156462585 0 0 0 0 0 0 0 0 0 0 0 0 31.2517006802721 0 0 0 31.9387755102041 8.40476190476191 9.01700680272109 2.88775510204082 0 0 0 21.2789115646259 0 0 0 23.6190476190476 128.972789115646 45.030612244898 25.8571428571429 0 0 0 0 0 5.32993197278912 0 0 0 0 0 0 0 0 0 0 0 0 0 0 0 0 0 0 0 0 0 0 0 0 0 0 0 0 0 0 0 0 0 0 0 0 0 0 0 0 0 0 0 0 0 0 0 0 0 0 0 0 0 0 0 0 0 0 0 0 0 0 0 0 0 0 0 0 0 0 0 0 0 0 0 0 0 0 0 0 0 0 0 0 0 0 0 0 0 0 0 0 0 0 0 0 0 0 0 0 0 0 0 0 0 0 0 0 0 0 0 0 0 0 0 0 0 0 0 0 0 0 0 0 0 0 0 0 0 0 0 0 0 0 0 0 0 0 0 0 0 0 0 0 0 0 0 0 0 0 0 0 0 0 0 0 0 0 0 0 0 0 0 0 0 0 0 0 0 0 0 0 0 0 0 0 0 0 0 0 0 0 0 0 0 0 0 0 0 0 0 0 0 0 0 0 0 0 0 0 0 0 0
518.69387755102 17.265306122449 120.051020408163 399.234693877551 535.098639455782 366.292517006803 9.72108843537415 0 0 0 0 0 0 35.9489795918367 1.27891156462585 58.5 37.2993197278912 10.0714285714286 845.632653061224 94.2619047619048 77.0238095238095 41.0102040816327 6.77210884353742 0 0 0 0 0 0 0 30.1530612244898 0 0 0 0 0 0 0 0 0 0 0 0 0 0 0 0 0 0 0 0 0 0 0 0 0 0 0 0 0 0 0 0 0 0 0 0 0 0 0 0 0 0 0 6.92857142857143 4.19387755102041 7.40816326530612 0 0 0 0 0 0 0 0 0 0 0 0 1.20068027210884 2.92517006802721 0 0 0 0 0 0 0 0 0 0 0 19.6054421768707 0 0 0 2.54421768707483 1.16666666666667 0 0 0 0 0 0 0 0 0 0 13.469387755102 43.6632653061224 50.6292517006803 2.30272108843537 0 0 0 1.04081632653061 2.00340136054422 4.42857142857143 0 0 3.28571428571429 0 0 0 7.35034013605442 0 0 11.2721088435374 0 0 18.4047619047619 93.8605442176871 16.1292517006803 0 0 20.0170068027211 0 0 0 51.4591836734694 0 41.2108843537415 0 4.53741496598639 0 24.0952380952381 2.77210884353741 163.108843537415 34.1496598639456 3.4421768707483 0 0 3.79591836734694 0 0 0 2.13945578231292 0 6.66326530612245 0 0.952380952380952 3.45238095238095 0 4.96598639455782 0 0 0 0 0 0 240.166666666667 0 241.136054421769 153.510204081633 244.34693877551 63.5612244897959 0 0 0 0 0 0 514.792517006803 18.2312925170068 65.4557823129252 99.3571428571429 66.8197278911565 0 141.397959183673 7.73469387755102 0 0 0 0 0 0 0 0 0 0 24.8401360544218 0 0 0 0 0 0 0 0 0 0 0 0 0 0 5.80612244897959 0 0 0 6.73809523809524 0 0 0 0 0 0 0 0 0 0 0 0 0 0 0 0 0 0 0 0 0 0 0 0 0 0 0 0 0 0 0 0 0 0 0 0 0 0 0 0 0 0 0 0 0 0 0 0 0 0 0 0 0 0 0 0 0 0 0 0 0 0 0 0 0 0 0 0 0 32.4421768707483 42.3537414965986 0 0 0 0 0 0 0 0 0 0 0 0 0 0 0 0 0 0 0 8.68367346938776 187.343537414966 0 0 0 2.79251700680272 0 0 0 0 0 214.517006802721 0 0 0 0 0 18.2755102040816 0 0 0 0 0 0 0 0 0 0 0 0 0 0 0 0 0 0 0 0 0 0
176.071428571429 0 236.989795918367 121.482993197279 149.19387755102 3.53401360544218 0 199 40.9285714285714 0 0 0 35.9489795918367 0 762.333333333333 0 3.07823129251701 0 2.81632653061224 0 0 0 0 0 0 3.66326530612245 590.758503401361 0 159.486394557823 242.336734693878 249.802721088435 19.578231292517 334.58843537415 160.768707482993 271.431972789116 112.683673469388 182.37074829932 142 84.2448979591837 369.132653061225 33.5476190476191 9.79251700680272 54.656462585034 10.0238095238095 266.561224489796 8.54081632653061 0 0 0 1.94897959183673 27.6666666666667 2.46258503401361 7.56462585034014 0 123.047619047619 0 8.98979591836735 354.574829931973 55.187074829932 71.0748299319728 67.6428571428571 43.8605442176871 10.1666666666667 22.547619047619 3.17006802721088 0 0 0 45.6224489795918 0 0 3.7312925170068 0 0 0 0 0 0 0 0 0 0 0 0 0 0 0 0 0 0 0 0 0 0 0 0 0 0 0 0 0 0 0 0 0 0 0 0 0 0 0 0 0 0 0 0 0 75.8333333333333 169.887755102041 104.353741496599 39.7414965986395 97.3469387755102 0 0 0 58.9353741496599 0.948979591836735 0 0 0 4.11904761904762 0 0 0 0 0 0 0 0 0 0 182.061224489796 0 0 0 0 0 0 0 0 0 65.0544217687075 3.11224489795918 0 0 0 0 0 0 4 164.071428571429 29.3707482993197 0 24.0204081632653 9.57823129251701 0 0 0 0 0 0 2.27551020408163 0 0 0 0 0 0 67.4897959183673 42.9421768707483 38.8265306122449 0 81.8401360544218 34.3945578231293 27.1700680272109 1.28571428571429 0 182.829931972789 8.28231292517007 0 0 0 42.4829931972789 2254.54421768707 304.15306122449 5.1734693877551 9.29591836734694 0 6.8843537414966 0 0 0 0 0 0 9.6530612244898 178.877551020408 0 116.15306122449 53.0850340136054 101.081632653061 3.49659863945578 25.7891156462585 7.99319727891156 153.170068027211 54.6360544217687 85.5816326530612 180.632653061224 34.391156462585 173.448979591837 69.5476190476191 6.48299319727891 56.2789115646259 29.8503401360544 97.8741496598639 14.4455782312925 0 0 8.33333333333333 4.08503401360544 5.3469387755102 1.89115646258503 7.83673469387755 0 103.537414965986 0 8.54421768707483 62.2040816326531 0 1.75510204081633 0 0.972789115646258 0.860544217687075 0 0 0 0 0 1.73809523809524 0 0 0 0 0 0 0 0 0 0 0 0 0 0 0 0 0 0 0 0 0 0 0 0 0 0 0 0 0 0 0 0 0 0 0 0 0 0 0 0 0 0 0 0 0 0 0 0 0.802721088435374 9.26530612244898 26.3265306122449 25.156462585034 5.38095238095238 0 0 0 4.22448979591837 0 0 0 0 0 0 0 0 0 0 0 0 0 0 0 115.459183673469 0 0 0 0 0 0 0 0 0 47.2108843537415 0.69047619047619 0 0 0 0 0 0 1.17687074829932 38.1224489795918 10.1632653061224 0 1.0952380952381 0 0 0 0 0 0 0 0 0 0 0 0 0 0 0 0
27.6224489795918 0 111.78231292517 48.9251700680272 12.5816326530612 0 0 0 0 0 0 0 1.27891156462585 762.333333333333 0 3.86054421768708 74.6530612244898 0 5.2312925170068 0 0 0 0 0 0 0 10.2857142857143 0 92.2619047619048 219.214285714286 1382.82653061224 0 167.969387755102 7.91836734693878 861.918367346939 0 0 13.7380952380952 0 0 0 0 0 0 14.6258503401361 83.6462585034014 0 4.82312925170068 7.81972789115646 130.680272108844 0 0 0 0 0 0 0.95578231292517 6.48979591836735 5.45238095238095 8.26530612244898 0 6.33333333333333 1.40136054421769 0 0 0 0 0 3.95918367346939 0 0 0 0 0 3.60544217687075 1.2687074829932 0 0 0 0 0 0 0 0 0 0 0 0 0 0 0.438775510204082 0 0 0 25.5646258503401 0 0 0 0 0 0 0 8 3.97959183673469 0 3.68367346938776 0 2.0578231292517 0 0 0 0 0 0 0 0 0 51.312925170068 110.41156462585 101.891156462585 32.1258503401361 79.3231292517007 0 8.91156462585034 2.58503401360544 38.5850340136054 0 0 0 0 0 0 0 0 0 0 0 0 0 0 0 676.258503401361 47.2380952380952 0 47.7789115646259 103.377551020408 0 0 0 0 41.2108843537415 122.312925170068 0 0 0 0 0 2.45238095238095 0 0 285.044217687075 5.94897959183673 0 0 0 0 1.75170068027211 0 2.46258503401361 0 0 0 4.25170068027211 5.93537414965986 10.0510204081633 0 0 0 11.3503401360544 0 7.70068027210884 0 90.5646258503401 9.33673469387755 21.2517006802721 0 0 0 0 0 0 0 32.5340136054422 249.697278911565 1188.57482993197 7.07482993197279 43.2755102040816 0 26.3877551020408 0 0 0 0 0 0 0 47.7380952380952 0 325.357142857143 46.2108843537415 156.095238095238 0 6.38095238095238 0 75.4149659863946 0 0 1.61224489795918 0 0 0 0 0 0 125.850340136054 117.156462585034 0 0 30.8775510204082 34.4795918367347 0 0 0 0 0 0 0 0 0 0 0 0 0 0 0 0 0 0 0 0 0 0 0 0 0 0 0 0 0 0 0 0 0 0 0 0 0 0 0 0 0 0 0 0 0 0 0 0 0 0 0 0 0 0 0 0 0 0 0 0 0 0 0 0 0 0 0 0 3.12244897959184 14.1394557823129 4.54421768707483 0 0 0 0 0 0 0 0 0 0 0 0 0 0 0 0 0 0 0 0 395.5 0 0 0 0 0 0 0 0 0 93.9897959183673 0 0 0 0 0 0 0 0 33.3741496598639 0 0 0 0 0 0 0 0 0 0 0 0 0 0 0 0 0 0 0
6.79251700680272 9.65986394557823 17.3265306122449 5.69387755102041 7.5 28.9319727891156 2.26190476190476 0 0 0 0 0 58.5 0 3.86054421768708 0 178.639455782313 5.97619047619048 738.761904761905 20.3061224489796 17.8299319727891 9.45578231292517 3.22789115646259 0 0 0 0 0 0 0 4.45578231292517 0 0 0 0 0 0 0 0 0 0 0 0 0 0 0 0 0 0 3.6156462585034 0 0 0 0 0 0 0 0 0 0 0 0 0 0 0 0 0 0 0 0 0 0 0 0 0 0 0 0 0 0 0 0 0 0 0 0 0 0 0 0 0 0 0 0 0 0 0 0 0 0 0 0 1.77551020408163 0 0 0 0 0 0 0 0 0 0 0 0 0 0 0 5.19387755102041 4.43877551020408 0 0 0 0 0 0 0 0 0 0 0 0 0 0 1.69727891156463 0 0 9.45578231292517 0 0 2.89455782312925 42.3503401360544 31.4047619047619 0 0 117 0 0 0 6.56462585034014 0 81.9455782312925 0 0 0 15.2755102040816 5.91496598639456 91.5544217687075 24.5748299319728 0 0 0 0 0 0 0 0 0 1.74489795918367 0 0 0 0 0 0 0 0 0 0 0 6.34353741496599 0 8.55102040816327 3.43537414965986 7.48299319727891 0 0 0 0 0 0 0 15.5884353741497 0 8.61224489795918 6.62244897959184 8.77891156462585 0 4.71768707482993 0 0 0 0 0 0 0 0 0 0 0 1.72789115646258 0 0 0 0 0 0 0 0 0 0 0 0 0 0 0 0 0 0 0 0 0 0 0 0 0 0 0 0 0 0 0 0 0 0 0 0 0 0 0 0 0 0 0 0 0 0 0 0 0 0 0 0 0 0 0 0 0 0 0 0 0 0 0 0 0 0 0 0 0 0 0 0 0 0 0 0 0 0 0 0 0 0 0 0 0 0 0 0 0 0 0 0 0 0 0 0 0 0 0 0 0 0 0 0 0 0 0 0 0 0 11.9965986394558 0 0 0 0 0 0 0 0 0 11.4897959183673 0 0 0 0 0 0 0 0 0 0 0 0 0 0 0 0 0 0 0 0 0 0 0 0 0 0 0 0
0 9.35034013605442 48.2993197278912 0 7.69047619047619 12.8469387755102 0 0 0 0 0 0 37.2993197278912 3.07823129251701 74.6530612244898 178.639455782313 0 8.13945578231293 96.3061224489796 1.68027210884354 4.26530612244898 4.07142857142857 8.43197278911565 0 0 0 0 0 5.18027210884354 0 24.3605442176871 0 0 0 0 0 0 0 0 0 0 0 0 0 0 87.2891156462585 0 4.63605442176871 19.4931972789116 291.955782312925 0 0 0 0 0 0 0 0 0 0 0 0 0 0 0 0 0 0 0 0 0 0 0 0 9.28571428571429 4.39115646258503 5.10544217687075 0 0 0 0 1.53741496598639 0 0 0 0 0 0 1.06802721088435 0 2.24489795918367 0 0 0 11.343537414966 0 0 0 0 0 0 0 8.80272108843537 2.3265306122449 0 4.07142857142857 2.42857142857143 3.36394557823129 0 0 0 0 0 0 0 0 0 1.13605442176871 17.9183673469388 18.9625850340136 0 3.10884353741497 0 3.8469387755102 6.26190476190476 2.51020408163265 4.04761904761905 6.01700680272109 4.41836734693878 0 4.41156462585034 0 0 0 4.56462585034014 0 0 13.8571428571429 0 0 6.09523809523809 417.187074829932 258.721088435374 0 90.8299319727891 675.84693877551 0 0 0 11.5544217687075 47.2687074829932 629.081632653061 0 0 0 6.46938775510204 5.01360544217687 58.2551020408163 10.891156462585 0 0 0 2.72108843537415 0 0 0 2.03401360544218 0 6.08163265306122 0 0.574829931972789 2.41156462585034 3.19727891156463 4.71768707482993 9.52721088435374 1.35374149659864 0 2.14285714285714 0 0 17.765306122449 0 22.1360544217687 4.80272108843537 11.1734693877551 0 0 0 0 0 0 0 22.3469387755102 1.76530612244898 29.812925170068 6.98979591836735 13.3945578231293 0 12.2823129251701 0 0 0 0 0 0 0 0 0 0 0 6.29591836734694 0 0 0 0 0 0 0 0 0 0 0 0 0 0 1.12925170068027 0 0 0 2.11224489795918 0 0 0 0 0 0 0 0 0 0 0 0 0 0 0 0 0 0 0 0 0 0 0 0 0 0 0 0 0 0 0 0 0 0 0 0 0 0 0 0 0 0 0 0 0 0 0 0 0 0 0 0 0 0 0 0 0 0 0 0 0 0 0 0 0 0 0 0 0 1.48639455782313 0 0 0 0 0 0 0 0 0 0 0 0 0 0 0 0 0 0 0 0 0 49.6836734693878 0 0 0 0 0 0 0 0 0 25.3741496598639 0 0 0 0 0 0 0 0 0 0 0 0 0 0 0 0 0 0 0 0 0 0 0 0 0 0 0 0
8.85714285714286 111.238095238095 0 8.76530612244898 14.8469387755102 139.255102040816 177.802721088435 0 0 0 0 0 10.0714285714286 0 0 5.97619047619048 8.13945578231293 0 32.2517006802721 27.4965986394558 95.2619047619048 175.615646258503 53.5170068027211 0 0 0 0 0 0 0 0 0 0 0 0 0 0 0 0 0 0 0 0 0 0 0 0 0 0 0 0 0 0 0 0 0 0 0 0 0 0 0 0 0 0 0 0 0 0 0 0 0 0 0 0 2.29931972789116 2.43537414965986 0 0 0 0 0 0 0 0 0 0 0 0 0.840136054421769 5.79251700680272 0 0 0 0 0 0 0 0 0 0 0 0 0 0 0 0 0 0 0 0 0 0 0 0 0 0 3.3843537414966 0 9.21428571428571 0 78.0884353741497 0 0 0 12.9115646258503 148.659863945578 0 0 0 37.4829931972789 5.3469387755102 5.1530612244898 20.1972789115646 560.540816326531 350.97619047619 4.70068027210884 920.646258503401 0 3.07482993197279 24.2585034013605 0 29.0374149659864 0 0 7.46258503401361 0 0 0 8.52040816326531 4.67006802721088 7.35714285714286 1.9421768707483 76.9557823129252 2.87755102040816 74.8605442176871 137.578231292517 48.9319727891156 40.0952380952381 7.3265306122449 0 0 500.731292517007 0 0 0 6.2687074829932 0 0 0 0 55.3401360544218 0 0 0 3.78231292517007 0 5.25850340136054 0 0 1.12244897959184 0 0 0.697278911564626 0 0 0 0 0 0 0 0 0 0 0 0 0 0 0 0 0 0 0 0 0 0 0 0 0 0 0 0 0 0 0 0 0 0 0 0 0 0 0 0 0 0 0 0 0 0 0 0 0 0 0 0 0 0 0 0 0 0 0 0 0 0 0 0 0 0 0 0 0 0 0 0 0 0 0 0 0 0 0 0 0 0 0 0 0 0 0 0 0 0 0 0 0 0 0 0 0 0 0 0 0 0 0 0 0 0 0 0 0 0 0 0 0 0 0 0 0 0 0 0 0 0 0 0 0 0 0 0 0 0 0 0 0 0 0 0 0 0 0 0 0 0 0 0 0 0 0 0 0 0 0 0 0 0 0 0 0 0 0 0 0 0 0 0 0 0 0 0 0 0 0 0 0 0 0 0
30.0238095238095 31.4421768707483 134.965986394558 19.6802721088435 163.557823129252 335.578231292517 17.4625850340136 0 0 0 0 0 845.632653061224 2.81632653061224 5.2312925170068 738.761904761905 96.3061224489796 32.2517006802721 0 110.102040816327 99.5374149659864 51.0918367346939 18.3707482993197 0 0 0 0 0 0 0 13.0578231292517 0 0 0 0 0 0 0 0 0 0 0 0 0 0 7.43877551020408 0 0 3.74829931972789 9.04421768707483 0 0 0 0 0 0 0 0 0 0 0 0 0 0 0 0 0 0 0 0 0 0 0 0 20.6190476190476 10.8231292517007 11.1360544217687 0 0 0 0 3.29251700680272 0 0 0 0 0 0 1.77551020408163 3.29251700680272 7.43197278911565 0 0 0 0 0 0 0 0 0 0 0 25.9047619047619 3.10204081632653 0 5.2108843537415 9.70748299319728 3.64965986394558 0 0 2.72108843537415 0 0 0 0 0 0 0.945578231292517 18.9455782312925 42.234693877551 13.8061224489796 2.19387755102041 1.65986394557823 4.86734693877551 10.608843537415 2.22448979591837 12.5374149659864 13.1428571428571 5.55442176870748 1.26530612244898 7.6734693877551 2.9047619047619 0 1.85034013605442 17.7312925170068 10.2823129251701 0 31.0748299319728 1.62925170068027 3.2891156462585 18.1700680272109 78.6768707482993 171.731292517007 0 0 151.465986394558 0 0 0 55.1836734693878 1.33673469387755 388.074829931973 0 10.4489795918367 0 68.843537414966 14.530612244898 370.880952380952 101.21768707483 1.7687074829932 0 0 12.547619047619 0 0 0 9.26190476190476 0 12.0204081632653 0 3.75170068027211 5.09523809523809 6.59523809523809 14.6122448979592 14.3741496598639 4.11904761904762 0 3.70408163265306 0 0 67.1122448979592 0 51.9795918367347 35.687074829932 39.1496598639456 19.5340136054422 0 0 0 0 0 0 109.636054421769 1.53401360544218 15.9557823129252 30.3605442176871 28.6938775510204 0 63.1156462585034 0 0 0 0 0 0 0 0 0 0 0 8.00680272108844 0 0 0 0 0 0 0 0 0 0 0 0 0 0 0 0 0 0 0 0 0 0 0 0 0 0 0 0 0 0 0 0 0 0 0 0 0 0 0 0 0 0 0 0 0 0 0 0 0 0 0 0 0 0 0 0 0 0 0 0 0 0 0 0 0 0 0 0 0 0 0 0 0 0 0 0 0 0 0 0 0 0 0 0 0 0 0 0 6.98979591836735 6.46598639455782 0 0 0 0 0 0 0 0 0 0 0 0 0 0 0 0 0 0 0 3.24489795918367 59.765306122449 0 0 0 0 0 0 0 0 0 57.2380952380952 0 0 0 0 0 2.88095238095238 0 0 0 0 0 0 0 0 0 0 0 0 0 0 0 0 0 0 0 0 0 0
17.3469387755102 15.7551020408163 0 11.1190476190476 77.5714285714286 942.700680272109 20.5374149659864 0 0 0 0 0 94.2619047619048 0 0 20.3061224489796 1.68027210884354 27.4965986394558 110.102040816327 0 221.843537414966 123.363945578231 24.156462585034 0 0 0 0 0 0 0 0 0 0 0 0 0 0 0 0 0 0 0 0 0 0 0 0 0 0 0 0 0 0 0 0 0 0 0 0 0 0 0 0 0 0 0 0 0 0 0 0 0 0 0 18.7108843537415 14.2278911564626 8.87074829931973 0 0 0 0 3.01360544217687 0 0 0 0 0 0 2.9047619047619 3.39455782312925 8.72448979591837 0 0 0 0 0 0 0 0 0 0 0 13.7755102040816 0 0 0 0 2.26190476190476 0 0 2.7687074829932 0 0 0 0 0 0 0 0 20.8639455782313 0 0 2.46258503401361 0 0 0 7.86054421768707 2.09183673469388 0 1.87755102040816 9.03741496598639 4.80272108843537 0 5.72448979591837 27.156462585034 4.15646258503401 0 20.0816326530612 0 0 4.27891156462585 1.02040816326531 64.6394557823129 0 0 14.4489795918367 0 0 0 2.80612244897959 0 4.48299319727891 0 7.68027210884354 0 86.734693877551 11.7142857142857 734.962585034014 144.207482993197 0 0 0 8.6156462585034 0 0 0 6.49319727891156 0 9.02380952380952 0 3.02721088435374 4.67687074829932 0 0 0 6.85034013605442 0 7.84353741496599 0 0 0 0 0 0 0 0 0 0 0 0 0 0 0 0 0 0 0 0 0 0 0 0 0 0 0 0 0 0 0 0 0 0 0 0 0 0 0 0 0 0 0 0 0 0 0 0 0 0 0 0 0 0 0 0 0 0 0 0 0 0 0 0 0 0 0 0 0 0 0 0 0 0 0 0 0 0 0 0 0 0 0 0 0 0 0 0 0 0 0 0 0 0 0 0 0 0 0 0 0 0 0 0 0 0 0 0 0 0 0 0 0 0 0 0 0 0 0 0 0 0 0 0 0 0 0 0 0 0 0 0 0 0 0 0 0 0 0 0 0 0 0 0 0 0 0 0 0 0 0 0 0 0 0 0 0 0 0 0 0 0 0 0 0 0 0 0 0 0 0 0 0 0 0 0 0 0 0 0 0 0
9.92857142857143 119.666666666667 0 6.51360544217687 40.0340136054422 532.302721088435 25.2108843537415 0 0 0 0 0 77.0238095238095 0 0 17.8299319727891 4.26530612244898 95.2619047619048 99.5374149659864 221.843537414966 0 124.380952380952 68.4353741496599 0 0 0 0 0 0 0 0 0 0 0 0 0 0 0 0 0 0 0 0 0 0 0 0 0 0 0 0 0 0 0 0 0 0 0 0 0 0 0 0 0 0 0 0 0 0 0 0 0 0 0 4.64285714285714 1.89795918367347 4.10884353741497 0 0 0 0 0 0 0 0 0 0 0 0 0 3.7891156462585 0 0 0 0 0 0 0 0 0 0 0 2.77551020408163 0 0 0 0 0 0 0 0 0 0 0 0 0 0 0 0 4.81632653061224 0 3.36394557823129 0 0 0 0 19.108843537415 0 0 0 22.8741496598639 4.8843537414966 0 10.1972789115646 39.4319727891156 18.8265306122449 0 234.445578231293 0 0 14.6530612244898 0 40.2482993197279 0 0 8 0 0 0 1.60544217687075 0 0 0 19.8503401360544 0 126.942176870748 49.5714285714286 298.612244897959 88.1020408163265 2.68027210884354 0 0 37.6530612244898 0 0 0 3.91156462585034 0 5.23469387755102 0 0 12.4727891156463 0 0 0 5.81972789115646 0 3.0952380952381 0 0 0 0 0 0 0 0 0 0 0 0 0 0 0 0 0 0 0 0 0 0 0 0 0 0 0 0 0 0 0 0 0 0 0 0 0 0 0 0 0 0 0 0 0 0 0 0 0 0 0 0 0 0 0 0 0 0 0 0 0 0 0 0 0 0 0 0 0 0 0 0 0 0 0 0 0 0 0 0 0 0 0 0 0 0 0 0 0 0 0 0 0 0 0 0 0 0 0 0 0 0 0 0 0 0 0 0 0 0 0 0 0 0 0 0 0 0 0 0 0 0 0 0 0 0 0 0 0 0 0 0 0 0 0 0 0 0 0 0 0 0 0 0 0 0 0 0 0 0 0 0 0 0 0 0 0 0 0 0 0 0 0 0 0 0 0 0 0 0 0 0 0 0 0 0 0 0 0 0 0 0
19.6394557823129 49.9251700680272 0 7.95578231292517 66.9897959183673 622.221088435374 131.163265306122 0 0 0 0 0 41.0102040816327 0 0 9.45578231292517 4.07142857142857 175.615646258503 51.0918367346939 123.363945578231 124.380952380952 0 21.9897959183673 0 0 0 0 0 0 0 0 0 0 0 0 0 0 0 0 0 0 0 0 0 0 0 0 0 0 0 0 0 0 0 0 0 0 0 0 0 0 0 0 0 0 0 0 0 0 0 0 0 0 0 2.92857142857143 2.75850340136054 6.36054421768707 0 0 0 0 0 0 0 0 0 0 0 0 4.69047619047619 6.63265306122449 0 0 0 0 0 0 0 0 0 0 0 3.55102040816327 0 0 0 0 0 0 0 1.1156462585034 0 0 0 0 0 0 2.33333333333333 0 7.2687074829932 0 9.22448979591837 3.47959183673469 0 0 3.2108843537415 44.391156462585 2.46598639455782 0 3.24149659863946 29.9557823129252 11.547619047619 0 12.6700680272109 62.7925170068027 20.5612244897959 0 192.891156462585 0 0 5.65646258503401 0 25.1632653061224 0 0 5.7891156462585 0 0 0 0 0 0 0 49.8163265306122 0 94.0204081632653 53.3741496598639 135.374149659864 28.9387755102041 8.95578231292517 0 0 84.8809523809524 0 0 0 5.72108843537415 0 3.68707482993197 0 0 23.6666666666667 0 0 0 12.0374149659864 0 11.9013605442177 0 0 0 0 0 0 0 0 0 0 0 0 0 0 0 0 0 0 0 0 0 0 0 0 0 0 0 0 0 0 0 0 0 0 0 0 0 0 0 0 0 0 0 0 0 0 0 0 0 0 0 0 0 0 0 0 0 0 0 0 0 0 0 0 0 0 0 0 0 0 0 0 0 0 0 0 0 0 0 0 0 0 0 0 0 0 0 0 0 0 0 0 0 0 0 0 0 0 0 0 0 0 0 0 0 0 0 0 0 0 0 0 0 0 0 0 0 0 0 0 0 0 0 0 0 0 0 0 0 0 0 0 0 0 0 0 0 0 0 0 0 0 0 0 0 0 0 0 0 0 0 0 0 0 0 0 0 0 0 0 0 0 0 0 0 0 0 0 0 0 0 0 0 0 0 0 0 0 0 0 0 0
