0 0.700680272108844 337.571428571429 13931.4013605442 2641.78571428571 200.921768707483 2.13945578231292 0 0 0 0 0 264.908163265306 111.122448979592 0.207482993197279 0.465986394557823 0 0.306122448979592 3.53741496598639 0.146258503401361 0.00680272108843537 0.431972789115646 0 0 0 0 0 0 0 0.200680272108844 12.3061224489796 0 0 0 0 0 0 0 0 0 0 0 0 0 0 0 0 0 0 0 0 0 0 0 0 0 0 0 0 0 0 0 0 0 0 0.812925170068027 0 0 0 0.112244897959184 0.428571428571429 0.595238095238095 0 0 34.2721088435374 42.4897959183673 95.6292517006803 0 0 0 0 1.39455782312925 0 0 0.0510204081632653 0.996598639455782 0.836734693877551 1.42857142857143 14.9081632653061 37.8877551020408 62.5204081632653 2.38775510204082 3.51360544217687 0.77891156462585 0 0 0 0 0 0 0 0 0.581632653061224 0 0 2.22448979591837 0.0884353741496599 0.0748299319727891 0 0.465986394557823 2.55102040816327 0.105442176870748 0 0 0 0 0 1.85714285714286 19.8945578231293 182.401360544218 1286.31972789116 8.19047619047619 6.82312925170068 0 1.20068027210884 31.7993197278912 13.4319727891156 3.59863945578231 0 0 23.2006802721088 7.51700680272109 0.0272108843537415 8.09863945578231 27.6224489795918 1.20748299319728 0 0.102040816326531 0 0 0 50.7244897959184 0 0 0 0 0 0 0 0 0 18.0408163265306 216.547619047619 9.07142857142857 4.03741496598639 0 0 0.054421768707483 0 158.268707482993 0 0 2.08843537414966 0 0 0.129251700680272 29.312925170068 0 5.53061224489796 1.40136054421769 14.0918367346939 4.7312925170068 0 0 0 11.0680272108844 1.3843537414966 9.75510204081633 0 0 243.010204081633 0 20.1734693877551 180.397959183673 145.142857142857 3.97278911564626 0 0 0 0 0 0 107.625850340136 19.5204081632653 9.44897959183673 24.0510204081633 5.48299319727891 0 0.840136054421769 0 0 0.0340136054421769 0 0 0 0 0 0 0.0170068027210884 0.0578231292517007 1.82312925170068 0 0 0 0 0 0 0 0 0 0 0 0 0 0 1.18707482993197 0 0 0 0.0646258503401361 0 0 0 0 0 0 0 0 0 0 0 0 0 0 0 0 0 0 0 0 0 0 0 0 0 0.0442176870748299 0.193877551020408 0 0 0 0 0 0 0 0 0 0.0170068027210884 0 0.0578231292517007 0 0.180272108843537 0 0 0 0 0 0 0 0 0 0 0 0 0 0 0 0 0 0 0 0 0 0 0 0 0 0 0 5.54081632653061 65.2278911564626 39.7482993197279 1.5 0 0 0 0.108843537414966 0.462585034013605 0 0 0 0.0510204081632653 0 0 0 0 0 0 0 0 0 0 15.6020408163265 0.653061224489796 0 0 0 0 0 0 0 0 29.1700680272109 5.20408163265306 0.0748299319727891 0.0442176870748299 0 0 0.0748299319727891 0 4.38775510204082 0 0 0 0 0 0 0.115646258503401 0 0 0 0.0204081632653061 0 0 0 0 0 0 0 0 0
0.700680272108844 0 0 0 0 0 0 0.0646258503401361 0 0 0 0 0 0 0 0.370748299319728 0 7.62925170068027 1.82312925170068 1.65646258503401 27.5816326530612 5.35034013605442 680.299319727891 0 0 0 0 0 0 0 0 0 0 0 0 0 0 0 0 0 0 0 0 0 0 0 0.969387755102041 0.91156462585034 0 0 0.17687074829932 0.489795918367347 0 0 0 0.69047619047619 0 0 0 0 0 0 0 0 0 0 0 0 0 0 0 0 0 0 0 0 0 0 0 0 0 0 0 0 0 0 0 0 0 0.00680272108843537 0.13265306122449 0 0 0 0 0 0 0 0 0 0 0 0.0272108843537415 0 0 0 0 0 0 0.306122448979592 0 0 0 0 0 0 0 0 0 0 0 0.159863945578231 0 0 0 0 0.054421768707483 0 0 0 0.0442176870748299 0 2.95918367346939 0.537414965986395 0.948979591836735 5.36054421768707 58.3163265306122 166.170068027211 0 223.850340136054 348.598639455782 0 95.2959183673469 0 0 2.3265306122449 0 0.54421768707483 12.5374149659864 134.993197278912 184.714285714286 0 0 0 0 172.887755102041 938.62925170068 3.87755102040816 97.8639455782313 0 0 0 0 0 0 0 0.149659863945578 0 0 0 0 1.92176870748299 0 0.874149659863946 0 0.336734693877551 0 0 0 0 0 0 0 0 0 0 0 0 0 0 0 0 0 0 0 0 0 0 0 0 0 0 0 0 0 0 0 0 0 0 0 0 0 0 0 0 0 0 0 0 0 0 0 0 0 0 0 0 0 0 0 0 0 0 0 0 0 0 0 0 0 0 0 0 0 0 0 0 0 0 0 0 0 0 0 0 0 0 0 0 0 0 0 0 0 0 0 0 0 0 0 0 0 0 0 0 0 0 0 0 0 0 0 0 0 0 0 0 0 0 0 0 0 0 0 0 0 0 0 0 0 0 0 0 0 0 0 0 0 0 0 0 0 0 0 0 0 0 0 0 0 0 0 0 0 0 0 0 0 0 0 0 0 0 0 0 0 0 0 0 0 0 0 0 0 0 0 0 0 0 0 0 0 0 0 0 0 0 0 0
337.571428571429 0 0 810.78231292517 673.204081632653 0.197278911564626 0 0 0 0 0 0 135.952380952381 182.119047619048 115.044217687075 24.0850340136054 2.69047619047619 0 3.90136054421769 0.465986394557823 0.0476190476190476 0 0.0306122448979592 0 0 0 0 0 0 0.863945578231292 116.272108843537 0 1.56122448979592 0 0 0 0 0 0 0 0 0 0 0 0 0.258503401360544 0 0 0 0 0 0 0 0 0 0 0 0 0 0 0 0 0 0 0 0 0 0 0 0 0 0 0 0 0.214285714285714 0.0272108843537415 0 0 0 0 0 0 0 0 0 0 0 0 0 0 0 0 0 0 0 0 0 0 0 0 0 0 0.0850340136054422 0 0 0 0.357142857142857 0 0 0 0 0 0 0 0 0 0 6.20068027210884 3.71428571428571 22.312925170068 168.69387755102 1.56122448979592 0 0.0238095238095238 0.204081632653061 1.68707482993197 0 0.0374149659863946 0 0 0.0578231292517007 0 0 0 0.224489795918367 0 0 0 0 0 0 1903.65986394558 0 0 0 0.153061224489796 0 0 0 0 0 409.727891156463 13.452380952381 0 0 0.710884353741497 0 0 0.625850340136054 2.00680272108844 2.87414965986395 0 0 0 0 0 0.115646258503401 0 0.0102040816326531 0 0 0 0.122448979591837 0 0.180272108843537 0 0 0 0 0 6.43197278911565 0 193.261904761905 11.1904761904762 47.5136054421769 1.21428571428571 0 0 0 0 0 0 177.62925170068 60.3843537414966 150.510204081633 33 13.3061224489796 0 0.404761904761905 0 0 0 0 0 0 0 0.486394557823129 0 3.5578231292517 1.96598639455782 1.63605442176871 0 0.26530612244898 0 0 0 0 0 0 0 0 0 0 0 0 3.03061224489796 0 0 0 1.29931972789116 0 0 0 0 0 0 0 0 0 0 0 0 0 0 0 0 0 0 0 0 0 0 0 0 0 0 0 0 0 0 0 0 0 0 0 0 0 0 0 0 0 0 0 0 0 0 0 0 0 0 0 0 0 0 0 0 0 0 0 0 0 0 0 0 0 0 0 0 0.204081632653061 3.91156462585034 4.3843537414966 0.0476190476190476 0 0 0 0 0 0 0 0 0 0 0 0 0 0 0 0 0 0 0 147.615646258503 0 0 0 0.187074829931973 0 0 0 0 0 218.952380952381 0 0 0 0 0 0 0 0.129251700680272 0.414965986394558 0 0 0 0 0 0 0 0 0 0 0 0 0 0 0 0 0 0 0
13931.4013605442 0 810.78231292517 0 4783.33333333333 363.884353741497 16.7823129251701 3.28571428571429 0.431972789115646 0 0 0 228.486394557823 261.802721088435 39.7414965986395 0.00680272108843537 0 1.48979591836735 0.0986394557823129 0.30952380952381 2.95918367346939 3.22108843537415 0 0 0 0 0 0 0 2.19727891156463 94.4421768707483 0 5.20068027210884 0 0 0 0 0 0 0 0 0.625850340136054 0 0 0.306122448979592 0.183673469387755 1.34353741496599 0.119047619047619 0.272108843537415 0 0.0782312925170068 0.0204081632653061 0.187074829931973 0.105442176870748 0.717687074829932 0 0 0 0 0 0 0 0 0 0 4.06122448979592 0 0 0 0.0646258503401361 0 1.18367346938776 0 0.891156462585034 27.4455782312925 59.7482993197279 88.9727891156463 0 0 0 0 1.04761904761905 0 0 0.312925170068027 0 0.244897959183673 2.08163265306122 12.1632653061224 21.2108843537415 55.1258503401361 2.32312925170068 3.20408163265306 2.93877551020408 0 0 0 0 0 0 0 0 0.231292517006803 0 0 2.77210884353741 0.870748299319728 0.255102040816327 0 0.551020408163265 4.27891156462585 1.18707482993197 0 0 0 0 0 33.2993197278912 138.360544217687 68.1122448979592 936.768707482993 34.921768707483 15.5816326530612 0 0.241496598639456 942.421768707483 23.1904761904762 6.72789115646258 0 0 48.8639455782313 30.0884353741497 1.53741496598639 16.7074829931973 36.9421768707483 3.10204081632653 0 0 0 0 0 250.442176870748 0 0 0 0 0 0 0 0 0 29.030612244898 1370.32993197279 15.4761904761905 10.9115646258503 0 0 0.19047619047619 0 145.234693877551 0 0 41.078231292517 0 0 0 27.4557823129252 0 4.14625850340136 0.914965986394558 7.17006802721088 12.265306122449 0 0 0 15.7108843537415 1.06122448979592 10.1258503401361 0 0 156.768707482993 0 21.2517006802721 187.863945578231 110.874149659864 4.23469387755102 0 0 0 0 0 0 87.4625850340136 44.3843537414966 4.12585034013605 9.39115646258503 0.812925170068027 0 0.0238095238095238 0 0 0 0 0 0 0 0 0 0.442176870748299 0.13265306122449 3.04081632653061 0 0.982993197278912 0 0 0 0 0 0 0 0 0 0 0 0 0.0204081632653061 0 0 0 0 0 0 0 0 0 0 0 0 0 0 0 0 0 0 0 0 0 0 0 0 0 0 0 0 0 0 0.0170068027210884 0 0 0 0 0 0 0 0 0 0 0 0 0 0 0 0 0 0 0 0 0 0 0 0 0 0 0 0 0 0 0 0 0 0 0 0 0 0 0 0 0 0.928571428571429 26.1156462585034 17.2925170068027 0.170068027210884 0 0 0 0.0850340136054422 0 0 0 0 0.0612244897959184 0 0 0 0 0 0 0 0 0 0 16.3673469387755 0 0 0 0 0 0 0 0 0 20.1020408163265 13.7312925170068 0 0 0 0 0 0 2.61224489795918 0.0340136054421769 0 0.238095238095238 0 0 0 0 0 0 0 0 0 0 0 0 0 0 0 0 0
2641.78571428571 0 673.204081632653 4783.33333333333 0 2282.49319727891 55.3979591836735 0 0 0 0 0 841.43537414966 176.309523809524 3.21768707482993 3.27210884353741 0 1.24489795918367 4.88095238095238 22.2482993197279 35.8639455782313 60.734693877551 0 0 0 0 0 0 0 0 17.2074829931973 0 0 0 0 0 0 0 0 0 0 0.353741496598639 0 0 1.25170068027211 0 0.129251700680272 0 0 0 0 0 0 0 0 0 0 0 0 0 0 0 0 0 0 0.0714285714285714 0 0 0 0 0 0.0170068027210884 0 0.336734693877551 11.343537414966 12.343537414966 26.1360544217687 0 0 0 0 0.268707482993197 0 0 0 0 0 1.35034013605442 3.79251700680272 15.9863945578231 24.2278911564626 0.897959183673469 1.68027210884354 0.523809523809524 0 0 0 0 0 0 0 0 0.13265306122449 0 0 0.207482993197279 0.0714285714285714 0.299319727891156 0 0.244897959183673 1.73809523809524 0.0374149659863946 0 0 0 0 0 0.557823129251701 9.94557823129252 53.7210884353741 198.445578231293 10.0374149659864 4.79251700680272 0 0.0272108843537415 22.5170068027211 34.734693877551 4.10544217687075 0 0 34.1190476190476 9.90136054421769 0 6.28231292517007 47.0068027210884 1.84353741496599 0 0.149659863945578 0 0 0 246.880952380952 1.68707482993197 0 0 0 0 0 0 0 0 14.0918367346939 358.397959183673 48.8027210884354 2.67687074829932 0.36734693877551 0 18.6938775510204 0.122448979591837 298.272108843537 1.21768707482993 0 29.5 0 0.785714285714286 0 9.23809523809524 0 2.71428571428571 0.67687074829932 1.28571428571429 22.3061224489796 0 0 0 4.77210884353742 0.149659863945578 4.05442176870748 0 0 49.2721088435374 0 213.571428571429 76.156462585034 192.105442176871 1.85374149659864 0 0 0 0 0 0 322.942176870748 62.8061224489796 26.6156462585034 45.7176870748299 6.97619047619048 0 0.108843537414966 0 0 0 0 0 0 0 0 0 0.72108843537415 0.523809523809524 2.7108843537415 0 0.0646258503401361 0 0 0 0 0 0 0 0 0 0 0 0 0.775510204081633 0 0 0 0.173469387755102 0 0 0 0 0 0 0 0 0 0 0 0 0 0 0 0 0 0 0 0 0 0 0 0 0.0102040816326531 0.0102040816326531 0 0 0 0 0 0 0 0 0 0 0 0 0 0 0 0 0 0 0 0 0 0 0 0 0 0 0 0 0 0 0 0 0 0 0 0 0 0 0 0 0 0 1.45238095238095 19.8367346938776 18.2414965986395 0.170068027210884 0 0 0 0 0 0 0 0 0 0 0 0 0 0 0 0 0 0 0 74.3231292517007 0 0 0 0 0 0 0 0 0 129.69387755102 3.79591836734694 0.166666666666667 0 0 0 0.119047619047619 0 0.125850340136054 0 0 0 0 0 0 0 0 0 0 0 0 0 0 0 0 0 0 0 0
200.921768707483 0 0.197278911564626 363.884353741497 2282.49319727891 0 522.462585034014 0 0 0 0 0 276.731292517007 3.85034013605442 0 19.5442176870748 0.962585034013605 35.030612244898 241.442176870748 1183.98639455782 745.544217687075 498.721088435374 5.27210884353742 0 0 0 0 0 0 0 0 0 0 0 0 0 0 0 0 0 0 0 0 0 0 0 0 0 0 0 0 0 0 0 0 0 0 0 0 0 0 0 0 0 0 0 0 0 0 0 0 0 0 0.0238095238095238 4.59523809523809 9.14965986394558 16.8197278911565 0 0 0 0 1.96598639455782 0 0 0 0 0.0408163265306122 2.47619047619048 2.60204081632653 9.43877551020408 13.5034013605442 1.24829931972789 1.74829931972789 0.166666666666667 0 0 0 0 0 0 0 0 0.0952380952380952 0 0 0.0714285714285714 0.187074829931973 0 0 0.86734693877551 2.82993197278912 0.129251700680272 0 0 0 0 0 0.166666666666667 5.09183673469388 20.0748299319728 1.25850340136054 6.46938775510204 6.03401360544218 0 0 2.06122448979592 53.9115646258503 4.28571428571429 0 0 41.0408163265306 13 0.248299319727891 7.77891156462585 35.5986394557823 5.67687074829932 0 2.15986394557823 0 0 1.10544217687075 0.163265306122449 15.1632653061224 0 0 10.9727891156463 0 0 0 0 0 3.54761904761905 18.9183673469388 273.465986394558 0.156462585034014 87.9455782312925 4.13605442176871 532.414965986395 128.850340136054 322.465986394558 0 0 51.0748299319728 0 0 0 1.81632653061224 0 0.571428571428571 0.142857142857143 0.615646258503401 25.6802721088435 0 0 0 1.5952380952381 0 0.914965986394558 0 0 3.87074829931973 0 2.54761904761905 3.5952380952381 11.1156462585034 2.22108843537415 0 0 0 0 0 0 8.09183673469388 0.122448979591837 1.16666666666667 2.07823129251701 1.17687074829932 0 0.0204081632653061 0 0 0 0 0 0 0 0 0 0 0 0 0 0 0 0 0 0 0 0 0 0 0 0 0 0 0 0 0 0 0 0 0 0 0 0 0 0 0 0 0 0 0 0 0 0 0 0 0 0 0 0 0 0 0 0 0 0 0 0 0 0 0 0 0 0 0 0 0 0 0 0 0 0 0 0 0 0 0 0 0 0 0 0 0 0 0 0 0 0 0 0 0 0 0 0 0 0 0 0 1.03061224489796 0.860544217687075 0 0 0 0 0 0 0 0 0 0 0 0 0 0 0 0 0 0 0 0 0.537414965986395 0 0 0 0 0 0 0 0 0 2.28231292517007 0.0340136054421769 0 0 0 0 0 0 0.0816326530612245 0 0 0 0 0 0 0 0 0 0 0 0 0 0 0 0 0 0 0 0
2.13945578231292 0 0 16.7823129251701 55.3979591836735 522.462585034014 0 0 0 0 0 0 7.92857142857143 0 0 0.921768707482993 0 232.19387755102 3.2108843537415 0.329931972789116 8.77210884353742 166.673469387755 0.0884353741496599 0 0 0 0 0 0 0 0 0 0 0 0 0 0 0 0 0 0 0 0 0 0 0 0 0 0 0 0 0 0 0 0 0 0 0 0 0 0 0 0 0 0 0 0 0 0 0 0 0 0 0 0.982993197278912 2.70068027210884 1.54421768707483 0 0 0 0 0.054421768707483 0 0 0 0 0 0.350340136054422 0.125850340136054 2.23469387755102 0.748299319727891 0 0.285714285714286 0 0 0 0 0 0 0 0 0 0 0 0 0 0.0136054421768707 0 0 0.054421768707483 0 0 0 0 0 0 0 0 0 0.673469387755102 0 1.59863945578231 0.187074829931973 0 0 0.108843537414966 46.8605442176871 0.370748299319728 0 0 3.75510204081633 1.23469387755102 0 1.12585034013605 17.7040816326531 0.986394557823129 0 14.0918367346939 0 0 0 0 3.94897959183673 0 0 1.7687074829932 0 0 0 0 0 0.496598639455782 0 333.299319727891 0.0714285714285714 0.942176870748299 0 8.40136054421769 0.404761904761905 10.2823129251701 0 0 634.06462585034 0 0 0 1.06462585034014 0 0 0 0.0476190476190476 3.0578231292517 0 0 0.00680272108843537 0.748299319727891 0 0.19047619047619 0 0 0 0 0 0 0 0 0 0 0 0 0 0 0 0 0 0 0 0 0 0 0 0 0 0 0 0 0 0 0 0 0 0 0 0 0 0 0 0 0 0 0 0 0 0 0 0 0 0 0 0 0 0 0 0 0 0 0 0 0 0 0 0 0 0 0 0 0 0 0 0 0 0 0 0 0 0 0 0 0 0 0 0 0 0 0 0 0 0 0 0 0 0 0 0 0 0 0 0 0 0 0 0 0 0 0 0 0 0 0 0 0 0 0 0 0 0 0 0 0 0 0 0 0 0 0 0 0 0 0 0 0 0 0 0 0 0 0 0 0 0 0 0 0 0 0 0 0 0 0 0 0 0 0 0 0 0 0 0 0 0 0 0 0 0 0 0 0 0 0 0 0 0 0 0 0 0 0 0 0 0
0 0.0646258503401361 0 3.28571428571429 0 0 0 0 2609.10884353741 344.459183673469 9.29591836734694 268.142857142857 0 42.469387755102 0 0 0 0 0 0 0 0 1.83333333333333 0 29.4387755102041 0 0 11.0340136054422 0 0 0 0 0 0 0 287.520408163265 119.006802721088 8.88775510204082 9.52040816326531 562.241496598639 0.197278911564626 3.09863945578231 15.3639455782313 6.17006802721088 1.15646258503401 0 37.8503401360544 0.687074829931973 0 0 2172.42176870748 237.377551020408 2535.33673469388 1228.32653061224 750.044217687075 273.955782312925 0 0 0 0 0 0 0 0 0 0 31.969387755102 0 0 0 0 0 34.9319727891156 5.48299319727891 0.0306122448979592 0.210884353741497 0.0170068027210884 10.7891156462585 0.571428571428571 2.24829931972789 0.547619047619048 0.506802721088435 0.925170068027211 0 0 0 0 0 0 0 0 0 0 0 2.38775510204082 2.94557823129252 37.9149659863946 0.0408163265306122 30.1632653061224 8.06122448979592 0.897959183673469 0 0.602040816326531 0.377551020408163 2.41156462585034 0.945578231292517 0.353741496598639 1.92176870748299 0.00680272108843537 0 0 0.0850340136054422 2.29591836734694 0 0 33.6632653061224 27.4591836734694 0.768707482993197 7.28571428571429 209.190476190476 0 0 0.0476190476190476 0.547619047619048 5.00680272108844 4.2891156462585 0 0.918367346938776 15.7006802721088 32.5714285714286 1 3.74149659863946 413.360544217687 37.2176870748299 0.0306122448979592 5.10204081632653 237.040816326531 16.9455782312925 8.61904761904762 3.73809523809524 0.0952380952380952 0 1.11224489795918 98.4795918367347 9.84353741496599 0.0170068027210884 30.3265306122449 659.255102040816 602.734693877551 13.1292517006803 114.051020408163 0 0.119047619047619 0 0 0 37.7414965986395 0 0 0 0 0 0 0 0 0.0816326530612245 0.986394557823129 0 0 0 0 0.316326530612245 0 1.04421768707483 3.29931972789116 3.8843537414966 58.2619047619048 3.01360544217687 0 0 0 0 0 0 0 0 0 2321.73129251701 30.7074829931973 0 0 0 0 64.7108843537415 0 0 0 0 0 0 0 0 0 0 0 5.67006802721088 3.48299319727891 0 0 0.0476190476190476 0 0 0 0 0 204.897959183673 32.3095238095238 3.82312925170068 33.608843537415 271.914965986395 1.72448979591837 1.29591836734694 35.0068027210884 41.9455782312925 1.31972789115646 0 0 0 0 0 21.9897959183673 3.31292517006803 40.4489795918367 1.20408163265306 678.040816326531 0 0 0 0 0 0 0 0 0 0 0 0 0 0 0 0 0 0 0 0 0 0 0 0 0 0 0 0 0 0 0 0 0 0 0 0 0 0 0 0 0 0.200680272108844 0.119047619047619 0 0 0 0 0 0 0 0 0 0 0 0 0 0 0 0 0 0 0 0.0102040816326531 0 0.993197278911565 0 0 0 0 0 0 0 0 0 0 0 0 0 0 0 0 0 0 0 0 0 0 0 0 0 0 0 0 0 0 0 0 0 0 0 0 0 0 0 0 0 0 0 0 0 0 0 0 0 0 0 0 0 0 0 0 0 0 0 0
0 0 0 0.431972789115646 0 0 0 2609.10884353741 0 37.3027210884354 1.66326530612245 103.190476190476 0 4.80272108843537 0 0 0 0 0 0 0 0 0 0 0 0 0 0 0 0 0 0 0 0 0 930.333333333333 51.5340136054422 0.680272108843537 145.333333333333 10.0748299319728 0 26.2891156462585 0 0.0272108843537415 3.57482993197279 0 10.734693877551 0.340136054421769 1.82993197278912 0 1630.37414965986 267.469387755102 2294.18707482993 213.43537414966 8.25170068027211 43.0272108843537 0 0 0 0 0 0 0 0 0 0 7.92857142857143 0 0 0.0238095238095238 0 0 1.51360544217687 0.0170068027210884 0.0204081632653061 0 0 2.43197278911565 0 0 0 0 0 0 0 0 0 0 0 0 0 0 0 0 0.119047619047619 0 3.03401360544218 0 3.22789115646259 13.0374149659864 1.37074829931973 0 0 0 0 0.241496598639456 0 0.0816326530612245 0.204081632653061 0 0 0 0 0 0 7.91156462585034 3.5952380952381 1.49319727891156 13.3571428571429 142.901360544218 0 0 0 0 0 1.23469387755102 0 0 0 0 0 0 3.17687074829932 0.227891156462585 0 1.30952380952381 6.80272108843537 0.289115646258503 0 0.102040816326531 0 0 0.503401360544218 8.70408163265306 0.32312925170068 0 10.3163265306122 35.8061224489796 59.8571428571429 0.860544217687075 5.27891156462585 0 0 0 0 0 0.561224489795918 0 0 0 0 0 0 0 0 0.744897959183674 0.163265306122449 1.07482993197279 0 0 0 0 0 0 0 0 0.207482993197279 0 0 0 0 0 0 0 0 0 0 65.3231292517007 72.1428571428571 0 0 0 0 6.00340136054422 0 0 0 0 0 0 0 0 0 0 0 0 4.2312925170068 0 0 0 0 0 0 0 0 88.687074829932 31.5816326530612 2.35374149659864 116.636054421769 15.9251700680272 0 12.952380952381 0 0 2.98299319727891 0 0 0 0 0 67.8503401360544 15.1224489795918 32.5 0.598639455782313 1.77891156462585 0 0 0 0 0 0 0 0 0 0 0 0 0 0 0 0 0 0 0 0 0 0 0 0 0 0 0 0 0 0 0 0 0 0 0 0 0 0 0 0 0 0 0 0 0 0 0 0 0 0 0 0 0 0 0 0 0 0 0 0 0 0 0 0 0.0578231292517007 0 0 0 0 0 0 0 0 0 0 0 0 0 0 0 0 0 0 0 0 0 0 0 0 0 0 0 0 0 0 0 0 0 0 0 0 0 0 0 0 0 0 0 0 0 0.00680272108843537 0 0 0 0 0 0 0 0 0 0 0 0 0 0
0 0 0 0 0 0 0 344.459183673469 37.3027210884354 0 3.50680272108844 508.673469387755 0 0 0 0 0 0 0 0 0 0 0 0 0 0 0 0 0 0 0 0 0 0 0 0 0 0 0 0 0 0 0 54.1904761904762 0 0 4.58163265306122 0 0 0 145.180272108844 35.2619047619048 23.0068027210884 1574.59523809524 32.2244897959184 0.45578231292517 0 0 0 0 0 0 0 0 0 0 504.326530612245 0 0 0 0 0 34.5102040816327 6.79591836734694 0 0 0 1.52721088435374 0 0 0 0 0 0 0 0 0 0 0 0 0 0 0 0 0.0986394557823129 1112.24149659864 654.948979591837 0 0 0 0 0 0 0 0 0 0 0.863945578231292 0 0 0 0 0 0.19047619047619 0 0.0680272108843537 0.0646258503401361 0 0 0.357142857142857 0 0 0 0 0 0 0 0 0 0 0 0 0.438775510204082 0.0714285714285714 0 0.0646258503401361 8.24149659863946 1.6530612244898 0 0 0 0 0 7.79931972789116 0.602040816326531 0 0 3.38775510204082 37.656462585034 0.54421768707483 11.7517006802721 0 0 0 0 0 8.41496598639456 0 0 0 0 0 0 0 0 0 0 0 0 0 0 0 0 0 0 0 0 0 0 0 0 0 0 0 0 0 0 0 0 0 0 0 0 0 0 0 0 0 0 0 0 0 0 0 0 0 0 0 0 0 0 0 0 0 0 0 0 0 0 0 0 0 0 0 0 0 0 0 0 0 0 0 0 0.986394557823129 0 0 0 0 0 0 0 0 0 0 0 0 0 0 0 0 0 0 0 0 0 0 0 0 0 0 0 0 0 0 0 0 0 0 0 0 0 0 0 0 0 0 0 0 0 0 0 0 0 0 0 0 0 0 0 0 0 0 0 0 0 0 0 0 0 0 0 0 0 0 0 0 0 0 0 0 0 0 0 0 0 0 0 0 0 0 0 0 0 0 0 0 0 0 0 0 0 0 0 0 0 0 0 0 0 0 0 0 0 0 0 0 0 0 0 0 0 0 0 0 0 0 0 0 0 0
0 0 0 0 0 0 0 9.29591836734694 1.66326530612245 3.50680272108844 0 240.809523809524 0 0 0 0 0 0 0 0 0 0 0 0 0 0 0 0 0 0 0 0 0 0 0 0 0 0 0 0 0 0 0 43.7551020408163 0 0 0.761904761904762 0 0 0 10.0374149659864 3.19387755102041 0.816326530612245 14.2176870748299 1.12585034013605 55.8809523809524 0 0 0 0 0 0 0 0 0 0 260.823129251701 0 0 0 0 0 1154.9387755102 41.0646258503401 0 0 0 56.7142857142857 216.244897959184 357.833333333333 56.8775510204082 2.06122448979592 42.8741496598639 0 0 0 0 0 0 0 0 0 0 0 0.0646258503401361 23.0102040816327 7.58163265306122 0 0.0714285714285714 0 0 0 0 0 0 0 0 1.56802721088435 0 0 0 0 0 0 0 0 0 0 0 0 0 0 0 0 0 0 0 0.0170068027210884 0 0 0 0 7.1530612244898 0 0 0 4.73469387755102 0.0102040816326531 0 0 0 0 0 0.697278911564626 0.119047619047619 0 0 0.180272108843537 19.9931972789116 0 1.05102040816327 0 0 0 0 0 0.0510204081632653 0 0 0 0 0 0 0 0 0 0 0 0 0 0 0.0272108843537415 0 0 0 0 0 0 0 0 0 0 0 0 0 0 0 0 0 0 0 0 0 0 0 0 0 0 0 0 0 0 0 0 0 0 0 0 0 0 0 0 0 0 0 0 0 0 0 0 0 0 0 0 0 0 0 0 0 0 0 0 0 0 0 0 0 0 0 0 0 0 0 0 0 0 0 0 0 0 0 0 0 0 0 0 0 0 0 0 0 0 0 0 0 0 0 0 0 0 0 0 0 0 0 0 0 0 0 0 0 0 0 0 0 0 0 0 0 0 0 0 0 0 0 0 0 0 0 0 0 0 0 0 0 0 0 0 0 0 0 0 0 0 0 0 0 0 0 0 0 0 0 0 0 0 0 0 0 0 0 0 0 0 0 0 0 0 0 0 0 0 0 0 0 0 0 0 0 0 0 0 0 0 0 0 0 0 0 0
0 0 0 0 0 0 0 268.142857142857 103.190476190476 508.673469387755 240.809523809524 0 0 0 0 0 0 0 0 0 0 0 0 0 0 0 0 0 0 0 0 0 0 0 0 0 0 0 0 0 0 0 0 102.302721088435 0 0 7.54421768707483 0.421768707482993 0 0 216.482993197279 35.969387755102 19.7006802721088 369.006802721088 30.6122448979592 31.2891156462585 0 0 0 0 0 0 0 0 0 0 1032.8843537415 0 0 0 0 0 1138.55442176871 95.1734693877551 3.83673469387755 0 0 47.9557823129252 66.1190476190476 84.7380952380952 33.1054421768707 0.945578231292517 54.5646258503401 0 0 0 0 0 0 0 0 0 0 0 1.64965986394558 77.4829931972789 111.112244897959 0 0.574829931972789 0 0 0 0 0 0 0 0 5.82312925170068 0 0 0 0 0.795918367346939 0.238095238095238 0 3.60544217687075 3.25850340136054 0 0 0.0714285714285714 0 0 0 0 0 0 0 0 0.23469387755102 0 0 0 21.6122448979592 1.09183673469388 0 2.29251700680272 33.9727891156463 4.64285714285714 0.0136054421768707 0.146258503401361 1 0 0.136054421768707 8.96598639455782 2.04421768707483 0 0 16.4931972789116 117.993197278912 2.05102040816327 37.5102040816327 0 0 0 0 0 6.7108843537415 0 0 0 0 0 0 0 0 0 0 0 0 0 0 0 0 0 0 0 0.316326530612245 0 0 0 0 0 0 0 0 0 0 0 0 0 0 0 0 0 0 0 0 0 0 0 0 0 0 0 0 0.377551020408163 0 0 0 0 0 0 0 0 0 0 0 0 0 0 0 0 0 0.0170068027210884 0 0 0 0 0 0 0 0 0 0.72108843537415 0 0 0 0 0 0 0 0 0 0 0 0 0 0 0 0 0 0 0 0 0 0 0 0 0 0 0 0 0 0 0 0 0 0 0 0 0 0 0 0 0 0 0 0 0 0 0 0 0 0 0 0 0 0 0 0 0 0 0 0 0 0 0 0 0 0 0 0 0 0 0 0 0 0 0 0 0 0 0 0 0 0 0 0 0 0 0 0 0 0 0 0 0 0 0 0 0 0 0 0 0 0 0 0 0 0 0 0 0 0 0 0 0 0 0 0 0 0 0 0 0 0 0 0 0 0
264.908163265306 0 135.952380952381 228.486394557823 841.43537414966 276.731292517007 7.92857142857143 0 0 0 0 0 0 47.4081632653061 0 241.710884353742 3.46258503401361 11 398.455782312925 60.4387755102041 126.666666666667 49.5748299319728 0.76530612244898 0 0 0 0 0 0 0 2.43877551020408 0 0 0 0 0 0 0 0 0 0 0 0 0 0 0 0 0 0 1.79931972789116 0 0 0 0 0 0 0 0 0 0 0 0 0 0 0 0 0 0 0 0 0 0 0 0 0.612244897959184 0.642857142857143 0.513605442176871 0 0 0 0 0.0374149659863946 0 0 0 0 0 0 0.0442176870748299 0 0.19047619047619 0 0 0 0 0 0 0 0 0 0 0 1.35034013605442 0 0 0.159863945578231 2.61904761904762 0 0 0 0 0 0 0 0 0 0 0.0306122448979592 2.26530612244898 8.72108843537415 34.3639455782313 0.0340136054421769 0.969387755102041 2.47278911564626 0.727891156462585 0.792517006802721 0.0714285714285714 2.65986394557823 0.054421768707483 2.22108843537415 0.615646258503401 0 0 0 3.39795918367347 0 0 0.571428571428571 0 0 0 28.4659863945578 12.1836734693878 0 0 1.68367346938776 0 0 0 0 0 83.6598639455782 2.06462585034014 1.15986394557823 0.969387755102041 19.4183673469388 0.870748299319728 48.1666666666667 20.891156462585 1.61224489795918 0 0 0.258503401360544 0 0 0 2.89455782312925 0 0.13265306122449 0.0272108843537415 0.0918367346938776 1.0578231292517 0.054421768707483 0 1.13605442176871 0.0646258503401361 0 0.054421768707483 0 0 33.3877551020408 0 81.656462585034 40.3877551020408 67.891156462585 7.68027210884354 0 0 0 0 0 0 231.418367346939 23.952380952381 34.7721088435374 43.6768707482993 15.891156462585 0 0.602040816326531 0 0 0 0 0 0 0 0 0 1.02040816326531 0.27891156462585 0.418367346938776 0 0 0 0 0 0 0 0 0 0 0 0 0 0 0.908163265306122 0 0 0 0.717687074829932 0 0 0 0 0 0 0 0 0 0 0 0 0 0 0 0 0 0 0 0 0 0 0 0 0 0 0 0 0 0 0 0 0 0 0 0 0 0 0 0 0 0 0 0 0 0 0 0 0 0 0 0 0 0 0 0 0 0 0 0 0 0 0 0 0 0 0 0 0.0782312925170068 5.17687074829932 5.73809523809524 0 0 0 0 0 0 0 0 0 0 0 0 0 0 0 0 0 0 0 0 40.765306122449 0.00680272108843537 0 0 0.0170068027210884 0 0 0 0 0 115.333333333333 0 0 0 0 0 0.670068027210884 0 0 0 0 0 0 0 0 0 0 0 0 0 0 0 0 0 0 0 0 0 0
111.122448979592 0 182.119047619048 261.802721088435 176.309523809524 3.85034013605442 0 42.469387755102 4.80272108843537 0 0 0 47.4081632653061 0 603.496598639456 0.136054421768707 0.482993197278912 0 0 0 0 0 0 0 0 0 282.003401360544 0 67.5102040816327 141.986394557823 623.244897959184 322.789115646258 955.986394557823 978.323129251701 78.8367346938775 26.8095238095238 105.612244897959 66.1360544217687 19.1428571428571 86.6734693877551 10.5 2.16666666666667 9.03741496598639 0.530612244897959 113.921768707483 8.13945578231293 0 0 0.210884353741497 0 1.95918367346939 0.200680272108844 0.704081632653061 1.06122448979592 19.8741496598639 0 36.5170068027211 734.078231292517 9.91496598639456 3.91496598639456 4.64285714285714 5.46938775510204 2.12244897959184 1.38775510204082 1.98299319727891 0 0 0 9.24149659863946 0 0 0.979591836734694 0 0 0 0 0 0 0 0 0 0 0 0 0 0 0 0 0 0 0 0 0 0 0 0 0 0 0 0 0 0 0 0 0 0 0 0 0 0 0 0 0 0 0 0 0 10.3979591836735 168.891156462585 62.7517006802721 558.289115646259 12.2040816326531 0 0.32312925170068 0 62.5952380952381 0.0748299319727891 0 0 0 0.13265306122449 0 0 0 0 0 0 0 0 0 0 498.197278911565 0 0 0 0 0 0 0 0 0 34.7244897959184 11.3945578231293 0.0238095238095238 0 0 0 0 0 0.717687074829932 81.0408163265306 24.1394557823129 0 2.49659863945578 0 0.102040816326531 0.149659863945578 0 0 0 0 0 0 0 0 0 0 0 15.0986394557823 8.67006802721088 34.6530612244898 0 71.7551020408163 41.2108843537415 45.2517006802721 0.819727891156463 0 44.1768707482993 0.472789115646259 0 0 0 50.2517006802721 6353.86394557823 262.649659863946 7.77891156462585 2.43537414965986 0 0 0 0 0 0 0 0 0.976190476190476 93.7040816326531 0 55.765306122449 18.8367346938776 4.12244897959184 13.2040816326531 31.5170068027211 3.1734693877551 0.806122448979592 16.0340136054422 35.608843537415 11.7585034013605 9.37755102040816 36.9727891156463 3.92857142857143 4.38775510204082 14.0918367346939 1.82993197278912 42.5068027210884 5.36054421768707 0 0 0.935374149659864 1.79251700680272 1.22789115646258 0.353741496598639 0.217687074829932 0.863945578231292 18.8979591836735 0 0 89.0374149659864 0 0 0.0272108843537415 0 0 0 0 0 0 0 0.19047619047619 0 0.0170068027210884 0.0238095238095238 0 0 0 0 0 0 0 0 0 0 0 0 0 0 0 0 0 0 0 0 0.0306122448979592 0 0 0 0 0 0 0 0 0 0 0 0 0 0 0 0 0 0 0 0 0 0 0 0 0 9.38095238095238 28.4727891156463 14.4421768707483 0.571428571428571 0 0.210884353741497 0 0.989795918367347 0 0 0 0 0 0 0 0 0 0 0 0 0 0 0 82.3163265306122 0 0 0 0 0 0 0 0 0 52.2142857142857 1.61904761904762 0.0714285714285714 0.115646258503401 0 0 0 0 1.17006802721088 2.56802721088435 1.89455782312925 0 0.0408163265306122 0 0 0 0 0 0 0 0 0 0 0.67687074829932 0 0 0 0 0
0.207482993197279 0 115.044217687075 39.7414965986395 3.21768707482993 0 0 0 0 0 0 0 0 603.496598639456 0 1.93877551020408 14.7482993197279 0 0.486394557823129 0 0 0 0 0 0 0 5.01020408163265 0 365.829931972789 845.180272108843 1188.46258503401 0.442176870748299 25.1394557823129 2.67687074829932 14.8027210884354 0 0 0 0 0 0 0 0 0 9.42517006802721 185.986394557823 0.935374149659864 2.85714285714286 1.15646258503401 21.7517006802721 0 0 0 0 0 0 0.0374149659863946 1.97278911564626 0.513605442176871 0.0510204081632653 0 0.850340136054422 0.397959183673469 0 0 0 0 0 0.537414965986395 0.0102040816326531 0 0 0 0 0.122448979591837 0 0 0 0 0 0 0 0 0 0 0 0 0 0 0 0 0 0 0 0.962585034013605 0 0 0 0 0 0 0 3.25510204081633 0 0 0.054421768707483 0.435374149659864 0 0 0 0 0 0 0 0 0 0 29.1020408163265 138.598639455782 41.6530612244898 35.9863945578231 31.3265306122449 0 4.12925170068027 3.68367346938776 64.5068027210884 0 0.397959183673469 0.251700680272109 0.63265306122449 0 2.9047619047619 3.81972789115646 0 0 0 0 0 0 0 0 1558.68707482993 28.4285714285714 0 42.5340136054422 111.469387755102 0 0 0 0 30.3537414965986 76.0850340136054 0 0 0.163265306122449 0 0 0.639455782312925 0 0 91.5748299319728 2.54421768707483 0 0 0 0 1.8843537414966 0 0 0 0 0 5.09183673469388 7.64285714285714 6.49319727891156 0.187074829931973 0 0 3.36394557823129 0.0918367346938776 0.231292517006803 0 52.7687074829932 0.289115646258503 14.7244897959184 0 0 0 0 0 0 0 22.8809523809524 100.928571428571 1483.62244897959 3.7108843537415 4.37755102040816 0 0 0 0 0 0 0 0 0 71.9557823129252 0 366.074829931973 31.9115646258503 1.10544217687075 0 2.48639455782313 0 0.255102040816327 0 0 0 0 0 0 1.7312925170068 0 0 91.1190476190476 115.302721088435 0 1.25170068027211 25.8095238095238 16.7142857142857 0 0 0 0 0 0 0 0 0 0 0 0 0 0 0 0 0 0 0 0 0 0 0 0 0 0 0.112244897959184 0 0 0 0 0 0 0 0 0 0.0238095238095238 0 0 0 0 0 0 0 0 0 0 0 0 0 0 0 0 0 0 0.0748299319727891 0 0 0 0 0 0 0 0 0 0 0 0 0.363945578231293 0.0612244897959184 0.159863945578231 0 0 0.857142857142857 0.187074829931973 0.102040816326531 0 0 0 0 0 0 0 0 0 0 0 0 0 0 0 202.942176870748 0.173469387755102 0 0.268707482993197 1.35374149659864 0 0 0 0 0.122448979591837 77.6190476190476 0 0 0 0 0 2.60204081632653 0 0 3.02380952380952 0 0 0 0 0 0.17687074829932 0 0 0.00680272108843537 0 0 0 0.319727891156463 0.806122448979592 0 0 0 0 0
0.465986394557823 0.370748299319728 24.0850340136054 0.00680272108843537 3.27210884353741 19.5442176870748 0.921768707482993 0 0 0 0 0 241.710884353742 0.136054421768707 1.93877551020408 0 388.69387755102 7.10544217687075 1040.15306122449 11.9625850340136 13.8163265306122 5.45578231292517 0.748299319727891 0 0 0 0 0 0 0 0 0 0 0 0 0 0 0 0 0 0 0 0 0 0 0 0 0 4.20068027210884 0.391156462585034 0 0 0 0 0 0 0 0 0 0 0 0 0 0 0 0 0 0 0 0 0 0 0 0 0.0646258503401361 0.275510204081633 0.0204081632653061 0 0 0 0 0 0 0 0 0 0 0 0 0 0 0 0 0 0 0 0 0 0 0 0 0 0.102040816326531 0 0 0 0.0374149659863946 0 0 0 0 0 0 0 0 0 0 0 1.7312925170068 0.428571428571429 0 0.0272108843537415 0 0.363945578231293 0.0714285714285714 0.108843537414966 0.112244897959184 0.0442176870748299 0 0.0272108843537415 0 0 0 0.0136054421768707 1.03741496598639 0 0 3.6156462585034 0 0 0 18.6326530612245 25.3775510204082 0 0 127.812925170068 0 0 0 0 0 344.785714285714 0 0.493197278911565 0 9.30272108843537 6.68707482993197 69.8367346938775 24.9047619047619 0 0 0 0.551020408163265 0 0 0 0.30952380952381 0 0 0 0 0 0.0680272108843537 1.3265306122449 0.275510204081633 0 0 0 0 0 2.13945578231292 0 2 0.486394557823129 0.445578231292517 0.0476190476190476 0 0 0 0 0 0 4.21428571428571 2.87074829931973 1.48639455782313 0.482993197278912 1.43877551020408 0 0.0340136054421769 0 0 0 0 0 0 0 0 0 0 0 0 0 0 0 0 0 0 0 0 0 0 0 0 0 0 0 0 0 0 0 0 0 0 0 0 0 0 0 0 0 0 0 0 0 0 0 0 0 0 0 0 0 0 0 0 0 0 0 0 0 0 0 0 0 0 0 0 0 0 0 0 0 0 0 0 0 0 0 0 0 0 0 0 0 0 0 0 0 0 0 0 0 0 0 0 0 0 0 0 0 0 0 0 0 0 0 0 0 0 0 0 0 0 0 0 0 0 0 0 0 0 4.27210884353742 0 0 0 0 0 0 0 0 0 4.89795918367347 0 0 0 0 0 0 0 0 0 0 0 0 0 0 0 0 0 0 0 0 0 0 0 0 0 0 0 0
0 0 2.69047619047619 0 0 0.962585034013605 0 0 0 0 0 0 3.46258503401361 0.482993197278912 14.7482993197279 388.69387755102 0 3.41156462585034 112.136054421769 1.26530612244898 3.60884353741497 0.625850340136054 4.24149659863946 0 0 0 0 0 0.333333333333333 0 0.255102040816327 0 0 0 0 0 0 0 0 0 0 1.59183673469388 0 0 1.13265306122449 79.9115646258503 0 1.30272108843537 9.81632653061224 455.448979591837 0 0 0 0 0 0 0 0 0 0 0 0 0 0 0 0 0 0 0 0 0 0 0 0 0 0 0 0 0 0 0 0 0 0 0 0 0 0 0 0 0 0 0 0 2.88095238095238 0 0 0 0 0 0 0 0.146258503401361 0 0 0.119047619047619 0.465986394557823 0 0 0 0 0 0 0 0 0 0 0.0714285714285714 0.642857142857143 0.119047619047619 0 0 0 0.241496598639456 0.0612244897959184 0 0 0.0816326530612245 0.0748299319727891 0 0 0 0 0 0.642857142857143 0.0136054421768707 0 1.3843537414966 0 0 0 339.707482993197 87.3945578231292 0 66.843537414966 787.248299319728 0 0 0 0 16.530612244898 381.125850340136 0 0 0 6.03061224489796 0.139455782312925 23.891156462585 5.19047619047619 0 0 0 0 0 0 0 0.139455782312925 0 0 0 0 0 1.72108843537415 0 0.32312925170068 0.0102040816326531 0 0 0 0 0.639455782312925 0 0.459183673469388 0 0.224489795918367 0 0 0 0 0 0 0 6.45578231292517 0.840136054421769 18.3673469387755 0.204081632653061 1.69047619047619 0 0.23469387755102 0 0 0 0 0 0 0 0 0 0 0 0 0 0 0 0 0 0 0 0 0 0 0 0 0 0 0 0 0 0 0 0 0 0 0 0 0 0 0 0 0 0 0 0 0 0 0 0 0 0 0 0 0 0 0 0 0 0 0 0 0 0 0 0 0 0 0 0 0 0 0 0 0 0 0 0 0 0 0 0 0 0 0 0 0 0 0 0 0 0 0 0 0 0 0 0 0 0 0 0 0 0 0 0 0 0 0 0 0 0 0 0 0 0 0 0 0 0 0 0 0 0 2.51700680272109 0 0 0 0 0 0 0 0 0 0.819727891156463 0 0 0 0 0 0 0 0 0 0 0 0 0 0 0 0 0 0 0 0 0 0 0 0 0 0 0 0
0.306122448979592 7.62925170068027 0 1.48979591836735 1.24489795918367 35.030612244898 232.19387755102 0 0 0 0 0 11 0 0 7.10544217687075 3.41156462585034 0 6.07823129251701 1.80272108843537 113.996598639456 245.622448979592 27.4489795918367 0 0 0 0 0 0 0 0 0 0 0 0 0 0 0 0 0 0 0 0 0 0 0 0 0 0 0 0 0 0 0 0 0 0 0 0 0 0 0 0 0 0 0 0 0 0 0 0 0 0 0 0.119047619047619 0.986394557823129 0.942176870748299 0 0 0 0 0 0 0 0 0 0 0 0 1.10884353741497 1.34013605442177 0 0.551020408163265 0 0 0 0 0 0 0 0 0 0 0 0 0 0 0 0 0.00680272108843537 0 0 0 0 0 0 0 0 0 1.41156462585034 0 8.59183673469388 0 0 0 0 91.8095238095238 0 0 0 10.8163265306122 2.75510204081633 1.53061224489796 1.02040816326531 782.561224489796 638.340136054422 2.46258503401361 1317.77210884354 0 0 1.69727891156463 0.554421768707483 8.04421768707483 0 0 2.46258503401361 0 0 0 2.99659863945578 11.8639455782313 8.05102040816327 0 33.1904761904762 0.894557823129252 77.6530612244898 71.8537414965986 12.9285714285714 13.9659863945578 3.43197278911565 0 0 997.28231292517 0 0 0 0.197278911564626 0 0.0306122448979592 0 0 9.32993197278912 0 0 0.0408163265306122 0.054421768707483 0 0 0 0 0 0 0 0 0 0 0 0 0 0 0 0 0 0 0 0 0 0 0 0 0 0 0 0 0 0 0 0 0 0 0 0 0 0 0 0 0 0 0 0 0 0 0 0 0 0 0 0 0 0 0 0 0 0 0 0 0 0 0 0 0 0 0 0 0 0 0 0 0 0 0 0 0 0 0 0 0 0 0 0 0 0 0 0 0 0 0 0 0 0 0 0 0 0 0 0 0 0 0 0 0 0 0 0 0 0 0 0 0 0 0 0 0 0 0 0 0 0 0 0 0 0 0 0 0 0 0 0 0 0 0 0 0 0 0 0 0 0 0 0 0 0 0 0 0 0 0 0 0 0 0 0 0 0 0 0 0 0 0 0 0 0 0 0 0 0 0 0 0 0 0 0 0 0 0 0 0 0 0 0
3.53741496598639 1.82312925170068 3.90136054421769 0.0986394557823129 4.88095238095238 241.442176870748 3.2108843537415 0 0 0 0 0 398.455782312925 0 0.486394557823129 1040.15306122449 112.136054421769 6.07823129251701 0 45.4115646258503 32.6156462585034 13.234693877551 2.96598639455782 0 0 0 0 0 0 0 0 0 0 0 0 0 0 0 0 0 0 0 0 0 0 1.48299319727891 0 0 3.00340136054422 15.5442176870748 0 0 0 0 0 0 0 0 0 0 0 0 0 0 0 0 0 0 0 0 0 0 0 0 0.0918367346938776 0.363945578231293 0.0272108843537415 0 0 0 0 0 0 0 0 0 0 0 0 0 0 0 0 0 0 0 0 0 0 0 0 0 0.602040816326531 0 0 0 0.054421768707483 0 0 0 0 0 0 0 0 0 0 0 0.710884353741497 0.479591836734694 0 0 0 0.0510204081632653 0.557823129251701 0 0.0272108843537415 1.23809523809524 0.156462585034014 0.0986394557823129 0.0136054421768707 0.0238095238095238 0 0 1.11224489795918 0 0 1.43537414965986 0 0 0.799319727891156 8.19387755102041 68.3163265306122 0 0.340136054421769 504.159863945578 0 0 0 0 0 108.316326530612 0 2.49319727891156 0 13.8299319727891 7.05102040816327 622.962585034014 43.8673469387755 0 0 0 4.7108843537415 0 0 0 1.46258503401361 0 0 0 0.0748299319727891 0.0306122448979592 0.204081632653061 0.0748299319727891 1.44897959183673 1.60204081632653 0 0.139455782312925 0 0 0.183673469387755 0 0.166666666666667 0.755102040816326 0.319727891156463 0 0 0 0 0 0 0 0.326530612244898 0 0.0714285714285714 0.357142857142857 0 0 0 0 0 0 0 0 0 0 0 0 0 0 0 0 0 0 0 0 0 0 0 0 0 0 0 0 0 0 0 0 0 0 0 0 0 0 0 0 0 0 0 0 0 0 0 0 0 0 0 0 0 0 0 0 0 0 0 0 0 0 0 0 0 0 0 0 0 0 0 0 0 0 0 0 0 0 0 0 0 0 0 0 0 0 0 0 0 0 0 0 0 0 0 0 0 0 0 0 0 0 0 0 0 0 0 0 0 0 0 0 0 0 0 0 0 0 0 0 0 0 0 0 0 0.0612244897959184 0 0 0 0 0 0 0 0 0 1.40816326530612 0 0 0 0 0 0 0 0 0 0 0 0 0 0 0 0 0 0 0 0 0 0 0 0 0 0 0 0
0.146258503401361 1.65646258503401 0.465986394557823 0.30952380952381 22.2482993197279 1183.98639455782 0.329931972789116 0 0 0 0 0 60.4387755102041 0 0 11.9625850340136 1.26530612244898 1.80272108843537 45.4115646258503 0 218.122448979592 18.8877551020408 10.0204081632653 0 0 0 0 0 0 0 0 0 0 0 0 0 0 0 0 0 0 0 0 0 0 0 0 0 0 0 0 0 0 0 0 0 0 0 0 0 0 0 0 0 0 0 0 0 0 0 0 0 0 0 0.125850340136054 0.156462585034014 0.0374149659863946 0 0 0 0 0 0 0 0 0 0 0 0 0.350340136054422 1.17687074829932 0 0 0 0 0 0 0 0 0 0 0 0 0 0 0 0 0 0 0 0 0 0 0 0 0 0 0 0 0 0 0 0 0 0 0 0.0102040816326531 0 0 0 0.0306122448979592 0.0238095238095238 0 0 1.48639455782313 0.23469387755102 0 0.863945578231292 0 0 0.159863945578231 0 67.4285714285714 0 0 9.13945578231293 0 0 0 0 0 2.66326530612245 0 0 0 68.6972789115646 3.42176870748299 1465.08843537415 228.724489795918 0 0 0 0 0 0 0 0 0 0.00680272108843537 0 0 0.27891156462585 0 0 0 0 0 0 0 0 0 0 0 0 0 0 0 0 0 0 0 0 0 0 0 0 0 0 0 0 0 0 0 0 0 0 0 0 0 0 0 0 0 0 0 0 0 0 0 0 0 0 0 0 0 0 0 0 0 0 0 0 0 0 0 0 0 0 0 0 0 0 0 0 0 0 0 0 0 0 0 0 0 0 0 0 0 0 0 0 0 0 0 0 0 0 0 0 0 0 0 0 0 0 0 0 0 0 0 0 0 0 0 0 0 0 0 0 0 0 0 0 0 0 0 0 0 0 0 0 0 0 0 0 0 0 0 0 0 0 0 0 0 0 0 0 0 0 0 0 0 0 0 0 0 0 0 0 0 0 0 0 0 0 0 0 0 0 0 0 0 0 0 0 0 0 0 0 0 0 0 0 0 0 0 0 0 0 0 0
0.00680272108843537 27.5816326530612 0.0476190476190476 2.95918367346939 35.8639455782313 745.544217687075 8.77210884353742 0 0 0 0 0 126.666666666667 0 0 13.8163265306122 3.60884353741497 113.996598639456 32.6156462585034 218.122448979592 0 242.387755102041 32.5612244897959 0 0 0 0 0 0 0 0 0 0 0 0 0 0 0 0 0 0 0 0 0 0 0 0 0.758503401360544 0 0.63265306122449 0 0 0 0 0 0 0 0 0 0 0 0 0 0 0 0 0 0 0 0 0 0 0 0 0.479591836734694 1.01700680272109 2.3469387755102 0 0 0 0 0 0 0 0 0 0 0 0 0.27891156462585 4.88095238095238 0 0 0.0476190476190476 0 0 0 0 0 0 0 0 0 0 0 0.0884353741496599 0 0 0 1.87755102040816 0.0238095238095238 0.0340136054421769 0 0 0 0 0 0 0 0.207482993197279 0 0.295918367346939 0.0952380952380952 0 0.0306122448979592 0 9.51020408163265 1.35374149659864 0 0 8.3469387755102 5.24149659863946 0.0340136054421769 2.89115646258503 31.3945578231293 3.32993197278912 0 233.210884353742 0 0 5.06122448979592 0.540816326530612 52.7142857142857 0 0 8.41836734693878 0 0 0 0 0.129251700680272 9.6734693877551 0 2.45238095238095 0 281.853741496599 45.7585034013605 292.710884353742 107.969387755102 0.159863945578231 0 0 25.8877551020408 0 0 0 3.16666666666667 0 0.306122448979592 0 0.0918367346938776 3.81972789115646 0 0 0.0714285714285714 3.47278911564626 0 1.41496598639456 0 0 0 0 0 0.0952380952380952 0 0.159863945578231 0 0 0 0 0 0 1.68027210884354 0 0 0 0 0 0 0 0 0 0 0 0 0 0 0 0 0 0 0 0 0 0 0 0 0 0 0 0 0 0 0 0 0 0 0 0 0 0 0 0 0 0 0 0 0 0 0 0 0 0 0 0 0 0 0 0 0 0 0 0 0 0 0 0 0 0 0 0 0 0 0 0 0 0 0 0 0 0 0 0 0 0 0 0 0 0 0 0 0 0 0 0 0 0 0 0 0 0 0 0 0 0 0 0 0 0 0 0 0 0 0 0 0 0 0 0 0 0 0 0 0 0 0 0 0 0 0 0 0 0 0 0 0 0 0 0 0 0 0 0 0 0 0 0 0 0 0 0 0 0 0 0 0 0 0 0 0 0 0 0 0 0 0 0 0 0 0
