0 5.43537414965986 290.959183673469 8059.34353741497 2633.74829931973 261.472789115646 3.08843537414966 0 0 0 0 0 320.350340136054 158.013605442177 0.210884353741497 0.241496598639456 0 0.285714285714286 7.48299319727891 0.935374149659864 0.0102040816326531 1.19727891156463 0 0 0 0 0 0 0 0.0442176870748299 12.4761904761905 0 0 0 0 0 0 0 0 0 0 0 0 0 0 0 0 0 0 0 0 0 0 0 0 0 0 0 0 0 0 0 0 0 0 2.75850340136054 0 0 0 0.319727891156463 0.636054421768708 0.248299319727891 0 0.119047619047619 112.112244897959 191.408163265306 279.098639455782 0 0 0 0 6.94897959183673 0 0 0.105442176870748 1.81972789115646 0.836734693877551 6.29931972789116 29.7619047619048 104.993197278912 200.360544217687 12.078231292517 11.2891156462585 2.45238095238095 0 0 0 0 0 0 0 0 0.350340136054422 0 0 12.3231292517007 0.343537414965986 0.0782312925170068 0 6.03741496598639 14.2823129251701 0.238095238095238 0 0 0 0 0 6.11224489795918 33.8061224489796 343.112244897959 1338.21088435374 33.7857142857143 29.1836734693878 0 3.13605442176871 56.9863945578231 23.5578231292517 12.234693877551 0 0 84.7687074829932 32.1360544217687 0.312925170068027 31.7210884353741 57.156462585034 3.48639455782313 0 1.38775510204082 0 0 0 34.5680272108844 0 0 0 0 0 0 0 0 0 24.4115646258503 180.673469387755 11.6122448979592 10.5136054421769 0 0 0.469387755102041 0 267.061224489796 0 0 4.09863945578231 0 0 0.377551020408163 110.047619047619 0 9.78231292517007 3.81972789115646 37.9829931972789 20.9829931972789 0 0 0 30.7380952380952 2.75850340136054 29.2074829931973 0 0 751.945578231293 0 54.921768707483 506.095238095238 570.428571428571 21.843537414966 0 0 0 0 0 0 464.41156462585 56.6496598639456 43.9489795918367 91.3469387755102 11.6938775510204 0 1.0952380952381 1.32993197278912 0.170068027210884 0.0714285714285714 0 0 0 0 0 0 0 0 9.90136054421769 0 0.153061224489796 0 0 0 0 0 0 0 0 0 0 0 0 8.08503401360544 0 0 0 0.408163265306122 0 0 0 0 0 0 0 0 0 0 0 0 0 0 0 0 0 0 0 0 0 0 0 0 0 0.258503401360544 1.37074829931973 0 0 0 0 0 0 0 0 0 0.0816326530612245 0 0.244897959183673 0.173469387755102 0.666666666666667 0 0 0 0 0 0 0 0 0 0 0 0 0 0 0 0 0 0 0.0782312925170068 0 0 0 0 0 0 0 0 8.19047619047619 295.676870748299 203.224489795918 4.8469387755102 0.0578231292517007 0 0 0.238095238095238 0.282312925170068 0 0 0 0.904761904761905 0 0 0 0 0 0 0 0 0 0 65.9285714285714 3.98299319727891 0 0 0 0 0 0 0 0 160.986394557823 4.27891156462585 3.38095238095238 0.112244897959184 0.13265306122449 0 0.306122448979592 0 13.8469387755102 0 0 0 0 0 0 0.384353741496599 0 0 0 0 0 0 0 0 0 0 0 0 0
5.43537414965986 0 0 0 0 0.391156462585034 0 0.0646258503401361 0 0 0 0 0 0 0 0.493197278911565 0 13.7993197278912 1.29591836734694 0.687074829931973 16.0612244897959 4.13945578231293 242.115646258503 0 0 0 0 0 0 0 0 0 0 0 0 0 0 0 0 0 0 0 0 0 0 0 6.34013605442177 1.7108843537415 0 0 1.23469387755102 0.918367346938776 0 0 0 1.3469387755102 0 0 0 0 0 0 0 0 0 0 0 0 0 0 0 0 0 0 0 0 0 0 0 0 0 0 0 0 0 0 0 0 0 0.0918367346938776 0.292517006802721 0.125850340136054 0 0 0 0 0 0 0 0 0 0 0 0 0 0 0 0 0 1.1156462585034 0 0 0 0 0 0 0 0 0 0 0 0.282312925170068 0 0 0.0646258503401361 0 0.0816326530612245 0 0 0 0.0272108843537415 0 5.57142857142857 0.700680272108844 1.15986394557823 6.55102040816327 41.9455782312925 134.061224489796 0 69.1462585034014 166.612244897959 0 99.4149659863946 0 0 1.26530612244898 0 0.282312925170068 15.0238095238095 102.397959183673 237.993197278912 0 0 0 0 61.2925170068027 332.071428571429 5.07142857142857 71.0680272108844 0 0 0 0.173469387755102 0 0 0 0.394557823129252 0 0 0 0 5.31632653061224 0 0 0 0.272108843537415 0 0 0 0 0 0 0 0 0 0 0 0 0 0 0 0 0 0 0 0 0 0 0 0 0 0 0 0 0 0 0 0 0 0 0 0 0 0 0 0 0 0 0 0 0 0 0 0 0 0 0 0 0 0 0 0 0 0 0 0 0 0 0 0 0 0 0 0 0 0 0 0 0 0 0 0 0 0 0 0 0 0 0 0 0 0 0 0 0 0 0 0 0 0 0 0 0 0 0 0 0 0 0 0 0 0 0 0 0 0 0 0 0 0 0 0 0 0 0 0 0 0 0 0 0 0 0 0 0 0 0 0 0 0 0 0 0 0 0 0 0 0 0 0 0 0 0 0 0 0 0 0 0 0 0 0 0 0 0 0 0 0 0 0 0 0 0 0 0 0 0 0 0 0 0 0 0 0 0 0 0 0 0 0
290.959183673469 0 0 601.15306122449 279.605442176871 0.333333333333333 0 0 0 0 0 0 51.1326530612245 348.506802721088 62.1122448979592 12.4897959183673 1.54761904761905 0 3.86394557823129 1.59863945578231 0.187074829931973 0 0.210884353741497 0 0 0 0 0 0 2.6734693877551 105.02380952381 0 0.942176870748299 0 0 0 0 0 0 0 0 0 0 0 0 0.285714285714286 0 0 0 0 0 0 0 0 0 0 0 0 0 0 0 0 0 0 0 0 0 0 0 0 0 0 0 0 0.251700680272109 0 0 0 0 0 0 0 0 0 0 0 0 0 0 0 0 0 0 0 0 0 0 0 0 0 0 0 0.214285714285714 0 0 0 1.72448979591837 0 0 0 0 0 0 0 0 0 0 11.108843537415 10.952380952381 48.9115646258503 181.826530612245 3.03741496598639 0 0 0.258503401360544 5.5 0 0.0816326530612245 0 0 0.894557823129252 0 0 0 1.37074829931973 0 0 0 0 0 0 987.30612244898 0 0 0 0.0816326530612245 0 0 0 0 0 162.238095238095 21.5578231292517 0 0.0986394557823129 4.55102040816327 0 0.207482993197279 0.554421768707483 2.19387755102041 1.54081632653061 0 0 0 0 0 0.863945578231292 0 0 0 0 0 0.0748299319727891 0 0.374149659863946 0 0 0 0 0 22.3741496598639 0 578.408163265306 50.8027210884354 190.091836734694 12.5986394557823 0 0 0 0 0 0 747.663265306122 132.278911564626 431 143.65306122449 29.5238095238095 0 0.360544217687075 0 0 0 0 0 0 0 1.04421768707483 0 11.6700680272109 2.4421768707483 3.16666666666667 0 0.17687074829932 0 0 0 0 0 0 0 0 0 0 0 0 24.7006802721088 0 0 0 7.48299319727891 0 0 0 0 0 0 0 0 0 0 0 0 0 0 0 0 0 0 0 0 0 0 0 0 0 0 0 0 0 0 0 0 0 0 0 0 0 0 0 0 0 0 0 0 0 0 0 0 0 0 0 0 0 0 0 0 0 0 0 0 0 0 0 0 0 0 0 0 0.462585034013605 11.312925170068 11.5816326530612 0 0 0 0 0 0 0 0 0 0 0 0 0 0 0 0 0 0 0 0 466.571428571429 1.04761904761905 0 0 1.05442176870748 0 0 0 0 0 1011.12585034014 0 0 0 0 0 0 0 0.857142857142857 0.438775510204082 0 0 0 0 0 0 0 0 0 0 0 0 0 0 0 0 0 0 0
8059.34353741497 0 601.15306122449 0 2604.2074829932 321.367346938775 26.1768707482993 7.98299319727891 1.37755102040816 0 0 0 200.187074829932 243.670068027211 52.4353741496599 0 0 2.90136054421769 0.846938775510204 2.59863945578231 2.95578231292517 5.04761904761905 0 0 0 0 0 0 0.149659863945578 5.06122448979592 55.812925170068 0 2.01700680272109 0 0 0 0 0 0 0 0 0.238095238095238 0 0.0340136054421769 0.0782312925170068 0.0272108843537415 0.193877551020408 0.156462585034014 0.380952380952381 0 0.295918367346939 0.112244897959184 0.149659863945578 1.35714285714286 2.04761904761905 0 0 0 0 0 0 0 0 0 0 14.4353741496599 0 0 0 0 0.656462585034014 2.33333333333333 0 0.312925170068027 93.7278911564626 217.969387755102 249.819727891156 0 0 0 0 3.43197278911565 0 0 0.58843537414966 0 1.1734693877551 13.1190476190476 17.5442176870748 91.6190476190476 147.30612244898 7.08503401360544 8.14625850340136 16.5 0 0 0 0 0 0 0 0 0.394557823129252 0 0 6.30952380952381 1.66326530612245 0.350340136054422 0 2.48979591836735 13.1904761904762 1.62244897959184 0 0 0 0 0 35.4421768707483 85.234693877551 135.350340136054 699.608843537415 44.6836734693878 67.3843537414966 0 1.2891156462585 494.551020408163 27.8639455782313 18.7244897959184 0 0 174.945578231293 83.843537414966 2.29931972789116 47.3639455782313 77.3231292517007 5.12244897959184 0 0 0 0 0 115.170068027211 0 0 0 0 0 0 0 0 0 47.8605442176871 649.551020408163 29.3843537414966 11.2142857142857 0 0 0.370748299319728 0 164.741496598639 0 0 46.2823129251701 0 0 0 58.5646258503401 0 12.0680272108844 2.74829931972789 15.921768707483 56.5918367346939 0 0 0 40.2993197278912 1.81292517006803 20.1462585034014 0 0 277.19387755102 0 57.7857142857143 295.768707482993 346.568027210884 9.68367346938776 0 0 0 0 0 0 350.142857142857 73.7108843537415 11.4353741496599 32.2278911564626 2.64965986394558 0 0.312925170068027 0 0 0 0 0 0 0 0 0 0.486394557823129 0.210884353741497 2.75170068027211 0 0.680272108843537 0 0 0 0 0 0 0 0 0 0 0 0 0.268707482993197 0 0 0 0 0 0 0 0 0 0 0 0 0 0 0 0 0 0 0 0 0 0 0 0 0 0 0 0 0.343537414965986 0 0.0680272108843537 0 0 0 0 0 0 0 0 0 0 0.0340136054421769 0 0 0 0 0 0 0 0 0 0 0 0 0 0 0 0 0 0 0 0 0 0 0 0 0 0 0 0 0 0.0884353741496599 2.54421768707483 85.6326530612245 57.0748299319728 0.159863945578231 0 0 0 0.17687074829932 0 0 0 0 0.295918367346939 0 0 0 0 0 0 0 0 0 0 33.0714285714286 0 0 0 0 0 0 0 0 0 104.857142857143 7.77210884353742 0 0 0 0 0 0 8.20408163265306 0.0306122448979592 0 0.353741496598639 0 0 0 0 0 0 0 0 0 0 0 0 0 0 0 0 0
2633.74829931973 0 279.605442176871 2604.2074829932 0 1204.90816326531 58.108843537415 0 0 0 0 0 332.52380952381 518.986394557823 2.92176870748299 3.77210884353741 0 2.96938775510204 3.41836734693878 22.8775510204082 31.4557823129252 78.8537414965986 0 0 0 0 0 0 0 0 27.7959183673469 0 0.105442176870748 0 0 0 0 0 0 0 0 2.46598639455782 0 0 0.768707482993197 0 0.605442176870748 0.0340136054421769 0.244897959183673 0.122448979591837 0.102040816326531 0.136054421768707 0 0.054421768707483 0 0 0 0 0 0 0 0 0 0 0 0.241496598639456 0 0 0 0 0 0.108843537414966 0 0.986394557823129 40.2755102040816 50.1734693877551 94.8299319727891 0 0 0 0 1.00680272108844 0 0 0.0612244897959184 0 0 7.13265306122449 11.3299319727891 43.7551020408163 58.4149659863946 3.59183673469388 4.81632653061224 1.41496598639456 0 0 0 0 0 0 0 0 0.54421768707483 0 0 0.653061224489796 0.0748299319727891 0.710884353741497 0 0.333333333333333 4.30952380952381 0 0 0 0 0 0 2.7312925170068 34.2244897959184 140.809523809524 369.163265306122 24.7517006802721 15.5034013605442 0 0.193877551020408 55.2074829931973 37.1462585034014 10.1496598639456 0 0 90.7789115646258 21.1020408163265 0 18.7959183673469 86.9795918367347 8.27551020408163 0 0.22108843537415 0 0 0 315.486394557823 0 0 0 0 0 0 0 0 0 12.1530612244898 201.710884353742 46.6462585034014 3.13265306122449 0.724489795918367 0 25.1768707482993 0.959183673469388 186.459183673469 0 0 29.391156462585 0 0 0 21.5408163265306 0 6.74489795918367 1.19387755102041 3.8843537414966 63.1020408163265 0 0 0 17.6700680272109 0.32312925170068 4.34013605442177 0 0 247.891156462585 0 714.867346938776 276.557823129252 936.037414965986 8.70408163265306 0 0 0 0 0 0 1679.60204081633 164.224489795918 148.561224489796 218.489795918367 24.1734693877551 0 0.472789115646259 0 0 0 0 0 0 0 0 0 3.75850340136054 2.48299319727891 10.1190476190476 0 0.285714285714286 0 0 0 0 0 0 0 0 0 0 0 0 3.67687074829932 0 0 0 0.316326530612245 0 0 0 0 0 0 0 0 0 0 0 0 0 0 0 0 0 0 0 0 0 0 0 0 0.370748299319728 0.360544217687075 0 0 0 0 0 0 0 0 0 0 0 0 0 0.166666666666667 0 0 0 0 0 0 0 0 0 0 0 0 0 0 0 0 0 0 0 0.0952380952380952 0 0 0 0 0 0 0 0 5.41836734693878 82.9591836734694 89.265306122449 0.506802721088435 0 0 0 0 0.173469387755102 0.0748299319727891 0 0 0 0 0 0 0 0 0 0 0 0 0 307.221088435374 1.02721088435374 0 0 0 0 0 0 0 0 762.598639455782 2.54421768707483 4.52721088435374 1.45918367346939 0 0 1.07482993197279 0 2.89115646258503 0 0 0 0 0 0 0 0 0 0 0 0 0 0 0 0 0 0 0 0
261.472789115646 0.391156462585034 0.333333333333333 321.367346938775 1204.90816326531 0 244.149659863946 0 0 0 0 0 213.622448979592 7.49319727891156 0 27.0544217687075 1.38775510204082 62.5204081632653 86.4897959183673 1090.54761904762 935.622448979592 512.707482993197 8.27551020408163 0 0 0 0 0 0 0 0.619047619047619 0 0 0 0 0 0 0 0 0 0 0 0 0 0 0 0 0 0 1 0 0 0 0 0 0 0 0 0 0 0 0 0 0 0 0 0 0 0 0 0 0 0 0.231292517006803 22.7040816326531 34.2857142857143 39.4285714285714 0 0 0 0 4.49319727891156 0 0 0 0.0102040816326531 0.360544217687075 3.50340136054422 8.48639455782313 23.9115646258503 38.6054421768707 2.3469387755102 6.14285714285714 0.482993197278912 0 0 0 0 0 0 0 0 0.0884353741496599 0 0 0.129251700680272 0.173469387755102 0 0 2.48299319727891 4.00680272108844 0.333333333333333 0 0 0 0 0 1.22448979591837 8.7312925170068 33.2891156462585 12.2380952380952 8.8469387755102 15.4897959183673 0 0.292517006802721 2.97278911564626 55.5476190476191 6.37074829931973 0 0 91.2074829931973 28.3231292517007 0.534013605442177 12.4659863945578 45.3401360544218 8.72789115646258 0 2.33333333333333 0 0 1.97619047619048 0.227891156462585 16.8809523809524 0 0 14.5612244897959 0 0 0 0 0 7.60884353741497 8.46598639455782 116.21768707483 0.496598639455782 124.816326530612 6.29591836734694 301.744897959184 180.278911564626 141.527210884354 0 0 49.5204081632653 0 0 0 4.65646258503401 0 1.51020408163265 2.12244897959184 2.27551020408163 57.3945578231293 0 0 0 4.74149659863946 0.625850340136054 2.43537414965986 0 0 25.0272108843537 0 6.79931972789116 12.0748299319728 53.9183673469388 7.45238095238095 0 0 0 0 0 0 42.2789115646259 0 8.21768707482993 9.18027210884354 10.0102040816327 0 0.054421768707483 0 0 0 0 0 0 0 0 0 0 0 0 0 0 0 0 0 0 0 0 0 0 0 0 0 0 0 0 0 0 0 0 0 0 0 0 0 0 0 0 0 0 0 0 0 0 0 0 0 0 0 0 0 0 0 0 0 0 0 0 0 0 0 0 0 0 0 0 0 0 0 0 0 0 0 0 0 0 0 0 0 0 0 0 0 0 0 0 0 0 0 0 0 0 0 0 0 0 0 0 6.35374149659864 6.96258503401361 0 0 0 0 0 0 0 0 0 0 0 0 0 0 0 0 0 0 0 0 4.19387755102041 0 0 0 0 0 0 0 0 0 16.1938775510204 0.0748299319727891 0 0 0 0 0 0 0.506802721088435 0 0 0 0 0 0 0 0 0 0 0 0 0 0 0 0 0 0 0 0
3.08843537414966 0 0 26.1768707482993 58.108843537415 244.149659863946 0 0 0 0 0 0 21.4931972789116 0 0 2.79251700680272 0 104.571428571429 2.82993197278912 0.122448979591837 13.0714285714286 94.9149659863946 0.0612244897959184 0 0 0 0 0 0 0 0 0 0 0 0 0 0 0 0 0 0 0 0 0 0 0 0 0 0 0 0 0 0 0 0 0 0 0 0 0 0 0 0 0 0 0 0 0 0 0 0 0 0 0 3.04081632653061 8.29591836734694 5.09523809523809 0 0 0 0 0.105442176870748 0 0 0 0 0 0.285714285714286 0.0646258503401361 4.83673469387755 3.2108843537415 0 1.23809523809524 0 0 0 0 0 0 0 0 0 0 0 0 0.656462585034014 0.187074829931973 0 0 0.115646258503401 0 0.0374149659863946 0 0 0 0 0 0 0 2.98639455782313 0 5.03061224489796 0.649659863945578 0 0 0.380952380952381 59.9183673469388 2.45918367346939 0 0 16.421768707483 3.73809523809524 0 3.13265306122449 30.9659863945578 1.02721088435374 0 4.94897959183673 0 0 0 0 4.83673469387755 0 0 3.0578231292517 0 0 0 0 0 0.479591836734694 0 157.748299319728 0.142857142857143 1.33333333333333 0 11.6666666666667 0.67687074829932 13.9489795918367 0 0 416.030612244898 0 0 0 2.45578231292517 0 0 0 0 12.8741496598639 0 0 0 3.7108843537415 0 1.07482993197279 0 0 0 0 0 0 0 0 0 0 0 0 0 0 0 0 0 0 0 0 0 0 0 0 0 0 0 0 0 0 0 0 0 0 0 0 0 0 0 0 0 0 0 0 0 0 0 0 0 0 0 0 0 0 0 0 0 0 0 0 0 0 0 0 0 0 0 0 0 0 0 0 0 0 0 0 0 0 0 0 0 0 0 0 0 0 0 0 0 0 0 0 0 0 0 0 0 0 0 0 0 0 0 0 0 0 0 0 0 0 0 0 0 0 0 0 0 0 0 0 0 0 0 0 0 0 0 0 0 0 0 0 0 0 0 0 0 0 0 0 0 0 0 0 0 0 0 0 0 0 0 0 0 0 0 0 0 0 0 0 0 0 0 0 0 0 0 0 0 0 0 0 0 0 0 0 0 0 0 0 0 0
0 0.0646258503401361 0 7.98299319727891 0 0 0 0 3011.74489795918 229.146258503401 8.70068027210884 193.261904761905 0 133.367346938776 0 0 0 0 0 0 0 0 3.41836734693878 0 68.0544217687075 0 0 30.4863945578231 0 0 0 0 0 0 0 136.738095238095 51.2925170068027 30.8877551020408 10.7517006802721 360.241496598639 0.197278911564626 11.4931972789116 18.5136054421769 14.4421768707483 2.22448979591837 0 91.3231292517007 1.91496598639456 0 0 3719.31292517007 287.238095238095 804.295918367347 624.581632653061 386.289115646258 97.5272108843537 0 0 0 0 0 0 0 0 0 0 57.0918367346939 0 0 0 0 0 52.9421768707483 12.3265306122449 0 0.772108843537415 0.125850340136054 14.9183673469388 0.69047619047619 3.84013605442177 1.37414965986395 0.306122448979592 0.860544217687075 0 0 0 0 0 0 0 0.523809523809524 0 0 0 2.84013605442177 4.01020408163265 63.5748299319728 0 7.92517006802721 9.38775510204082 0 0 1.35374149659864 0.187074829931973 2.55442176870748 2.37755102040816 0.829931972789116 2.89115646258503 0.193877551020408 0 0 0.602040816326531 4.91496598639456 0 0 45.9795918367347 41.4013605442177 10.7244897959184 36.5 564.714285714286 0 0 0.197278911564626 0.863945578231292 17.5714285714286 0 0 2.70748299319728 22.3367346938776 66.9761904761905 5.17687074829932 9.90136054421769 1184.57142857143 113.5 0.241496598639456 11.3061224489796 613.095238095238 42.8095238095238 17.9965986394558 7.81632653061224 0.292517006802721 0 1.80272108843537 150.210884353742 7.63605442176871 0 50.8061224489796 1219.10204081633 1199.52380952381 25.8061224489796 203.993197278912 0 0.377551020408163 0 0 0 71.5816326530612 0 0 0 0 0 0 0 0 0 3.37414965986395 0 0 0 0 1.35374149659864 0 0.86734693877551 17.8741496598639 12.0510204081633 169.823129251701 6.84013605442177 0 0 0 0 0 0 0 0 0 12806.4455782313 155.224489795918 0 0 0 0 240.37074829932 0 0 0 0 0 0 0 0 0 0 0 15.6428571428571 12.0068027210884 0 0 0.13265306122449 0 0 0 0 0 590.078231292517 36.5272108843537 18.6666666666667 112.962585034014 763.006802721088 1.14965986394558 3.03061224489796 119.47619047619 184.360544217687 7.00340136054422 0 0 0 0 0 161.275510204082 9.36054421768707 188.329931972789 7.10544217687075 2784.6156462585 0 0 0 0 0 0 0 0 0 0 0 0 0 0 0 0 0 0 0 0 0 0 0 0 0 0 0 0 0 0 0 0 0 0 0 0 0 0 0 0 0 1.18707482993197 1.42517006802721 0 0 0 0 0 0 0 0 0 0 0 0 0 0 0 0 0 0 0 0.0612244897959184 0 4.52721088435374 0 0 0 0 0 0 0 0 0 0 0 0 0 0 0 0 0 0 0 0 0 0 0 0 0 0 0 0 0 0 0 0 0 0 0 0 0 0 0 0 0 0.115646258503401 0 0 0 0 0 0 0 0 0 0 0 0 0 0 0 0 0 0
0 0 0 1.37755102040816 0 0 0 3011.74489795918 0 64.8639455782313 3.5 202.938775510204 0 18.4727891156463 0 0 0 0 0 0 0 0 0 0 0 0 0 0 0 0 0 0 0 0 0 579.894557823129 42.4591836734694 3.4421768707483 65.2278911564626 15.0068027210884 0 43.078231292517 0 0 7.62925170068027 0 29.4829931972789 0.748299319727891 6.37074829931973 0 715.673469387755 113.125850340136 880.965986394558 335.010204081633 18.608843537415 93.0442176870748 0 0 0 0 0 0 0 0 0 0 19.0204081632653 0 0 0.0816326530612245 0 0 2.11224489795918 0.112244897959184 0 0 0 3.59183673469388 0 0 0 0 0 0 0 0 0 0 0 0 0 0 0 0 1.35714285714286 0 6.69047619047619 0 2.63605442176871 8.80612244897959 0 0 0 0 0 0.268707482993197 0 0.295918367346939 1.54421768707483 0 0 0 0 0 0 8.09523809523809 4.95578231292517 5.03061224489796 56.2108843537415 465.204081632653 0 0 0 0 0 3.12585034013605 0 0 0 0 0 0 7.13265306122449 0.73469387755102 0 0 15.7414965986395 0.789115646258503 0 0.275510204081633 0 0 0.578231292517007 12.3843537414966 0.248299319727891 0 6.3469387755102 66.9455782312925 115.479591836735 2.10544217687075 9.25850340136054 0 0.0408163265306122 0 0 0 0.574829931972789 0 0 0 0 0 0 0 0 0.989795918367347 0.557823129251701 0 0 0 0 0 0 0 0 0 0.146258503401361 0 0 0 0 0 0 0 0 0 0 424.952380952381 489.030612244898 0 0 0 0 26.9931972789116 0 0 0 0 0 0 0 0 0 0 0 0 9.42517006802721 0 0 0 0 0 0 0 0 303.289115646258 57.7619047619048 2.3843537414966 459.761904761905 47.4319727891156 0 55.3809523809524 0 0.0952380952380952 13.9455782312925 0 0 0 0.22108843537415 0 550.078231292517 65.8775510204082 122.908163265306 3.42176870748299 16.8333333333333 0 0 0 0 0 0 0 0 0 0 0 0 0 0 0 0 0 0 0 0 0 0 0 0 0 0 0 0 0 0 0 0 0 0 0 0 0 0 0 0 0 0 0 0 0 0 0 0 0 0 0 0 0 0 0 0 0 0 0 0 0 0 0 0 0.836734693877551 0 0 0 0 0 0 0 0 0 0 0 0 0 0 0 0 0 0 0 0 0 0 0 0 0 0 0 0 0 0 0 0 0 0 0 0 0 0 0 0 0 0 0 0 0 0 0 0 0 0 0 0 0 0 0 0 0 0 0 0
0 0 0 0 0 0 0 229.146258503401 64.8639455782313 0 1.75850340136054 289.707482993197 0 0 0 0 0 0 0 0 0 0 0 0 0 0 0 0 0 0 0 0 0 0 0 0 0 0 0 0 0 0 0 90.5034013605442 0 0 14.0170068027211 0 0 0 386.578231292517 61.5170068027211 25.6972789115646 2354.13265306122 47.2414965986395 1.04081632653061 0 0 0 0 0 0 0 0 0 0 710.125850340136 0 0 0 0 0 53.2142857142857 13.5680272108844 0 0 0 1.45578231292517 0 0 0 0 0 0 0 0 0 0 0 0 0 0 0 0 1.40136054421769 807.295918367347 771.768707482993 0 0 0 0 0 0 0 0 0 0 1.22108843537415 0 0 0 0 0 0.231292517006803 0 0.231292517006803 0.0476190476190476 0 0 0.255102040816327 0 0 0 0 0 0 0 0 0 0 0 0 0.789115646258503 0.0952380952380952 0 0.159863945578231 17.5918367346939 8.64965986394558 0 0 0 0 0 18.7993197278912 1.75850340136054 0 0 5.42857142857143 96.2448979591837 0.870748299319728 24.9081632653061 0 0 0 0 0 6.59183673469388 0 0 0 0 0 0 0 0 0 0 0 0 0 0 0 0 0 0 0 0 0 0 0 0 0 0 0 0 0 0 0 0 0 0 0 0 0 0 0 0 0 0 0 0 0 0 0 0 0 0 0 0 0 0 0 0 0 0 0 0 0 0 0 0 0 0 0 0 0 0 0 0 0 0 0 0 1.62585034013605 0 0 0 0 0 0 0 0 0 0 0 0 0 0 0 0 0 0 0 0 0 0 0 0 0 0 0 0 0 0 0 0 0 0 0 0 0 0 0 0 0 0 0 0 0 0 0 0 0 0 0 0 0 0 0 0 0 0 0 0 0 0 0 0 0 0 0 0 0 0 0 0 0 0 0 0 0 0 0 0 0 0 0 0 0 0 0 0 0 0 0 0 0 0 0 0 0 0 0 0 0 0 0 0 0 0 0 0 0 0 0 0 0 0 0 0 0 0 0 0 0 0 0 0 0 0
0 0 0 0 0 0 0 8.70068027210884 3.5 1.75850340136054 0 157.28231292517 0 0 0 0 0 0 0 0 0 0 0 0 0 0.479591836734694 0 0 0 0 0 0 0 0 0 0 0 0 0 0 0 0 0 74.6360544217687 0 0 0.962585034013605 0 0 0 22.0884353741497 6.51020408163265 1.01020408163265 21.8231292517007 1.32993197278912 32.8333333333333 0 0 0 0 0 0 0 0 0 0 311.71768707483 0 0 0 0 0 1181.71768707483 70.0442176870748 0 0 0 43.1530612244898 252.925170068027 151.799319727891 102.874149659864 4.73809523809524 70.8061224489796 0 0 0 0 0 0 0 0 0 0 0 0.193877551020408 34.2448979591837 11.5170068027211 0 0.302721088435374 0 0 0 0 0 0 0 0 3.76190476190476 0 0 0 0 0 0 0 0 0 0 0 0 0 0 0 0 0 0 0 0 0 0 0 0 14.5884353741497 0.41156462585034 0 0 11.8707482993197 0.261904761904762 0 0 0 0 0 0.874149659863946 0.625850340136054 0 0 0.251700680272109 46.765306122449 0 6.08843537414966 0 0 0 0 0 0.200680272108844 0 0 0 0 0 0 0 0 0 0 0 0 0 0 0 0 0 0 0 0 0 0 0 0 0 0 0 0 0 0 0 0 0 0 0 0 0 0 0 0 0 0 0 0 0 0 0 0 0 0 0 0 0 0 0 0 0 0 0 0 0 0 0 0 0 0 0 0 0 0 0 0 0 0 0 0 0 0 0 0 0 0 0 0 0 0 0 0 0 0 0 0 0 0 0 0 0 0 0 0 0 0 0 0 0 0 0 0 0 0 0 0 0 0 0 0 0 0 0 0 0 0 0 0 0 0 0 0 0 0 0 0 0 0 0 0 0 0 0 0 0 0 0 0 0 0 0 0 0 0 0 0 0 0 0 0 0 0 0 0 0 0 0 0 0 0 0 0 0 0 0 0 0 0 0 0 0 0 0 0 0 0 0 0 0 0 0 0 0 0 0 0 0 0 0 0 0 0 0 0 0 0 0
0 0 0 0 0 0 0 193.261904761905 202.938775510204 289.707482993197 157.28231292517 0 0 0 0 0 0 0 0 0 0 0 0.102040816326531 0 0 0.496598639455782 0 0 0 0 0 0 0 0 0 0 0 0 0 0 0 0 0 220.142857142857 0 0 21.3299319727891 0.697278911564626 0 0 519.520408163265 55.843537414966 25.0204081632653 832.47619047619 64.9523809523809 57.2244897959184 0 0 0 0 0 0 0 0 0 0 1376.16666666667 0 0 0 0 0 1285.79931972789 215.649659863946 0 0 0 75.6190476190476 105.401360544218 60.1904761904762 65.8503401360544 0 119.265306122449 0 0 0 0 0 0 0 0 0 0 0 5.2108843537415 136.445578231293 169.520408163265 0 1.02040816326531 0 0 0 0 0 0 0 0 14.2448979591837 0 0 0 0 2.28571428571429 0.125850340136054 0 5.18707482993197 6.43537414965986 0 0 0 0 0 0 0 0 0 0 0 0.63265306122449 0 0 0 62.7687074829932 7.23809523809524 0 14.9591836734694 103.183673469388 10.9761904761905 0 0.0612244897959184 1.03741496598639 0 0.697278911564626 19.234693877551 4.40476190476191 0 0 43.9149659863946 308.683673469388 4.69387755102041 91.0476190476191 0 0 0 0 0 21.0612244897959 0 0 0 0 0 0 0 0 0 0 0 0 0 0 0 0 0 0 0 0.993197278911565 0 0 0 0 0 0 0 0 0 0 0 0 0 0 0 0 0 0 0 0 0 0 0 0 0 0 0 0 1.81292517006803 0 0 0 0 0 0 0 0 0 0 0 0 0 0 0 0 0 0.146258503401361 0 0 0 0 0 0 0 0 0 1.41836734693878 0 0 0 0 0 0 0 0 0 0 0 0 0 0 0 0 0 0 0 0 0 0 0 0 0 0 0 0 0 0 0 0 0 0 0 0 0 0 0 0 0 0 0 0 0 0 0 0 0 0 0 0 0 0 0 0 0 0 0 0 0 0 0 0 0 0 0 0 0 0 0 0 0 0 0 0 0 0 0 0 0 0 0 0 0 0 0 0 0 0 0 0 0 0 0 0 0 0 0 0 0 0 0 0 0 0 0 0 0 0 0 0 0 0 0 0 0 0 0 0 0 0 0 0 0 0
320.350340136054 0 51.1326530612245 200.187074829932 332.52380952381 213.622448979592 21.4931972789116 0 0 0 0 0 0 139.394557823129 0 73.6224489795918 2.35374149659864 16.9285714285714 162.28231292517 84.7482993197279 188.445578231293 83.4557823129252 0.445578231292517 0 0 0 0 0 0 0 2.20408163265306 0 0 0 0 0 0 0 0 0 0 0 0 0 0 0 0 0 0 0 0 0 0 0 0 0 0 0 0 0 0 0 0 0 0 0 0 0 0 0 0 0 0 0 1.82312925170068 2.03741496598639 2.0578231292517 0 0 0 0 0.224489795918367 0 0 0 0 0 0 0.489795918367347 0.129251700680272 0.445578231292517 0 0 0 0 0 0 0 0 0 0 0 2.80952380952381 0 0 0.231292517006803 5.57142857142857 0 0 0 0 0 0 0 0 0 0 0.285714285714286 15.1598639455782 29.2517006802721 59.7448979591837 0.710884353741497 5.69387755102041 0 0.989795918367347 3.46598639455782 0.115646258503401 9.58163265306122 0.231292517006803 1.48639455782313 4.51700680272109 0.0816326530612245 0 0 12.0578231292517 0.0918367346938776 0 0.806122448979592 0 0 0 31.7959183673469 18.5204081632653 0 0 2.43197278911565 0 0 0 0 0 36.9421768707483 2.47278911564626 1.76190476190476 0.493197278911565 31.1530612244898 0.962585034013605 59.9829931972789 32.391156462585 2.13265306122449 0 0 0.653061224489796 0 0 0 10.1190476190476 0 1.90136054421769 0 0.0510204081632653 3.35714285714286 0.112244897959184 0 3.46938775510204 1.10884353741497 0 0.142857142857143 0 0 117.078231292517 0 231.360544217687 155.80612244898 290.727891156463 25.5952380952381 0 0 0 0 0 0 1052.10204081633 59.6360544217687 91.3231292517007 179.489795918367 48.1904761904762 0 1.29251700680272 0 0 0 0 0 0 0 0 0 7.24829931972789 0.914965986394558 2.01360544217687 0 0 0 0 0 0 0 0 0 0 0 0 0 0 4.68367346938776 0 0 0 2.41496598639456 0 0 0 0 0 0 0 0 0 0 0 0 0 0 0 0 0 0 0 0 0 0 0 0 0 0 0 0 0 0 0 0 0 0 0 0 0 0 0 0.0510204081632653 0 0 0 0 0 0 0 0 0 0 0 0 0 0 0 0 0 0 0 0 0 0 0 0 0 0 0 0 0.384353741496599 25.6020408163265 16.7823129251701 0 0 0 0 0 0 0 0 0 0 0 0 0 0 0 0 0 0 0 0 170.986394557823 0.17687074829932 0 0 0.0476190476190476 0 0 0 0 0 592.122448979592 0 0 0 0 0 2.03061224489796 0 0 0 0 0 0 0 0 0 0 0 0 0 0 0 0 0 0 0 0 0 0
158.013605442177 0 348.506802721088 243.670068027211 518.986394557823 7.49319727891156 0 133.367346938776 18.4727891156463 0 0 0 139.394557823129 0 900.12925170068 0.619047619047619 0.374149659863946 0 0 0 0 0 0 0 0 0 434.47619047619 0 100.234693877551 228.768707482993 393.295918367347 129.183673469388 732.955782312925 583.503401360544 69.656462585034 40.3265306122449 79.530612244898 52.1734693877551 39.4863945578231 131.979591836735 7.57482993197279 5.13945578231293 12.1258503401361 1.44557823129252 175.030612244898 13.5408163265306 0 0 0.299319727891156 0 9.19727891156463 1.46258503401361 2.76530612244898 3.17006802721088 60.2585034013605 0 11.4115646258503 311.408163265306 10.3401360544218 6.14965986394558 6.40816326530612 11.9591836734694 4.22448979591837 2.75170068027211 6.06122448979592 0 0 0 17.8095238095238 0 0 3.51360544217687 0 0 0 0 0 0 0 0 0 0 0 0 0 0 0 0 0 0 0 0 0 0 0 0 0 0 0 0 0 0 0 0 0 0 0 0 0 0 0 0 0 0 0 0 0 11.921768707483 94.0204081632653 35.765306122449 289.336734693878 15.530612244898 0 0.921768707482993 0 58.265306122449 0.142857142857143 0 0 0 0.340136054421769 0 0 0 0 0 0 0 0 0 0 397.673469387755 0 0 0 0.816326530612245 0 0 0 0 0 99.7006802721088 4.61904761904762 0.207482993197279 0.207482993197279 0 0 0 0 0.976190476190476 86.7176870748299 28.7619047619048 0.119047619047619 3.35034013605442 0 0.363945578231293 0.615646258503401 0 0 0 0 0.0782312925170068 0 0.244897959183673 0.115646258503401 0 0 0 22.1734693877551 10.9727891156463 59.0340136054422 0 164.721088435374 64.2210884353742 104.258503401361 3.61224489795918 0 165.809523809524 3.30952380952381 0 0 0 189.044217687075 3284.48299319728 487.894557823129 20.0340136054422 4.24149659863946 0 0 0 0 0 0 0 0 3.74149659863946 151.221088435374 0 91.8197278911565 31.5068027210884 4.46938775510204 10.0238095238095 16.3299319727891 2.11904761904762 0.670068027210884 28.4421768707483 42.6632653061224 15.469387755102 23.5680272108844 58.5680272108844 3.60204081632653 7.4421768707483 15.3843537414966 6.95918367346939 63.8503401360544 12.4455782312925 0 0 2.29251700680272 3.07482993197279 4.57142857142857 0.829931972789116 0.41156462585034 0 58.7040816326531 0 0 43.9557823129252 0 0 0.156462585034014 0 0 0 0 0 0 0 0.193877551020408 0 0 0 0 0 0 0 0 0 0 0 0 0 0 0 0 0 0 0 0 0 0 0 0.0782312925170068 0 0 0 0 0 0 0 0 0 0 0 0 0 0 0 0 0 0 0 0 0 0 0 0 0 7.98979591836735 22.5612244897959 19.6292517006803 1.61224489795918 0 0.285714285714286 0 1.86734693877551 0 0 0 0 0 0 0 0 0 0 0 0 0 0 0 168.047619047619 0 0 0 0 0 0 0 0 0 186.673469387755 1.52040816326531 0.0748299319727891 0.207482993197279 0 0 0 0 1.15986394557823 2.13605442176871 1.20068027210884 0 0.170068027210884 0 0 0.112244897959184 0 0 0 0 0 0 0 0.761904761904762 0 0 0 0 0
0.210884353741497 0 62.1122448979592 52.4353741496599 2.92176870748299 0 0 0 0 0 0 0 0 900.12925170068 0 2.57482993197279 13.9965986394558 0 0.394557823129252 0 0 0 0 0 0 0 9.46258503401361 0 127.989795918367 278.299319727891 788.989795918367 1.45238095238095 33.6530612244898 3.85714285714286 11.9727891156463 0 0 0 0 0 0 0 0.425170068027211 0 13.8401360544218 75.8673469387755 0.826530612244898 3.87074829931973 1.65646258503401 18.6020408163265 0 0 0 0 0 0 0.506802721088435 5.3469387755102 1.7891156462585 0.19047619047619 0 2.7312925170068 1.69047619047619 0.363945578231293 0 0 0 0 2.24149659863946 0 0 0.187074829931973 0 0 0.0714285714285714 0 0 0 0 0 0 0 0 0 0 0 0 0 0 0 0 0 0 0 1.41156462585034 0 0 0 0 0 0 0 4.23469387755102 0 0 0.282312925170068 2.83333333333333 0 0 0 0 0 0 0 0 0 0 87.4863945578231 272.585034013605 110.568027210884 58.7312925170068 83.2585034013605 0 17.1224489795918 4.51700680272109 136.513605442177 0 0.459183673469388 0.27891156462585 0.506802721088435 0 6.43877551020408 5.93877551020408 0 0 0 0 0 0 0 0 578.591836734694 63.8945578231293 0 58.1904761904762 153.751700680272 0 0 0 0 71.8979591836735 54.0952380952381 0 0 0.244897959183673 0 0 1.39455782312925 0 0 44.7448979591837 6.04421768707483 0 0 0 0.568027210884354 10.952380952381 0 0 0 0 0.421768707482993 7.78231292517007 8.03741496598639 22.4557823129252 0.414965986394558 0 0 10.0918367346939 0.0884353741496599 0.534013605442177 0 131.081632653061 0.843537414965986 26.0884353741497 0 0 0 0 0 0 0 79.4421768707483 164.166666666667 4133.90476190476 12.0612244897959 18.234693877551 0 0 0 0 0 0 0 0 0 140.982993197279 0 1074.3537414966 60.2551020408163 2.65646258503401 0 7.81972789115646 0 0 0 0.159863945578231 0 0 0 0 6.57482993197279 0 0 299.044217687075 366.340136054422 0 4.69727891156463 75.0340136054422 44.5476190476191 0 0 0 0 0 0 0 0 0 0 0 0 0 0 0 0 0 0 0 0 0 0 0 0 0 0 0.870748299319728 0 0 0 0 0 0 0 0 0 0.227891156462585 0 0.0748299319727891 0 0 0 0.0374149659863946 0 0 0 0 0 0 0 0 0 0 0 0 0.105442176870748 0 0 0 0 0 0 0 0 0 0 0 0 3.60884353741497 0.612244897959184 0.0986394557823129 0 0 2.69387755102041 0.918367346938776 1.30952380952381 0 0 0 0 0 0 0 0 0 0 0 0 0 0 0 638.738095238095 0.625850340136054 0 0.428571428571429 5.7687074829932 0 0 0 0 0.547619047619048 280.112244897959 0 0 0 0 0 5.18027210884354 0 0 3.56122448979592 0 0 0 0 0 0.537414965986395 0 0 0 0 0 0 0 3.24829931972789 0 0 0 0 0
0.241496598639456 0.493197278911565 12.4897959183673 0 3.77210884353741 27.0544217687075 2.79251700680272 0 0 0 0 0 73.6224489795918 0.619047619047619 2.57482993197279 0 121.506802721088 14.8231292517007 407.56462585034 12.7482993197279 21.4625850340136 12.8775510204082 0.894557823129252 0 0 0 0 0 0 0 0 0 0 0 0 0 0 0 0 0 0 0 0 0 0 0 0 0 6.13945578231293 0.397959183673469 0 0 0 0 0 0 0 0 0 0 0 0 0 0 0 0 0 0 0 0 0 0 0 0 0.547619047619048 1.0952380952381 0 0 0 0 0 0 0 0 0 0 0 0 0 0 0 0 0 0 0 0 0 0 0 0 0 0 0.326530612244898 0 0 0 0.316326530612245 0 0 0 0 0 0 0 0 0 0 0 5.60544217687075 2.72789115646259 0 0 0 1.32993197278912 0.180272108843537 0.523809523809524 0.336734693877551 0.26530612244898 0 0 0.122448979591837 0 0 0.105442176870748 5.43537414965986 0.0408163265306122 0 5.12244897959184 0 0 0 18.687074829932 31.0748299319728 0 0 136.384353741497 0 0 0 0 0 127.547619047619 0 0.850340136054422 0 11.6020408163265 8.3265306122449 87.2551020408163 35.4591836734694 0 0 0 2.31292517006803 0 0 0 0.333333333333333 0 0 0 0 0.363945578231293 0.136054421768707 0 0.377551020408163 0.0884353741496599 0 0 0 0 4.57482993197279 0 7.35034013605442 2.62244897959184 4.02040816326531 0 0 0 0 0 0 0 18.1496598639456 5.31292517006803 4.06462585034014 0.738095238095238 4.54081632653061 0 0 0 0 0 0 0 0 0 0 0 0 0 0 0 0 0 0 0 0 0 0 0 0 0 0 0 0 0 0 0 0 0 0 0 0 0 0 0 0 0 0 0 0 0 0 0 0 0 0 0 0 0 0 0 0 0 0 0 0 0 0 0 0 0 0 0 0 0 0 0 0 0 0 0 0 0 0 0 0 0 0 0 0 0 0 0 0 0 0 0 0 0 0 0 0 0 0 0 0 0 0 0.142857142857143 0 0 0 0 0 0 0 0 0 0 0 0 0 0 0 0 0 0 0 0 0 9.80612244897959 0 0 0 0 0 0 0 0 0 21.6054421768707 0 0 0 0 0 0 0 0 0 0 0 0 0 0 0 0 0 0 0 0 0 0 0 0 0 0 0 0
0 0 1.54761904761905 0 0 1.38775510204082 0 0 0 0 0 0 2.35374149659864 0.374149659863946 13.9965986394558 121.506802721088 0 6.30952380952381 53.3809523809524 4.23809523809524 3.73809523809524 0.792517006802721 4.45578231292517 0 0 0 0 0 0.119047619047619 0 0.19047619047619 0 0 0 0 0 0 0 0 0 0 0 0 0 2.90816326530612 47.187074829932 0 2.00680272108844 17.030612244898 176.374149659864 0 0 0 0 0 0 0 0 0 0 0 0 0 0 0 0 0 0 0 0 0 0 0 0 0.282312925170068 0 0 0 0 0 0 0 0 0 0 0 0 0 0 0 0 0 0 0 6.06122448979592 0 0 0 0 0 0 0 0.394557823129252 0 0 0.336734693877551 0.979591836734694 0 0 0 0 0 0 0 0 0 0 0.170068027210884 1.06122448979592 0.938775510204082 0 0 0 0.248299319727891 0.112244897959184 0.0714285714285714 0 0.275510204081633 0.163265306122449 0 0 0 0 0 0.510204081632653 0 0 2.94897959183673 0 0 0 135.836734693878 116.768707482993 0 68.234693877551 524.074829931973 0 0 0 0 27.8945578231293 159.391156462585 0 0 0 8.58843537414966 0.0748299319727891 25.9285714285714 6.05102040816327 0 0 0 0 0 0 0 0.523809523809524 0 0 0 0 0.231292517006803 2.98299319727891 0 0.391156462585034 0.0170068027210884 0 0 0 0 1.49659863945578 0 0.77891156462585 0.435374149659864 1.12585034013605 0 0 0 0 0 0 0 22.891156462585 2.72789115646259 57.4965986394558 0.289115646258503 1.67687074829932 0 0.551020408163265 0 0 0 0 0 0 0 0 0 0.370748299319728 0 0 0 0 0 0 0 0 0 0 0 0 0 0 0 0 0 0 0 0 0.142857142857143 0 0 0 0 0 0 0 0 0 0 0 0 0 0 0 0 0 0 0 0 0 0 0 0 0 0 0 0 0 0 0 0 0 0 0 0 0 0 0 0 0 0 0 0 0 0 0 0 0 0 0 0 0 0 0 0 0 0 0 0 0 0 0 0 0 0 0 0 0 0 0 0 0 0 0 0 0 0 0 0 0 0 0 0 0 0 0 0 0 0 0 22.6190476190476 0 0 0 0 0 0 0 0 0 4.23809523809524 0 0 0 0 0 0 0 0 0 0 0 0 0 0 0 0 0 0 0 0 0 0 0 0 0 0 0 0
0.285714285714286 13.7993197278912 0 2.90136054421769 2.96938775510204 62.5204081632653 104.571428571429 0 0 0 0 0 16.9285714285714 0 0 14.8231292517007 6.30952380952381 0 8.02721088435374 3.2312925170068 171.554421768707 181.97619047619 57.8095238095238 0 0 0 0 0 0 0 0 0 0 0 0 0 0 0 0 0 0 0 0 0 0 0 0 0 0 0 0 0 0 0 0 0 0 0 0 0 0 0 0 0 0 0 0 0 0 0 0 0 0 0 0.527210884353742 3.66666666666667 4.61224489795918 0 0 0 0 0 0 0 0 0 0 0.605442176870748 0 2.12925170068027 7.13265306122449 0 3.04081632653061 0 0 0 0 0 0 0 0 0 0 0 0 0 0 0 0 0 0 0.17687074829932 0 0 0 0 0 0 0 2.43877551020408 0 22.0850340136054 0 0 0 0 120.598639455782 0 0 0 34.8673469387755 4.12585034013605 1.48299319727891 4.11224489795918 562.989795918367 289.251700680272 3.46258503401361 567.908163265306 0 0 3.59183673469388 3.74829931972789 19.078231292517 0 0 7.66326530612245 0 0 0 2.2312925170068 18.1904761904762 16.6802721088435 0 27.4829931972789 0 137.489795918367 96.4421768707483 27.9047619047619 28.0680272108844 3.82993197278912 0 0 536.146258503401 0 0 0 1.02380952380952 0 0 0 0.945578231292517 25.469387755102 0 0 0.231292517006803 0.0646258503401361 0 0.153061224489796 0 0 0 0 0 0 0 0 0 0 0 0 0 0 0 0 0 0 0 0 0 0 0 0 0 0 0 0 0 0 0 0 0 0 0 0 0 0 0 0 0 0 0 0 0 0 0 0 0 0 0 0 0 0 0 0 0 0 0 0 0 0 0 0 0 0 0 0 0 0 0 0 0 0 0 0 0 0 0 0 0 0 0 0 0 0 0 0 0 0 0 0 0 0 0 0 0 0 0 0 0 0 0 0 0 0 0 0 0 0 0 0 0 0 0 0 0 0 0 0 0 0 0 0 0 0 0 0 0 0 0 0 0 0 0 0 0 0 0 0 0 0 0 0 0 0 0 0 0 0 0 0 0 0 0 0 0 0 0 0 0 0 0 0 0 0 0 0 0 0 0 0 0 0 0 0 0 0 0 0 0 0
7.48299319727891 1.29591836734694 3.86394557823129 0.846938775510204 3.41836734693878 86.4897959183673 2.82993197278912 0 0 0 0 0 162.28231292517 0 0.394557823129252 407.56462585034 53.3809523809524 8.02721088435374 0 44.9727891156463 37.3673469387755 18.9897959183673 3.68367346938776 0 0 0 0 0 0 0 0 0 0 0 0 0 0 0 0 0 0 0 0 0 0 1.58163265306122 0 0 7.13945578231293 17.9455782312925 0 0 0 0 0 0 0 0 0 0 0 0 0 0 0 0 0 0 0 0 0 0 0 0 0 0.768707482993197 0 0 0 0 0 0 0 0 0 0 0 0 0 0 0 0 0 0 0 0 0 0 0 0 0 0 0.693877551020408 0 0 0 0.380952380952381 0 0 0 0 0 0 0 0 0 0 0 1.13605442176871 2.37074829931973 0 0 0 0.108843537414966 2.14285714285714 0 0.292517006802721 1.63605442176871 0.850340136054422 0 0.32312925170068 0 0 0 2.65646258503401 0 0 2.35714285714286 0 0 0.523809523809524 13.1530612244898 41.4421768707483 0 0.353741496598639 164.037414965986 0 0 0 0 0 82.0918367346939 0 1.10884353741497 0 15.5544217687075 8.46938775510204 212.80612244898 42.5204081632653 0 0 0 7 0 0 0 5.58163265306122 0 0.0476190476190476 0 0 0.0680272108843537 0.292517006802721 0.0816326530612245 2.56122448979592 3.03061224489796 0 0.0986394557823129 0 0 5.76190476190476 0 3.24489795918367 3.28231292517007 0.591836734693878 0 0 0 0 0 0 0 2.67687074829932 0 0.45578231292517 6.88775510204082 0 0 0 0 0 0 0 0 0 0 0 0 0 0 0 0 0 0 0 0 0 0 0 0 0 0 0 0 0 0 0 0 0 0 0 0 0 0 0 0 0 0 0 0 0 0 0 0 0 0 0 0 0 0 0 0 0 0 0 0 0 0 0 0 0 0 0 0 0 0 0 0 0 0 0 0 0 0 0 0 0 0 0 0 0 0 0 0 0 0 0 0 0 0 0 0 0 0 0 0 0 0 0 0.5 0.938775510204082 0 0 0 0 0 0 0 0 0 0 0 0 0 0 0 0 0 0 0 0 1.14285714285714 0 0 0 0 0 0 0 0 0 15.7142857142857 0 0 0 0 0 0 0 0 0 0 0 0 0 0 0 0 0 0 0 0 0 0 0 0 0 0 0 0
0.935374149659864 0.687074829931973 1.59863945578231 2.59863945578231 22.8775510204082 1090.54761904762 0.122448979591837 0 0 0 0 0 84.7482993197279 0 0 12.7482993197279 4.23809523809524 3.2312925170068 44.9727891156463 0 114.30612244898 24.8571428571429 3.75510204081633 0 0 0 0 0 0 0 0 0 0 0 0 0 0 0 0 0 0 0 0 0 0 0 0 0 0 0 0 0 0 0 0 0 0 0 0 0 0 0 0 0 0 0 0 0 0 0 0 0 0 0 1.40816326530612 0.710884353741497 0.408163265306122 0 0 0 0 0 0 0 0 0 0 0 0 0 5.53061224489796 0 0 0 0 0 0 0 0 0 0 0 0 0 0 0 0 0 0 0 0 0 0 0 0 0 0 0 0 0 0 0 0 0 0 0 0.105442176870748 0 0 0 0.0238095238095238 0.149659863945578 0 0.724489795918367 2.4047619047619 0.717687074829932 0 2.13945578231292 0 0 0 0 69.7448979591837 0 0 10.2244897959184 0 0 0 0 0 5.56122448979592 0 0 0 25.5238095238095 2.0578231292517 1140.01020408163 87.1462585034014 0 0 0 0 0 0 0 0 0 0 0 0 0.445578231292517 0 0 0 0 0 0 0 0 0 0 0 0 0 0 0 0 0 0 0 0 0 0 0 0 0 0 0 0 0 0 0 0 0 0 0 0 0 0 0 0 0 0 0 0 0 0 0 0 0 0 0 0 0 0 0 0 0 0 0 0 0 0 0 0 0 0 0 0 0 0 0 0 0 0 0 0 0 0 0 0 0 0 0 0 0 0 0 0 0 0 0 0 0 0 0 0 0 0 0 0 0 0 0 0 0 0 0 0 0 0 0 0 0 0 0 0 0 0 0 0 0 0 0 0 0 0 0 0 0 0 0 0 0 0 0 0 0 0 0 0 0 0 0 0 0 0 0 0 0 0 0 0 0 0 0 0 0 0 0 0 0 0 0 0 0 0 0 0 0 0 0 0 0 0 0 0 0 0 0 0 0 0 0 0 0 0 0 0
0.0102040816326531 16.0612244897959 0.187074829931973 2.95578231292517 31.4557823129252 935.622448979592 13.0714285714286 0 0 0 0 0 188.445578231293 0 0 21.4625850340136 3.73809523809524 171.554421768707 37.3673469387755 114.30612244898 0 95.0748299319728 25.4183673469388 0 0 0 0 0 0 0 0 0 0 0 0 0 0 0 0 0 0 0 0 0 0 0 0 0.86734693877551 0 1.69387755102041 0 0 0 0 0 0 0 0 0 0 0 0 0 0 0 0 0 0 0 0 0 0 0 0 3.85374149659864 5.07823129251701 9.68367346938776 0 0 0 0 0.156462585034014 0 0 0 0 0 0 0 1.7687074829932 10.7721088435374 0 0 0.0680272108843537 0 0 0 0 0 0 0 0 0 0 0 0.465986394557823 0 0 0 3.74489795918367 0.0986394557823129 0.0272108843537415 0 0 0 0 0 0 0 2.45238095238095 0 1.77210884353742 0.935374149659864 0 0.0272108843537415 0 14.8741496598639 5.89115646258503 0 0 48.1972789115646 12.8639455782313 0.125850340136054 9.51020408163265 53.578231292517 4.52040816326531 0 96.3775510204082 0 0 8.95918367346939 2.98639455782313 95.8877551020408 0 0 15.4455782312925 0 0 0 0 0.989795918367347 26.9047619047619 0 2.63265306122449 0 106.503401360544 20.1224489795918 396.894557823129 145.302721088435 0.857142857142857 0 0 43.2517006802721 0 0 0 11.2210884353741 0 0.275510204081633 0.0578231292517007 0.459183673469388 20.0170068027211 0 0 0.370748299319728 6.39115646258503 0 0.826530612244898 0 0 0 0 0 0.636054421768708 0 1.42176870748299 0 0 0 0 0 0 12.812925170068 0 0 0 0 0 0 0 0 0 0 0 0 0 0 0 0 0 0 0 0 0 0 0 0 0 0 0 0 0 0 0 0 0 0 0 0 0 0 0 0 0 0 0 0 0 0 0 0 0 0 0 0 0 0 0 0 0 0 0 0 0 0 0 0 0 0 0 0 0 0 0 0 0 0 0 0 0 0 0 0 0 0 0 0 0 0 0 0 0 0 0 0 0 0 0 0 0 0 0 0 0 0 0 0 0 0 0 0 0 0 0 0 0 0 0 0 0 0 0 0 0 0 0 0 0 0 0 0 1.82312925170068 0 0 0 0 0 0 0 0 0 0 0 0 0 0 0 0 0 0 0 0 0 0 0 0 0 0 0 0 0 0 0 0 0 0 0 0 0 0
