0 5.51700680272109 402.863945578231 11966.8843537415 3558.89115646259 363.37074829932 3.33333333333333 0 0 0 0 0 438.959183673469 152.329931972789 0.268707482993197 0.45578231292517 0 0.891156462585034 8.21768707482993 1.33333333333333 0 2.46258503401361 0 0 0 0 0 0 0 0 17.9591836734694 0 0 0 0 0 0 0 0 0 0 0 0 0 0 0 0 0 0 0 0 0 0 0 0 0 0 0 0 0 0 0 0 0 0.340136054421769 2.23809523809524 0 0 0 0.397959183673469 0.891156462585034 0.227891156462585 0 0.13265306122449 94.1360544217687 148.867346938776 226.489795918367 0 0 0 0 7.30272108843537 0 0 0.129251700680272 0.965986394557823 0.649659863945578 7.41156462585034 27.1326530612245 81.9081632653061 171.316326530612 7.46598639455782 10.6632653061224 3.5578231292517 0 0 0 0 0 0 0 0 1.33333333333333 0 0 5.83333333333333 0.523809523809524 0 0 5.69387755102041 8.7687074829932 0.431972789115646 0 0 0 0 0 8.14625850340136 36.7721088435374 357.176870748299 1602.24829931973 36.030612244898 30.2721088435374 0 5.73469387755102 73.0918367346939 31.6054421768707 14.0714285714286 0 0 101.425170068027 40.4761904761905 0 34.4965986394558 58.6802721088435 5.40816326530612 0 0.476190476190476 0 0 0 46.1938775510204 0 0 0 0 0 0 0 0 0 30.8741496598639 287.312925170068 14.0884353741497 15.3537414965986 0 0 0.948979591836735 0 309.251700680272 0 0 5.25510204081633 0 0 0.54421768707483 80.9115646258503 0 11.8979591836735 2.78571428571429 32.3367346938776 25.047619047619 0 0 0 33.1190476190476 2.86394557823129 28.9319727891156 0 0 611.119047619048 0 49.5986394557823 413.108843537415 391.21768707483 13.421768707483 0 0 0 0 0 0 356.850340136054 41.8231292517007 34.6292517006803 70.5612244897959 12.3979591836735 0 1.10884353741497 1.28571428571429 0.496598639455782 0.217687074829932 0 0 0 0 0 0 0 0.108843537414966 9.71768707482993 0 0 0 0 0 0 0 0 0 0 0 0 0 0 3.62925170068027 0 0 0 0.54421768707483 0 0 0 0 0 0 0 0 0 0 0 0 0 0 0 0 0 0 0 0 0 0 0 0 0 0.394557823129252 1.68027210884354 0 0 0 0 0 0 0 0 0 0 0 0.129251700680272 0.227891156462585 0.921768707482993 0 0 0 0 0 0 0 0 0 0 0 0 0 0 0 0 0 0 0 0 0 0 0 0 0 0 0 5.60544217687075 223.057823129252 164.972789115646 4.02380952380952 0 0 0 0.496598639455782 1.20068027210884 0 0 0 0.448979591836735 0 0 0 0 0 0 0 0 0 0 51.1734693877551 4.30612244897959 0 0 0 0 0 0 0 0 135.142857142857 5.30612244897959 1.01020408163265 0.32312925170068 0.136054421768707 0 0.506802721088435 0 13.6938775510204 0 0 0 0 0 0 0.585034013605442 0 0 0 0.227891156462585 0 0 0 0 0 0 0 0 0
5.51700680272109 0 0 0 0 0.316326530612245 0 0 0 0 0 0 0 0 0 0.714285714285714 0 24.5884353741497 1.3265306122449 2.14625850340136 29.7108843537415 10.4149659863946 442.163265306122 0 0 0 0 0 0 0 0 0 0 0 0 0 0 0 0 0 0 0 0 0 0 0 5.10544217687075 1.48639455782313 0 0 1.12925170068027 1.4047619047619 0 0 0 1.95238095238095 0 0 0 0 0 0 0 0 0 0 0 0 0 0 0 0 0 0 0 0 0 0 0 0 0 0 0 0 0 0 0 0 0 0.200680272108844 0.595238095238095 0.350340136054422 0 0 0 0 0 0 0 0 0 0 0.0680272108843537 0 0 0 0 0 0 1.58503401360544 0 0 0 0 0 0 0 0 0 0 0 0.462585034013605 0 0.306122448979592 0.306122448979592 0 0 1.05442176870748 0 0 0.105442176870748 0 7.27551020408163 1.13945578231293 1.82312925170068 11.6054421768707 46.0068027210884 172.80612244898 0 123.452380952381 240.146258503401 0 132.823129251701 0 0 2.56462585034014 0 0.207482993197279 10.9625850340136 102.054421768707 197.816326530612 0 0 0 0 123.829931972789 554.112244897959 5.96938775510204 101.527210884354 0 0 0 0.282312925170068 0 0 0 0.802721088435374 0 0 0 0 6.23809523809524 0 0 0 1.11904761904762 0 0 0 0 0 0 0 0 0 0 0 0 0 0 0 0 0 0 0 0 0 0 0 0 0 0 0 0 0 0 0 0 0 0 0 0 0 0 0 0 0 0 0 0 0 0 0 0 0 0 0 0 0 0 0 0 0 0 0 0 0 0 0 0 0 0 0 0 0 0 0 0 0 0 0 0 0 0 0 0 0 0 0 0 0 0 0 0 0 0 0 0 0 0 0 0 0 0 0 0 0 0 0 0 0 0 0 0 0 0 0 0 0 0 0 0 0 0 0 0 0 0 0 0 0 0 0 0 0 0 0 0 0 0 0 0 0 0 0 0 0 0 0 0 0 0 0 0 0 0 0 0 0 0 0 0 0 0 0 0 0 0 0 0 0 0 0 0 0 0 0 0 0 0 0 0 0 0 0 0 0 0 0 0
402.863945578231 0 0 713.397959183673 357.47619047619 0.857142857142857 0 0 0 0 0 0 63.2312925170068 285.741496598639 96.6666666666667 12.0578231292517 3.66666666666667 0 5.62244897959184 2.14625850340136 0.391156462585034 0.149659863945578 0.67687074829932 0 0 0 0 0 0 3.2312925170068 121.108843537415 0 1.24489795918367 0 0 0 0 0 0 0 0 0 0 0 0 0.159863945578231 0 0 0 0 0 0 0 0 0 0 0 0 0 0 0 0 0 0 0 0 0 0 0 0 0 0 0 0 0.153061224489796 0 0 0 0 0 0 0 0 0 0 0 0 0 0 0 0 0 0 0 0 0 0 0 0 0 0 0 0.0986394557823129 0 0 0 1.59863945578231 0 0 0 0 0 0 0 0 0 0 7.97619047619048 14.9047619047619 49.3741496598639 223.979591836735 4.34353741496599 0 0 0.340136054421769 7.61224489795918 0 0.0612244897959184 0 0 1.6156462585034 0 0 0 0 0 0 0 0 0 0 1064.25170068027 0 0 0 0.302721088435374 0 0 0 0 0 198.244897959184 30.4149659863946 0 0.0748299319727891 3.1530612244898 0 0.32312925170068 1.3469387755102 2.96598639455782 1.22789115646258 0 0 0 0 0.0204081632653061 0.63265306122449 0 0 0 0 0 0.0646258503401361 0 0.612244897959184 0 0 0 0 0 18.5578231292517 0 353.69387755102 40.5102040816327 94.2755102040816 8.46938775510204 0 0 0 0 0 0 381.673469387755 95.608843537415 276.299319727891 87.2006802721088 26.4829931972789 0 0.602040816326531 0 0 0 0 0 0 0 1.12925170068027 0 9 3.00340136054422 3.17687074829932 0 0.17687074829932 0 0 0 0 0 0 0 0 0 0 0 0 15.3707482993197 0 0 0 5.20748299319728 0 0 0 0 0 0 0 0 0 0 0 0 0 0 0 0 0 0 0 0 0 0 0 0 0 0 0 0 0 0 0 0 0 0 0 0 0 0 0 0 0 0 0 0 0 0 0 0 0 0 0 0 0 0 0 0 0 0 0 0 0 0 0 0 0 0 0 0 0.394557823129252 7.66666666666667 10 0 0 0 0 0 0 0 0 0 0 0 0 0 0 0 0 0 0 0 0 333.268707482993 1.17006802721088 0 0 1.37755102040816 0 0 0 0 0 592.431972789116 0 0 0 0 0 0.0442176870748299 0 1.54421768707483 0.636054421768708 0 0 0 0 0 0 0 0 0 0 0 0 0 0 0 0 0 0 0
11966.8843537415 0 713.397959183673 0 4231.97278911565 483.87074829932 28.469387755102 5.08843537414966 1.37074829931973 0 0 0 298.034013605442 234.755102040816 59.1904761904762 0 0 3.75170068027211 0.615646258503401 3.37074829931973 4.98299319727891 10.734693877551 0 0 0 0 0 0 0 6 77.1326530612245 0 2.02380952380952 0 0 0 0 0 0 0 0 0.598639455782313 0 0.231292517006803 0.0850340136054422 0.0408163265306122 0.207482993197279 0.285714285714286 0.486394557823129 0 0.523809523809524 0.129251700680272 0.0986394557823129 1.27551020408163 1.85374149659864 0 0 0 0 0 0 0 0 0 0 14.0578231292517 0 0 0 0.119047619047619 0.918367346938776 2.56122448979592 0 0.45578231292517 67.9863945578231 170.459183673469 195.989795918367 0 0 0 0 3.30612244897959 0 0 0.724489795918367 0.0306122448979592 0.683673469387755 10.9455782312925 11.921768707483 79.9965986394558 132.323129251701 7.80272108843537 10.2380952380952 17.2687074829932 0 0 0 0 0 0 0 0 0.833333333333333 0 0 5.86394557823129 1.10204081632653 0.306122448979592 0 3.64285714285714 9.89795918367347 2.02040816326531 0 0 0 0 0 19.5986394557823 79.2040816326531 156.615646258503 1001.81972789116 39.2006802721088 65.0340136054422 0 2.02721088435374 505.149659863946 41.9387755102041 23.2959183673469 0 0 176.051020408163 81.6632653061225 3.37755102040816 52.6530612244898 77.1190476190476 4.28231292517007 0 0 0 0 0 169.180272108844 0 0 0 0 0 0 0 0 0 29.047619047619 712.418367346939 31.8231292517007 14.0714285714286 0 0 0.670068027210884 0 210.948979591837 0 0 49.1428571428571 0 0 0 52.2857142857143 0 10.3197278911565 2.57142857142857 11.7823129251701 58.9251700680272 0 0 0 33.7244897959184 2.39455782312925 17.2619047619048 0 0 265.122448979592 0 52.608843537415 231.517006802721 233.625850340136 17.1020408163265 0 0 0 0 0 0 247.170068027211 61.9047619047619 11.421768707483 26.0748299319728 1.78571428571429 0 0.207482993197279 0 0 0 0 0 0 0 0 0 0 0.119047619047619 1.81972789115646 0 0.149659863945578 0 0 0 0 0 0 0 0 0 0 0 0 0.17687074829932 0 0 0 0 0 0 0 0 0 0 0 0 0 0 0 0 0 0 0 0 0 0 0 0 0 0 0 0 0.561224489795918 0 0.272108843537415 0 0 0 0 0 0 0 0 0 0 0.0952380952380952 0 0 0 0 0 0 0 0 0 0 0 0 0 0 0 0 0 0 0 0 0 0 0 0 0 0 0 0 0 0.156462585034014 2.74489795918367 68.3401360544218 57.2687074829932 0.401360544217687 0 0 0 0.27891156462585 0.159863945578231 0 0 0 0.251700680272109 0 0 0 0 0 0 0 0 0 0 27.1360544217687 0 0 0 0 0 0 0 0 0 69.8673469387755 4.13265306122449 0 0 0 0 0 0 12.0748299319728 0 0 0 0 0 0 0 0 0 0 0.0510204081632653 0 0 0 0 0 0 0 0 0
3558.89115646259 0 357.47619047619 4231.97278911565 0 2183.17346938776 83.3775510204082 0 0 0 0 0 549.12925170068 366.28231292517 4.57482993197279 7.37074829931973 0 6.22789115646258 5.71768707482993 31.0374149659864 47.1326530612245 116.034013605442 0 0 0 0 0 0 0 0 24.7823129251701 0 0.112244897959184 0 0 0 0 0 0 0 0 2.65986394557823 0 0 0 0 1.18367346938776 0 0.27891156462585 0.377551020408163 0.139455782312925 0 0 0.0850340136054422 0 0 0 0 0 0 0 0 0 0 0 0.363945578231293 0 0 0 0 0 0.414965986394558 0 1.37755102040816 32.2312925170068 50.2482993197279 85.0714285714286 0 0 0 0 1.32993197278912 0 0 0.0578231292517007 0 0 6.46938775510204 11.9047619047619 42.2823129251701 67.3673469387755 2.13265306122449 5.54081632653061 1.62585034013605 0 0 0 0 0 0 0 0 0.578231292517007 0 0 1.12244897959184 0.289115646258503 0.360544217687075 0 0.843537414965986 6.2108843537415 0.173469387755102 0 0 0 0 0 3.15986394557823 33.0374149659864 142.329931972789 385.544217687075 24.7687074829932 20.0952380952381 0 0.612244897959184 58.4387755102041 46.843537414966 9.5578231292517 0 0 108.119047619048 25.8673469387755 0 23.2074829931973 88.4523809523809 4.92176870748299 0 0.887755102040816 0 0 0 218.08843537415 0 0 0 0 0 0 0 0 0 13.4353741496599 251.714285714286 84.2925170068027 4.52721088435374 1.85034013605442 0 30.6462585034014 2.37414965986395 277.789115646258 0 0 31.8945578231293 0 0 0 22.9013605442177 0 7.22448979591837 1.32993197278912 1.77551020408163 71.8809523809524 0 0 0 16.2380952380952 0.928571428571429 5.89455782312925 0 0 196.142857142857 0 434 187.680272108844 521.959183673469 6.97959183673469 0 0 0 0 0 0 874.904761904762 102.006802721088 98.421768707483 115.442176870748 17.4149659863946 0 0.986394557823129 0 0 0 0 0 0 0 0 0 2.68707482993197 2.03401360544218 3.7108843537415 0 0.112244897959184 0 0 0 0 0 0 0 0 0 0 0 0 3.17006802721088 0 0 0 0.758503401360544 0 0 0 0 0 0 0 0 0 0 0 0 0 0 0 0 0 0 0 0 0 0 0 0 0.510204081632653 0.585034013605442 0 0 0 0 0 0 0 0 0 0 0 0 0 0 0 0 0 0 0 0 0 0 0 0 0 0 0 0 0 0 0 0 0 0.210884353741497 0 0 0 0 0 0 0 0 3.98979591836735 64.2891156462585 60.5034013605442 0.850340136054422 0 0 0 0 0.585034013605442 0 0 0 0 0 0 0 0 0 0 0 0 0 0 206.159863945578 0.625850340136054 0 0 0 0 0 0 0 0 431.445578231293 1.06462585034014 2.06802721088435 1.62585034013605 0 0 0.748299319727891 0 3.04761904761905 0 0 0 0 0 0 0 0 0 0 0 0 0 0 0 0 0 0 0 0
363.37074829932 0.316326530612245 0.857142857142857 483.87074829932 2183.17346938776 0 478.819727891156 0 0 0 0 0 334.272108843537 1.81292517006803 0 41.1496598639456 1.53741496598639 86.391156462585 177.639455782313 1298.00680272109 1067.43537414966 650.231292517007 11.3265306122449 0 0 0 0 0 0 0 0.554421768707483 0 0 0 0 0 0 0 0 0 0 0 0 0 0 0 0 0 0 1.29251700680272 0 0 0 0 0 0 0 0 0 0 0 0 0 0 0 0 0 0 0 0 0 0 0 0.336734693877551 19.1496598639456 34.2585034013605 38.0510204081633 0 0 0 0 1.23469387755102 0 0 0 0 0.204081632653061 2.78231292517007 8.6530612244898 24.8401360544218 42.2244897959184 2.72108843537415 5.30612244897959 0.649659863945578 0 0 0 0 0 0 0 0 0.363945578231293 0 0 0.295918367346939 0.591836734693878 0 0 2.88775510204082 3.12925170068027 0.561224489795918 0 0 0 0 0 1.41496598639456 9.60884353741497 42.2823129251701 13.1904761904762 9.27210884353742 19.5510204081633 0 0.340136054421769 5.43197278911565 87.7823129251701 6.67687074829932 0 0 103.394557823129 32.3299319727891 1.2687074829932 16.656462585034 52.2482993197279 7.7891156462585 0 3.84353741496599 0 0 1.93877551020408 0.493197278911565 22.5578231292517 0 0 17.0578231292517 0 0 0 0 0 10.9115646258503 6.64285714285714 240.459183673469 0.959183673469388 141.97619047619 4.6530612244898 442.238095238095 194.751700680272 240.578231292517 0 0 68.8231292517007 0 0 0 7.03741496598639 0 1.36734693877551 2.46938775510204 1.86394557823129 63.0986394557823 0 0 0 6.73469387755102 1.27891156462585 5.22789115646258 0 0 17.7278911564626 0 6.69727891156463 13.3775510204082 29.6020408163265 7.46598639455782 0 0 0 0 0 0 30.9251700680272 0.241496598639456 9.02380952380952 7.52040816326531 8.47278911564626 0 0.0918367346938776 0 0 0 0 0 0 0 0 0 0 0 0 0 0 0 0 0 0 0 0 0 0 0 0 0 0 0 0 0 0 0 0 0 0 0 0 0 0 0 0 0 0 0 0 0 0 0 0 0 0 0 0 0 0 0 0 0 0.19047619047619 0 0 0 0 0 0 0 0 0 0 0 0 0 0 0 0 0 0 0 0 0 0 0 0 0 0 0 0 0 0 0 0 0 0 0 0 0 0 0 0 0 0 4.89115646258503 2.97959183673469 0 0 0 0 0 0 0 0 0 0.0408163265306122 0 0 0 0 0 0 0 0 0 0 3.48639455782313 0 0 0 0 0 0 0 0 0 14.2857142857143 0.125850340136054 0 0 0 0 0 0 0.717687074829932 0 0 0 0 0 0 0 0 0 0 0 0 0 0 0 0 0 0 0 0
3.33333333333333 0 0 28.469387755102 83.3775510204082 478.819727891156 0 0 0 0 0 0 18.3945578231293 0 0 3.70408163265306 0 168.367346938776 4.39115646258503 0.125850340136054 16.3843537414966 161.081632653061 0.19047619047619 0 0 0 0 0 0 0 0 0 0 0 0 0 0 0 0 0 0 0 0 0 0 0 0 0 0 0 0 0 0 0 0 0 0 0 0 0 0 0 0 0 0 0 0 0 0 0 0 0 0 0 3.60884353741497 7.22448979591837 4.93537414965986 0 0 0 0 0.136054421768707 0 0 0 0 0 0.360544217687075 0.0578231292517007 8.14285714285714 2.80272108843537 0 1.97619047619048 0 0 0 0 0 0 0 0 0 0 0 0 0.755102040816326 0.425170068027211 0 0 0.326530612244898 0 0.0646258503401361 0 0 0 0 0 0 0 1.81972789115646 0 6.86734693877551 1.10884353741497 0 0 0.513605442176871 84.921768707483 2.74489795918367 0 0 21.6734693877551 5.39455782312925 0 5.88775510204082 45.7823129251701 2.53401360544218 0 8.40476190476191 0 0 0 0 5.32993197278912 0 0 3.48639455782313 0 0 0 0 0 0.799319727891156 0 282.030612244898 0.302721088435374 2.60544217687075 0 14.5238095238095 1.30612244897959 22.1360544217687 0 0 516.071428571429 0 0 0 3.54421768707483 0 0 0 0 15.8741496598639 0 0 0.210884353741497 6.85034013605442 0 2.56462585034014 0 0 0 0 0 0 0 0 0 0 0 0 0 0 0 0 0 0 0 0 0 0 0 0 0 0 0 0 0 0 0 0 0 0 0 0 0 0 0 0 0 0 0 0 0 0 0 0 0 0 0 0 0 0 0 0 0 0 0 0 0 0 0 0 0 0 0 0 0 0 0 0 0 0 0 0 0 0 0 0 0 0 0 0 0 0 0 0 0 0 0 0 0 0 0 0 0 0 0 0 0 0 0 0 0 0 0 0 0 0 0 0 0 0 0 0 0 0 0 0 0 0 0 0 0 0 0 0 0 0 0 0 0 0 0 0 0 0 0 0 0 0 0 0 0 0 0 0 0 0 0 0 0 0 0 0 0 0 0 0 0 0 0 0 0 0 0 0 0 0 0 0 0 0 0 0 0 0 0 0 0 0
0 0 0 5.08843537414966 0 0 0 0 3549.90816326531 283.425170068027 15.0340136054422 290.343537414966 0 84.4353741496599 0 0 0 0 0 0 0 0 1.07823129251701 0 55.7380952380952 0 0 30.2823129251701 0 0 0 0 0 0 0 188.904761904762 57.9387755102041 16.6462585034014 12.9829931972789 541.098639455782 0.30952380952381 11.608843537415 30.1632653061224 17.4081632653061 3.40136054421769 0 85.6768707482993 1.73809523809524 0 0 4001.40476190476 362.316326530612 1745.21768707483 908.377551020408 546.231292517007 163.41156462585 0 0 0 0 0 0 0 0 0 0 53.3775510204082 0 0 0 0 0 52.5816326530612 15.108843537415 0.108843537414966 0.537414965986395 0 15.187074829932 0.880952380952381 5.96258503401361 1.99319727891156 0.874149659863946 0.857142857142857 0 0 0 0 0 0 0 0.938775510204082 0 0 0 2.83673469387755 4.37074829931973 49 0 18.5748299319728 16.0340136054422 0 0 2.29251700680272 0.36734693877551 0.744897959183674 1.97619047619048 1.79931972789116 3.66326530612245 0.238095238095238 0 0 0.268707482993197 4.34353741496599 0 0 57.4965986394558 42.8639455782313 10.6020408163265 22.9897959183673 356.445578231293 0 0 0.261904761904762 1.5952380952381 12.7482993197279 0 0 3.56462585034014 17.7448979591837 52.9659863945578 3.70748299319728 7.80952380952381 657.261904761905 83.6224489795918 0.585034013605442 10.3639455782313 377.292517006803 33.6054421768707 9.21768707482993 4.12925170068027 0.697278911564626 0 3.5578231292517 135.904761904762 10.3537414965986 0 49.3401360544218 976.272108843537 884.513605442177 21.4081632653061 168.15306122449 0 0.758503401360544 0 0 0 43.4251700680272 0 0 0 0 0 0 0 0 0 4.72448979591837 0 0 0 0 1.66666666666667 0 1.88095238095238 12.6360544217687 10.3503401360544 120.914965986395 5.63265306122449 0 0 0 0 0 0.200680272108844 0 0 0 4399.40816326531 98.1666666666667 0 0 0 0 133.051020408163 0 0 0 0 0 0 0 0 0 0 0 10.4931972789116 14.030612244898 0 0 0.316326530612245 0 0 0 0 0 328.241496598639 38.4421768707483 7.78231292517007 80.9523809523809 540.12925170068 2.84013605442177 1.65646258503401 58.6802721088435 80.6292517006803 7.19047619047619 0 0 0 0 0 86.5238095238095 6.03741496598639 77.7891156462585 7.43877551020408 1024.2925170068 0 0 0 0 0 0 0 0 0 0 0 0 0 0 0 0 0 0 0 0 0 0 0 0 0 0 0 0 0 0 0 0 0 0 0 0 0 0 0 0 0 2.6530612244898 1.91496598639456 0 0 0 0 0 0 0 0 0 0 0 0 0 0 0 0 0 0 0 0.200680272108844 0 2.03741496598639 0 0 0 0 0 0 0 0 0 0 0 0 0 0 0 0 0 0 0 0 0 0 0 0 0 0 0 0 0 0 0 0 0 0 0 0 0 0 0 0 0 0 0 0 0 0 0 0 0 0 0 0 0 0 0 0 0 0 0 0
0 0 0 1.37074829931973 0 0 0 3549.90816326531 0 71.8061224489796 4.74829931972789 218.840136054422 0 12.8299319727891 0 0 0 0 0 0 0 0 0 0 0 0 0 0 0 0 0 0 0 0 0 573.578231292517 45.5034013605442 1.85714285714286 74.1020408163265 16.0102040816327 0 29.6734693877551 0 0 7.40816326530612 0 28.3299319727891 1.35374149659864 7.06462585034014 0 963.680272108843 150.91156462585 1752.23129251701 356.418367346939 16.234693877551 91.4421768707483 0 0 0 0 0 0 0 0 0 0 12.7312925170068 0 0 0 0 0 3.24149659863946 0.187074829931973 0 0 0 3.28231292517007 0 0 0 0 0 0 0 0 0 0 0 0 0 0 0 0 2.89795918367347 0 3.77551020408163 0 2.26190476190476 14.1734693877551 0 0 0 0 0 0.255102040816327 0 0.397959183673469 1.45918367346939 0 0 0 0 0 0 12.3775510204082 5.04421768707483 5.43537414965986 29.6734693877551 265.030612244898 0 0 0 0 0 3.11904761904762 0 0 0 0 0 0 6.6530612244898 0.649659863945578 0 0 14.8163265306122 1.31632653061224 0 0.30952380952381 0 0 0.901360544217687 9.66666666666667 0 0 12.6632653061224 85.969387755102 121.585034013605 1.40816326530612 10.0680272108844 0 0.146258503401361 0 0 0 1.72448979591837 0 0 0 0 0 0 0 0 0.816326530612245 0.534013605442177 0 0 0 0 0 0 0 0 0 0.571428571428571 0 0 0 0 0 0 0 0 0 0 224.278911564626 205.58843537415 0 0 0 0 20.452380952381 0 0 0 0 0 0 0 0 0 0 0 0 6.92517006802721 0 0 0 0 0 0 0 0 159.098639455782 37.7074829931973 1.48639455782313 244.387755102041 25.7380952380952 0 38.7006802721088 0 0.125850340136054 9.44557823129252 0 0 0 0 0 202.561224489796 30.0884353741497 58.9047619047619 3.23809523809524 8.01700680272109 0 0 0 0 0 0 0 0 0 0 0 0 0 0 0 0 0 0 0 0 0 0 0 0 0 0 0 0 0 0 0 0 0 0 0 0 0 0 0 0 0 0 0 0 0 0 0 0 0 0 0 0 0 0 0 0 0 0 0 0 0 0 0 0 0.353741496598639 0 0 0 0 0 0 0 0 0 0 0 0 0 0 0 0 0 0 0 0 0 0 0 0 0 0 0 0 0 0 0 0 0 0 0 0 0 0 0 0 0 0 0 0 0 0 0 0 0 0 0 0 0 0 0 0 0 0 0 0
0 0 0 0 0 0 0 283.425170068027 71.8061224489796 0 2.67687074829932 450.040816326531 0 0 0 0 0 0 0 0 0 0 0 0 0 0 0 0 0 0 0 0 0 0 0 0 0 0 0 0 0 0 0 70.1360544217687 0 0 14.1360544217687 0 0 0 393.115646258503 66.1802721088435 27.2244897959184 2201.44897959184 52.5102040816327 1.94897959183673 0 0 0 0 0 0 0 0 0 0 603.166666666667 0 0 0 0 0 41.7823129251701 12.5340136054422 0 0 0 2.50680272108844 0 0 0 0 0 0 0 0 0 0 0 0 0 0 0 0 0.622448979591837 1058.47278911565 647.928571428571 0 0 0 0 0 0 0 0 0 0 2.42517006802721 0 0 0 0 0 0.829931972789116 0 0.731292517006803 0.183673469387755 0 0 0.180272108843537 0 0 0 0 0 0 0 0 0 0 0 0 0.758503401360544 0.146258503401361 0 0.30952380952381 8.96258503401361 2.8265306122449 0 0 0 0 0 16.9183673469388 2.40136054421769 0 0 3.32993197278912 66.7551020408163 1.45918367346939 19.8775510204082 0 0 0 0 0 4.16326530612245 0 0 0 0 0 0 0 0 0 0 0 0 0 0 0 0 0 0 0 0 0 0 0 0 0 0 0 0 0 0 0 0 0 0 0 0 0 0 0 0 0 0 0 0 0 0 0 0 0 0 0 0 0 0 0 0 0 0 0 0 0 0 0 0 0 0 0 0 0 0 0 0 0 0 0 0 1.72108843537415 0 0 0 0 0 0 0 0 0 0 0 0 0 0 0 0 0 0 0 0 0 0 0 0 0 0 0 0 0 0 0 0 0 0 0 0 0 0 0 0 0 0 0 0 0 0 0 0 0 0 0 0 0 0 0 0 0 0 0 0 0 0 0 0 0 0 0 0 0 0 0 0 0 0 0 0 0 0 0 0 0 0 0 0 0 0 0 0 0 0 0 0 0 0 0 0 0 0 0 0 0 0 0 0 0 0 0 0 0 0 0 0 0 0 0 0 0 0 0 0 0 0 0 0 0 0
0 0 0 0 0 0 0 15.0340136054422 4.74829931972789 2.67687074829932 0 265.353741496599 0 0 0 0 0 0 0 0 0 0 0 0 0 0 0 0 0 0 0 0 0 0 0 0 0 0 0 0 0 0 0 69.1020408163265 0 0 1.77210884353742 0 0 0 25.7006802721088 5.99659863945578 2.64965986394558 15.1224489795918 2.17687074829932 56.3265306122449 0 0 0 0 0 0 0 0 0 0 323.948979591837 0 0 0 0 0 1205.89115646259 80.4931972789116 0 0 0 83.8299319727891 304.571428571429 259.765306122449 114.061224489796 3.37755102040816 44.4183673469388 0 0 0 0 0 0 0 0 0 0 0 0.23469387755102 33.1394557823129 12.891156462585 0 0.295918367346939 0 0 0 0 0 0 0 0 3.2687074829932 0 0 0 0 0 0 0 0 0 0 0 0 0 0 0 0 0 0 0 0 0 0 0 0 8.93537414965986 0.564625850340136 0 0 7.19047619047619 0.316326530612245 0 0 0 0 0 1.1734693877551 0.537414965986395 0 0 0.880952380952381 35.7551020408163 0 3.45918367346939 0 0 0 0 0 0.387755102040816 0 0 0 0 0 0 0 0 0 0 0 0 0 0 0 0 0 0 0 0 0 0 0 0 0 0 0 0 0 0 0 0 0 0 0 0 0 0 0 0 0 0 0 0 0 0 0 0 0 0 0 0 0 0 0 0 0 0 0 0 0 0 0 0 0 0 0 0 0 0 0 0 0 0 0 0 0 0 0 0 0 0 0 0 0 0 0 0 0 0 0 0 0 0 0 0 0 0 0 0 0 0 0 0 0 0 0 0 0 0 0 0 0 0 0 0 0 0 0 0 0 0 0 0 0 0 0 0 0 0 0 0 0 0 0 0 0 0 0 0 0 0 0 0 0 0 0 0 0 0 0 0 0 0 0 0 0 0 0 0 0 0 0 0 0 0 0 0 0 0 0 0 0 0 0 0 0 0 0 0 0 0 0 0 0 0 0 0 0 0 0 0 0 0 0 0 0 0 0 0 0 0 0
0 0 0 0 0 0 0 290.343537414966 218.840136054422 450.040816326531 265.353741496599 0 0 0 0 0 0 0 0 0 0 0 0 0 0 0.377551020408163 0 0 0 0 0 0 0 0 0 0 0 0 0 0 0 0 0 167.387755102041 0 0 24.6836734693878 2.06122448979592 0 0 580.408163265306 62.6598639455782 26.547619047619 759.397959183673 67.4047619047619 78.5884353741497 0 0 0 0 0 0 0 0 0 0 1164.07482993197 0 0 0 0 0 1357.54081632653 230.612244897959 0 0 0 99.9931972789116 125.78231292517 79.0816326530612 76.6360544217687 2.87414965986395 110.945578231293 0 0 0 0 0 0 0 0 0 0 0 6.12244897959184 139.459183673469 151.166666666667 0 1.22448979591837 0 0 0 0 0 0 0 0 13.9353741496599 0 0 0 0 3.52380952380952 0.214285714285714 0 5.58843537414966 2.95238095238095 0 0 0 0 0 0 0 0 0 0 0 0.697278911564626 0 0 0 40.5850340136054 5.06462585034014 0 9.71428571428571 56.4625850340136 9.31632653061224 0 0.108843537414966 1.51360544217687 0 1.20068027210884 15.312925170068 3.65646258503401 0 0 25.6802721088435 218.585034013605 5.32312925170068 64.0238095238095 0 0 0 0 0 20.0646258503401 0 0 0 0 0 0 0 0 0 0 0 0 0 0 0 0 0 0 0 0.748299319727891 0 0 0 0 0 0 0 0 0 0 0 0 0 0 0 0 0 0 0 0 0 0 0 0 0 0 0 0 1.72789115646258 0 0 0 0 0 0 0 0 0 0 0 0 0 0 0 0 0 0.197278911564626 0 0 0 0 0 0 0 0 0 1.36734693877551 0 0 0 0 0 0 0 0 0 0 0 0 0 0 0 0 0 0 0 0 0 0 0 0 0 0 0 0 0 0 0 0 0 0 0 0 0 0 0 0 0 0 0 0 0 0 0 0 0 0 0 0 0 0 0 0 0 0 0 0 0 0 0 0 0 0 0 0 0 0 0 0 0 0 0 0 0 0 0 0 0 0 0 0 0 0 0 0 0 0 0 0 0 0 0 0 0 0 0 0 0 0 0 0 0 0 0 0 0 0 0 0 0 0 0 0 0 0 0 0 0 0 0 0 0 0
438.959183673469 0 63.2312925170068 298.034013605442 549.12925170068 334.272108843537 18.3945578231293 0 0 0 0 0 0 91.3571428571429 0 142.397959183673 4.53061224489796 26.2142857142857 307.020408163265 85.7925170068027 196.666666666667 109.833333333333 2.25850340136054 0 0 0 0 0 0 0 1.9421768707483 0 0 0 0 0 0 0 0 0 0 0 0 0 0 0 0 0 0 0 0 0 0 0 0 0 0 0 0 0 0 0 0 0 0 0 0 0 0 0 0 0 0 0 3.02380952380952 2.41496598639456 2.77891156462585 0 0 0 0 0.445578231292517 0 0 0 0 0 0 0.503401360544218 0.193877551020408 1.18707482993197 0 0 0 0 0 0 0 0 0 0 0 3.39115646258503 0 0 0.442176870748299 6.25850340136054 0 0 0 0 0 0 0 0 0 0 0 20.4489795918367 35.5646258503401 47.0374149659864 0.76530612244898 8.86394557823129 0 2.50680272108844 3.77891156462585 0.363945578231293 13.469387755102 0.772108843537415 4.02721088435374 7.24149659863946 0 0 0 8.09863945578231 0.17687074829932 0 2.02040816326531 0 0 0 35.7448979591837 21.3231292517007 0 0 3.51020408163265 0 0 0 0 0 55.3775510204082 4.0578231292517 4.15986394557823 0.965986394557823 38.1530612244898 2.13945578231292 88.0986394557823 47.6972789115646 3.15646258503401 0 0 1.53401360544218 0 0 0 14.1598639455782 0 1.58503401360544 0 0.163265306122449 2.23809523809524 0.13265306122449 0 3.01360544217687 2.50680272108844 0 0.5 0 0 97.2278911564626 0 175.755102040816 111.486394557823 187.71768707483 20.3843537414966 0 0 0 0 0 0 598.08843537415 33.2040816326531 75.1768707482993 127.615646258503 42.0612244897959 0 2.2687074829932 0 0 0 0 0 0 0 0 0 6.10544217687075 1.29931972789116 0 0 0 0 0 0 0 0 0 0 0 0 0 0 0 3.4421768707483 0 0 0 3.69727891156463 0 0 0 0 0 0 0 0 0 0 0 0 0 0 0 0 0 0 0 0 0 0 0 0 0 0 0 0 0 0 0 0 0 0 0 0 0 0 0 0 0 0 0 0 0 0 0 0 0 0 0 0 0 0 0 0 0 0 0 0 0 0 0 0 0 0 0 0 0.421768707482993 18.5918367346939 17.9863945578231 0 0 0 0 0 0 0 0 0 0 0 0 0 0 0 0 0 0 0 0 131.41156462585 0.248299319727891 0 0 0 0 0 0 0 0 341.663265306122 0 0 0 0 0 2.58503401360544 0 0 0 0 0 0 0 0 0 0 0 0 0 0 0 0 0 0 0 0 0 0
152.329931972789 0 285.741496598639 234.755102040816 366.28231292517 1.81292517006803 0 84.4353741496599 12.8299319727891 0 0 0 91.3571428571429 0 928.959183673469 0.493197278911565 0.578231292517007 0 0 0 0 0 0 0 0 0 549.292517006803 0 140.561224489796 338.421768707483 486.255102040816 75.5442176870748 605.41156462585 417.136054421769 92.7755102040816 28.765306122449 90.2755102040816 78.0918367346939 38.2857142857143 142.15306122449 11.4625850340136 7.66326530612245 13.2517006802721 1.31972789115646 188.571428571429 9.47959183673469 0 0 0.445578231292517 0 6.39455782312925 1.01700680272109 1.16666666666667 3.42176870748299 32.3469387755102 0 3.89455782312925 278.210884353742 5.74149659863946 9.3265306122449 5.42517006802721 18.5136054421769 5.07823129251701 3.07482993197279 5.39795918367347 0 0 0 24.4591836734694 0 0 4.64285714285714 0 0 0 0 0 0 0 0 0 0 0 0 0 0 0 0 0 0 0 0 0 0 0 0 0 0 0 0 0 0 0 0 0 0 0 0 0 0 0 0 0 0 0 0 0 9.88095238095238 119.687074829932 50.469387755102 312.877551020408 13.6972789115646 0 1.58163265306122 0 56.2278911564626 0.391156462585034 0 0 0 0.523809523809524 0 0 0 0 0 0 0 0 0 0 409.091836734694 0 0 0 1.57482993197279 0 0 0 0 0 70.5850340136054 4.27891156462585 0 0.357142857142857 0 0 0 0 0.795918367346939 127.880952380952 35.5272108843537 0.241496598639456 2.24149659863946 0 0.506802721088435 0.673469387755102 0 0 0 0 0.119047619047619 0 0 0 0 0 0 29.0884353741497 9.5 49.7925170068027 0 129.210884353742 56.4047619047619 61.421768707483 2.51360544217687 0 48.8571428571429 2.56122448979592 0 0 0 99.4251700680272 4701.01360544218 437.952380952381 14.5272108843537 4.37414965986395 0 0 0 0 0 0 0 0 3.56802721088435 138.918367346939 0 89.1666666666667 43.7823129251701 4.5578231292517 10.2006802721088 27.2176870748299 3.42857142857143 0.816326530612245 25.7108843537415 43.8503401360544 16.8537414965986 17.0680272108844 66.6258503401361 5.91156462585034 7.21768707482993 14.156462585034 3.2108843537415 53.3163265306122 8.61904761904762 0 0 2.30952380952381 1.8469387755102 1.87074829931973 0.431972789115646 0.880952380952381 0 23.7823129251701 0 0 82.7789115646258 0 0 0.231292517006803 0 0 0 0 0 0 0 0 0 0 0 0 0 0 0 0 0 0 0 0 0 0 0 0 0 0 0 0 0 0 0 0.0816326530612245 0 0 0 0 0 0 0 0 0 0 0 0 0 0 0 0 0 0 0 0 0 0 0 0 0 10.3775510204082 22.8605442176871 15.5238095238095 1.14965986394558 0 0.377551020408163 0 2.41836734693878 0 0 0 0 0 0 0 0 0 0 0 0 0 0 0 159.547619047619 0 0 0 0 0 0 0 0 0 118.401360544218 1.56802721088435 0.122448979591837 0.27891156462585 0 0 0 0 1.43197278911565 5.18027210884354 2.09183673469388 0 0.350340136054422 0 0 0 0 0 0 0 0 0 0 0.894557823129252 0 0 0 0 0
0.268707482993197 0 96.6666666666667 59.1904761904762 4.57482993197279 0 0 0 0 0 0 0 0 928.959183673469 0 3.29251700680272 20.3299319727891 0.836734693877551 0.591836734693878 0 0 0 0 0 0 0 10.1122448979592 0 166.003401360544 447.632653061225 1120.81292517007 0.938775510204082 44.5102040816327 7.70748299319728 18.265306122449 0 0 0 0 0 0 0 0.653061224489796 0 14.5068027210884 112.78231292517 0.795918367346939 4.00680272108844 2.67006802721088 15.8503401360544 0 0 0 0 0 0 1.02380952380952 8.00680272108844 3.72448979591837 0.846938775510204 0 2.86394557823129 2.18027210884354 0.673469387755102 0 0 0 0 3.44897959183673 0 0 0.360544217687075 0 0 0.0272108843537415 0 0 0 0 0 0 0 0 0 0 0 0 0 0 0 0 0 0 0 0.986394557823129 0 0 0 0 0 0 0 5.74829931972789 0 0 0.282312925170068 4.28231292517007 0 0 0 0 0 0 0 0 0 0 72.4421768707483 305.241496598639 132.207482993197 70.187074829932 79.0612244897959 0 18.6462585034014 5.04421768707483 128.496598639456 0 0.615646258503401 0.724489795918367 1.13945578231293 0 6.83673469387755 3.6530612244898 0 0 0 0 0 0 0 0 924.163265306122 64.9353741496599 0 53.9353741496599 182.465986394558 0 0 0 0 52.1122448979592 72.9319727891156 0 0 0.231292517006803 0 0 1.07482993197279 0 0 77.4421768707483 6.67006802721088 0 0 0 0.857142857142857 10.469387755102 0 0 0 0 0.343537414965986 8.00680272108844 5.44557823129252 20.7210884353741 0.82312925170068 0 0 10.2619047619048 0.125850340136054 0.693877551020408 0 116.054421768707 1.64285714285714 18.2006802721088 0 0 0 0 0 0 0 57.8707482993197 143.421768707483 1951.35034013605 8.76530612244898 15.4727891156463 0 0.336734693877551 0 0 0 0 0 0 0 78.7721088435374 0 516.095238095238 46.8605442176871 2.13265306122449 0 4.35374149659864 0 0 0.707482993197279 0.125850340136054 0 0 0 0 5.08503401360544 0 0 150.173469387755 166.986394557823 0 2.25170068027211 34.4761904761905 25.3571428571429 0 0 0 0 0 0 0 0 0 0 0 0 0 0 0 0 0 0 0 0 0 0 0 0 0 0 0.952380952380952 0 0 0 0 0 0 0 0 0 0.496598639455782 0 0 0 0 0 0 0 0 0 0 0 0 0 0 0 0 0 0 0 0 0 0 0 0 0 0 0 0 0 0 0 4.80272108843537 1.4421768707483 0 0 0 2.74829931972789 1.52721088435374 0.860544217687075 0 0 0 0 0 0 0 0 0 0 0 0 0 0 0 383.255102040816 0.683673469387755 0 0.741496598639456 4.27551020408163 0 0 0 0 0.517006802721088 178.860544217687 0 0 0 0 0 3.02721088435374 0 0 3.04081632653061 0 0 0 0 0 0.54421768707483 0 0 0 0 0 0 0.969387755102041 3.52040816326531 0 0 0 0 0
0.45578231292517 0.714285714285714 12.0578231292517 0 7.37074829931973 41.1496598639456 3.70408163265306 0 0 0 0 0 142.397959183673 0.493197278911565 3.29251700680272 0 232.146258503401 15.5204081632653 751.87074829932 24.4795918367347 23.9761904761905 12.7585034013605 1.73809523809524 0 0 0 0 0 0 0 0 0 0 0 0 0 0 0 0 0 0 0 0 0 0 0.125850340136054 0 0 8.02721088435374 0.731292517006803 0 0 0 0 0 0 0 0 0 0 0 0 0 0 0 0 0 0 0 0 0 0 0 0 0.982993197278912 1.49319727891156 0 0 0 0 0 0 0 0 0 0 0 0 0 0 0.248299319727891 0 0 0 0 0 0 0 0 0 0 0 0.646258503401361 0 0 0 0.391156462585034 0 0 0 0 0 0 0 0 0 0 0 8.27891156462585 3.95918367346939 0 0 0 1.75170068027211 0.656462585034014 0.82312925170068 0.670068027210884 0.666666666666667 0 0.0442176870748299 0.227891156462585 0 0 0 3.22789115646259 0.187074829931973 0 4.87074829931973 0 0 0 36.0374149659864 43.9897959183673 0 0 155.214285714286 0 0 0 0 0 172.244897959184 0 1.95578231292517 0 15.6836734693878 4.4421768707483 111.666666666667 44.6530612244898 0 0 0 2.60544217687075 0 0 0 0.659863945578231 0 0 0 0 0.204081632653061 0 0 0.72108843537415 0.5 0 0 0 0 4.7687074829932 0 9.56122448979592 1.58503401360544 3.90816326530612 0.476190476190476 0 0 0 0 0 0 12.7176870748299 3.59863945578231 3.98979591836735 0.727891156462585 1.88775510204082 0 0.0340136054421769 0 0 0 0 0 0 0 0 0 0 0 0 0 0 0 0 0 0 0 0 0 0 0 0 0 0 0.23469387755102 0 0 0 0.0374149659863946 0 0 0 0 0 0 0 0 0 0 0 0 0 0 0 0 0 0 0 0 0 0 0 0 0 0 0 0 0 0 0 0 0 0 0 0 0 0 0 0 0 0 0 0 0 0 0 0 0 0 0 0 0 0 0 0 0 0 0 0 0 0 0 0 0 0 0 0 0 0.527210884353742 0 0 0 0 0 0 0 0 0 0 0 0 0 0 0 0 0 0 0 0 0 8.93877551020408 0 0 0 0 0 0 0 0 0 17.7721088435374 0 0 0 0 0 0 0 0 0 0 0 0 0 0 0 0 0 0 0 0 0 0 0 0 0 0 0 0
0 0 3.66666666666667 0 0 1.53741496598639 0 0 0 0 0 0 4.53061224489796 0.578231292517007 20.3299319727891 232.146258503401 0 9.26190476190476 83.0816326530612 2.5578231292517 6.3265306122449 1.51360544217687 3.82312925170068 0 0 0 0 0 0 0 0.255102040816327 0 0 0 0 0 0 0 0 0 0 0 0 0 1.59183673469388 61.1496598639456 0 2.02040816326531 12.4897959183673 318.744897959184 0 0 0 0 0 0 0 0 0 0 0 0 0 0 0 0 0 0 0 0 0 0 0 0 0.32312925170068 0 0 0 0 0 0 0 0 0 0 0 0 0 0 0 0 0 0 0 1.74489795918367 0 0 0 0 0 0 0 0.717687074829932 0 0 0.768707482993197 0.819727891156463 0 0 0 0 0 0 0 0 0 0 0.425170068027211 1.72448979591837 1.41496598639456 0 0 0 0.561224489795918 0.224489795918367 0.0986394557823129 0 0.408163265306122 0.493197278911565 0 0 0 0 0 1.48639455782313 0 0 5.01360544217687 0 0 0 183.955782312925 118.28231292517 0 65.765306122449 711.537414965986 0 0 0 0 25.6326530612245 221.836734693878 0 0 0 9.07823129251701 0.299319727891156 34.9625850340136 11.1632653061224 0 0 0 0 0 0 0 0.860544217687075 0 0 0 0 0.513605442176871 3.7108843537415 0 0.727891156462585 0.0680272108843537 0 0 0 0 2.65646258503401 0 0.799319727891156 0.438775510204082 1.30272108843537 0 0 0 0 0 0 0 13.8469387755102 1.7108843537415 41.6156462585034 0.520408163265306 1.86734693877551 0 0.581632653061224 0 0 0 0 0 0 0 0 0 0.289115646258503 0 0 0 0 0 0 0 0 0 0 0 0 0 0 0 0 0.054421768707483 0 0 0 0 0 0 0 0 0 0 0 0 0 0 0 0 0 0 0 0 0 0 0 0 0 0 0 0 0 0 0 0 0 0 0 0 0 0 0 0 0 0 0 0 0 0 0 0 0 0 0 0 0 0 0 0 0 0 0 0 0 0 0 0 0 0 0 0 0 0 0 0 0 0 0 0 0 0 0 0 0 0 0 0 0 0 0 0 0 0 0 0 0 0 0 14.5680272108844 0 0 0 0 0 0 0 0 0 5.55102040816327 0 0 0 0 0 0 0 0 0 0 0 0 0 0 0 0 0 0 0 0 0 0 0 0 0 0 0 0
0.891156462585034 24.5884353741497 0 3.75170068027211 6.22789115646258 86.391156462585 168.367346938776 0 0 0 0 0 26.2142857142857 0 0.836734693877551 15.5204081632653 9.26190476190476 0 15.687074829932 4.49319727891156 210.496598639456 256.333333333333 60.5986394557823 0 0 0 0 0 0 0 0 0 0 0 0 0 0 0 0 0 0 0 0 0 0 0 0 0 0 0 0 0 0 0 0 0 0 0 0 0 0 0 0 0 0 0 0 0 0 0 0 0 0 0 0.384353741496599 2.75170068027211 6 0 0 0 0 0 0 0 0 0 0 0.853741496598639 1.51020408163265 1.62925170068027 6.22108843537415 0 3.95238095238095 0 0 0 0 0 0 0 0 0 0 0 0 1.77551020408163 0 0 0 0.493197278911565 0 0.459183673469388 0 0 0 0 0 0 0 3.3843537414966 0 25.9931972789116 0 0 0.0850340136054422 0 162.340136054422 0 0 0 43.7551020408163 5.16666666666667 3.05442176870748 6.69387755102041 777.605442176871 484.901360544218 4.04421768707483 968.248299319728 0 0 4.68027210884354 6.92857142857143 26.0102040816327 0 0 10.5578231292517 0 0 0 2.27551020408163 19.8945578231293 14.4625850340136 0 42.7380952380952 0 161.727891156463 130.574829931973 34.7006802721088 45.9285714285714 5.04761904761905 0 0 750.248299319728 0 0 0 1.39795918367347 0 0 0 0.693877551020408 27.108843537415 0 0 0.724489795918367 0.136054421768707 0 0.326530612244898 0 0 0 0 0 0 0 0 0 0 0 0 0 0 0 0 0 0 0 0 0 0 0 0 0 0 0 0 0 0 0 0 0 0 0 0 0 0 0 0 0 0 0 0 0 0 0 0 0 0 0 0 0 0 0 0 0 0 0 0 0 0 0 0 0 0 0 0 0 0 0 0 0 0 0 0 0 0 0 0 0 0 0 0 0 0 0 0 0 0 0 0 0 0 0 0 0 0 0 0 0 0 0 0 0 0 0 0 0 0 0 0 0 0 0 0 0 0 0 0 0 0 0 0 0 0 0 0 0 0 0 0 0 0 0 0 0 0 0 0 0 0 0 0 0 0 0 0 0 0 0 0 0 0 0 0 0 0 0 0 0 0 0 0 0 0 0 0 0 0 0 0 0 0 0 0 0 0 0 0 0 0
8.21768707482993 1.3265306122449 5.62244897959184 0.615646258503401 5.71768707482993 177.639455782313 4.39115646258503 0 0 0 0 0 307.020408163265 0 0.591836734693878 751.87074829932 83.0816326530612 15.687074829932 0 55.4183673469388 55.8707482993197 24.6326530612245 3.62925170068027 0 0 0 0 0 0 0 0 0 0 0 0 0 0 0 0 0 0 0 0 0 0 2.53741496598639 0 0 7.17687074829932 12.7414965986395 0 0 0 0 0 0 0 0 0 0 0 0 0 0 0 0 0 0 0 0 0 0 0 0 0.0578231292517007 1.31632653061224 0 0 0 0 0 0 0 0 0 0 0 0 0 0 0 0 0 0 0 0 0 0 0 0 0 0 1.14285714285714 0 0 0 0.435374149659864 0 0 0 0 0 0 0 0 0 0 0 2.39115646258503 3.96938775510204 0 0 0 0.292517006802721 3.80952380952381 0.0136054421768707 0.272108843537415 2.11224489795918 1.68367346938776 0.183673469387755 0.673469387755102 0.0476190476190476 0 0 4.82312925170068 0 0 4.31292517006803 0 0 0 17.9013605442177 59.8843537414966 0 0.496598639455782 307.159863945578 0 0 0 0 0 127.027210884354 0 2.42857142857143 0 19.4319727891156 13.265306122449 362.908163265306 62.7891156462585 0 0 0 8.09863945578231 0 0 0 6.93197278911565 0 0 0 0 0.241496598639456 0.261904761904762 0 4.97278911564626 3.82312925170068 0 0.333333333333333 0 0 5.06462585034014 0 1.64625850340136 2.22789115646259 0.622448979591837 0 0 0 0 0 0 0 2.61904761904762 0 0.302721088435374 2.60544217687075 0.0476190476190476 0 0 0 0 0 0 0 0 0 0 0 0 0 0 0 0 0 0 0 0 0 0 0 0 0 0 0 0 0 0 0 0 0 0 0 0 0 0 0 0 0 0 0 0 0 0 0 0 0 0 0 0 0 0 0 0 0 0 0 0 0 0 0 0 0 0 0 0 0 0 0 0 0 0 0 0 0 0 0 0 0 0 0 0 0 0 0 0 0 0 0 0 0 0 0 0 0 0 0 0 0 0 0 0.333333333333333 0 0 0 0 0 0 0 0 0 0 0 0 0 0 0 0 0 0 0 0 0.292517006802721 0 0 0 0 0 0 0 0 0 8.16326530612245 0 0 0 0 0 0 0 0 0 0 0 0 0 0 0 0 0 0 0 0 0 0 0 0 0 0 0 0
1.33333333333333 2.14625850340136 2.14625850340136 3.37074829931973 31.0374149659864 1298.00680272109 0.125850340136054 0 0 0 0 0 85.7925170068027 0 0 24.4795918367347 2.5578231292517 4.49319727891156 55.4183673469388 0 156.598639455782 36.6904761904762 7.22448979591837 0 0 0 0 0 0 0 0 0 0 0 0 0 0 0 0 0 0 0 0 0 0 0 0 0 0 0 0 0 0 0 0 0 0 0 0 0 0 0 0 0 0 0 0 0 0 0 0 0 0 0 1.13265306122449 1.06802721088435 0.782312925170068 0 0 0 0 0 0 0 0 0 0 0 0 0.826530612244898 3.64625850340136 0 0 0 0 0 0 0 0 0 0 0 0 0 0 0 0 0 0 0 0 0 0 0 0 0 0 0 0 0 0 0 0 0 0 0 0 0 0 0 0.054421768707483 0.404761904761905 0 1.2312925170068 2.8469387755102 1.36734693877551 0 3.51020408163265 0 0 0 0 87.187074829932 0 0 10.3877551020408 0 0 0 0 0 7.57482993197279 0 0 0 45.6496598639456 4.07823129251701 1417.52721088435 146.418367346939 0 0 0 0 0 0 0 0 0 0 0 0 0.863945578231292 0 0 0 0 0 0 0 0 0 0 0 0 0 0 0 0 0 0 0 0 0 0 0 0 0 0 0 0 0 0 0 0 0 0 0 0 0 0 0 0 0 0 0 0 0 0 0 0 0 0 0 0 0 0 0 0 0 0 0 0 0 0 0 0 0 0 0 0 0 0 0 0 0 0 0 0 0 0 0 0 0 0 0 0 0 0 0 0 0 0 0 0 0 0 0 0 0 0 0 0 0 0 0 0 0 0 0 0 0 0 0 0 0 0 0 0 0 0 0 0 0 0 0 0 0 0 0 0 0 0 0 0 0 0 0 0 0 0 0 0 0 0 0 0 0 0 0 0 0 0 0 0 0 0 0 0 0 0 0 0 0 0 0 0 0 0 0 0 0 0 0 0 0 0 0 0 0 0 0 0 0 0 0 0 0 0 0 0
0 29.7108843537415 0.391156462585034 4.98299319727891 47.1326530612245 1067.43537414966 16.3843537414966 0 0 0 0 0 196.666666666667 0 0 23.9761904761905 6.3265306122449 210.496598639456 55.8707482993197 156.598639455782 0 185.71768707483 42.2210884353741 0 0 0 0 0 0 0 0 0 0 0 0 0 0 0 0 0 0 0 0 0 0 0 0 0.41156462585034 0 2.61224489795918 0 0 0 0 0 0 0 0 0 0 0 0 0 0 0 0 0 0 0 0 0 0 0 0 2.50680272108844 4.82993197278912 7.45238095238095 0 0 0 0 0.374149659863946 0 0 0 0 0 0 0.0170068027210884 1.7108843537415 8.39115646258503 0 0 0.23469387755102 0 0 0 0 0 0 0 0 0 0 0 0 0 0 0 4.00680272108844 0.23469387755102 0 0 0 0 0 0 0 0 4.68367346938776 0 1.86054421768707 0.91156462585034 0.187074829931973 0.0782312925170068 0 20.6666666666667 4.29931972789116 0 0 41.0272108843537 13.6156462585034 0.258503401360544 12.3707482993197 59.2006802721088 7.51020408163265 0 162.387755102041 0 0 6.50340136054422 2.17006802721088 102.799319727891 0 0 20.1700680272109 0 0 0 0 1.29931972789116 27.5204081632653 0 6.7108843537415 0 182.180272108844 32.6292517006803 449.268707482993 147.122448979592 0.986394557823129 0 0 60.9795918367347 0 0 0 12.5272108843537 0 0.295918367346939 0.0952380952380952 0.727891156462585 24.4897959183673 0 0 1.33333333333333 8.10544217687075 0 2.72789115646259 0 0 0 0 0 0.506802721088435 0 2.00340136054422 0 0 0 0 0 0 9.35034013605442 0 0 0 0 0 0 0 0 0 0 0 0 0 0 0 0 0 0 0 0 0 0 0 0 0 0 0 0 0 0 0 0 0 0 0 0 0 0 0 0 0 0 0 0 0 0 0 0 0 0 0 0 0 0 0 0 0 0 0 0 0 0 0 0 0 0 0 0 0 0 0 0 0 0 0 0 0 0 0 0 0 0 0 0 0 0 0 0 0 0 0 0 0 0 0 0 0 0 0 0 0 0 0 0 0 0 0 0 0 0 0 0 0 0 0 0 0 0 0 0 0 0 0 0 0 0 0 0 0.537414965986395 0 0 0 0 0 0 0 0 0 0 0 0 0 0 0 0 0 0 0 0 0 0 0 0 0 0 0 0 0 0 0 0 0 0 0 0 0 0
