0 68.969387755102 638.057823129252 6686.2925170068 4940.50340136054 1981.3537414966 225.812925170068 17.265306122449 0 0 0 0 1121.34353741497 405.843537414966 183.918367346939 109.261904761905 47.7006802721088 289.187074829932 75.1496598639456 214.84693877551 333.996598639456 375.894557823129 0 0 0 27.608843537415 0 0 0 50.1836734693878 255.97619047619 0 41.0918367346939 0 20.9863945578231 0 0 0 0 0 0 0 10.0986394557823 24.0578231292517 0 0 0 0 0 0 0 0 0 0 0 0 0 0 0 11.4931972789116 11.843537414966 13.2448979591837 15.7891156462585 0 0 0 20.8877551020408 15.2857142857143 53.3163265306122 34.2142857142857 28.3231292517007 50.2482993197279 11.1836734693878 0 37.5102040816327 39.0850340136054 70.9557823129252 0 0 0 0 16.3979591836735 11.9931972789116 19.2721088435374 22.3673469387755 30.3979591836735 44.1632653061224 32.2244897959184 26.3571428571429 49.3299319727891 55.9455782312925 24.7414965986395 31.891156462585 24.2210884353741 0 12.4727891156463 0 0 0 0 0 0 49.7278911564626 0 0 60.9625850340136 80.2074829931973 22.047619047619 17.8809523809524 77.5442176870748 27.6394557823129 29.234693877551 0 0 0 0 0 64.6700680272109 230.826530612245 993.792517006803 1259.72108843537 239.258503401361 151.78231292517 21.7074829931973 157.748299319728 220.183673469388 235.442176870748 162.013605442177 62.9081632653061 82.4183673469388 630.08843537415 448.646258503401 222.091836734694 446.479591836735 443.292517006803 209.418367346939 67.7448979591837 189.047619047619 0 0 0 221.068027210884 131.962585034014 0 0 41.343537414966 0 0 0 20.2210884353741 41.6666666666667 211.360544217687 406.234693877551 124.380952380952 78.2959183673469 127.146258503401 91.7380952380952 142.734693877551 163.190476190476 422.945578231293 0 0 220.054421768707 0 0 31.2551020408163 156.003401360544 0 41.5884353741497 31.108843537415 21.6258503401361 318.860544217687 21.7380952380952 0 117.765306122449 236.391156462585 206.418367346939 108.527210884354 0 0 563.792517006803 0 78.8877551020408 380.97619047619 246.853741496599 60.0068027210884 0 0 0 0 0 0 158.52380952381 44.4387755102041 96.0272108843537 32.5612244897959 26 28.578231292517 12.030612244898 0 0 0 0 0 0 0 0 0 0 20.0340136054422 40.1836734693878 0 0 0 0 0 0 0 0 0 0 0 0 0 0 20.9727891156463 0 0 0 16.4489795918367 0 0 0 0 0 0 0 0 0 0 0 0 0 0 0 0 0 0 0 0 0 0 0 0 0 0 0 0 0 0 0 0 0 0 0 0 0 0 0 0 0 0 0 0 0 0 0 0 0 0 0 0 0 0 0 0 0 0 0 0 0 0 0 0 0 0 0 0 0 235.829931972789 128.37074829932 0 0 0 0 0 0 0 0 0 15.9659863945578 0 0 19.4727891156463 21.1326530612245 14.2448979591837 0 27.1734693877551 0 0 0 87.4183673469388 31.3163265306122 0 22.3673469387755 0 0 0 0 0 18.7789115646259 83.5952380952381 39.421768707483 0 0 0 0 0 0 28.4489795918367 0 0 0 0 0 0 0 0 0 0 0 10.3605442176871 0 0 0 0 0 0 0 0
68.969387755102 0 0 43.8503401360544 44.578231292517 55.3265306122449 0 12.891156462585 0 0 0 0 30.1020408163265 0 0 0 0 59.156462585034 0 42.5680272108844 83.2448979591837 0 97.5204081632653 0 0 0 0 0 0 0 0 0 0 0 0 0 0 0 0 0 0 0 0 0 0 0 0 0 0 0 0 0 0 0 0 0 0 0 0 0 0 0 0 0 0 0 38.6598639455782 0 0 0 0 0 24.4387755102041 0 0 0 0 0 0 0 0 0 0 0 0 0 0 0 0 0 0 0 0 0 0 0 0 0 0 0 0 0 0 0 0 0 0 0 0 0 0 0 0 0 0 0 0 0 0 23.0442176870748 0 0 0 0 12.8299319727891 0 0 0 0 0 27.0544217687075 25.2142857142857 59.5442176870748 36.4795918367347 32.0952380952381 34.4489795918367 119.755102040816 117.156462585034 0 105.326530612245 76.3503401360544 0 126.340136054422 0 0 18.9455782312925 0 0 0 72.469387755102 115.982993197279 0 0 0 0 95.4897959183673 140.265306122449 28.9489795918367 145.176870748299 0 0 0 0 0 0 0 0 0 0 0 0 0 0 0 0 12.9455782312925 19.5170068027211 0 0 0 0 0 0 0 0 0 0 0 0 0 0 0 0 0 0 0 0 0 0 0 0 0 0 0 0 0 0 0 0 0 0 0 0 0 0 0 0 0 0 0 0 0 0 0 0 0 0 0 0 0 0 0 0 0 0 0 0 0 0 0 0 0 0 0 0 0 0 0 0 0 0 0 0 0 0 0 0 0 0 0 0 0 0 0 0 0 0 0 0 0 0 0 0 0 0 0 0 0 0 0 0 0 0 0 0 0 0 0 0 0 0 0 0 0 0 0 0 0 0 0 0 0 0 0 0 0 0 0 0 0 0 0 0 0 0 0 0 0 0 0 0 0 0 0 0 0 0 0 0 0 0 0 0 0 0 0 0 0 0 0 0 0 0 0 0 0 0 0 0 0 0 0 0 0 0 0 0 0 0 0
638.057823129252 0 0 529.642857142857 331.904761904762 142.659863945578 0 0 0 0 0 0 182.748299319728 155.078231292517 108.452380952381 72.4183673469388 39.5510204081633 0 70.3095238095238 24.5918367346939 0 0 0 0 0 0 0 0 0 0 115.850340136054 0 0 0 0 0 0 0 0 0 0 0 0 0 0 0 0 0 0 0 0 0 0 0 0 0 0 0 0 0 0 0 0 0 0 0 0 0 0 0 0 0 0 0 0 0 0 0 0 0 0 0 0 0 0 0 0 0 0 0 0 0 0 0 0 0 0 0 0 0 0 0 0 0 0 0 0 0 0 0 0 0 0 0 0 0 0 0 33.2312925170068 88.2040816326531 140.744897959184 22.0884353741497 0 0 19.1462585034014 21.8707482993197 0 0 0 0 23.8605442176871 0 0 16.1666666666667 15.7517006802721 0 0 18.3027210884354 0 0 0 183.56462585034 0 0 0 0 0 0 0 0 0 115.724489795918 30.1666666666667 0 0 0 0 43.391156462585 0 20.0068027210884 0 0 0 0 0 0 12.0170068027211 0 0 0 0 0 0 0 26.6224489795918 0 0 0 0 0 88.7857142857143 0 23.9863945578231 52.5714285714286 40.6836734693878 9.74489795918367 0 0 0 0 0 0 42.5136054421769 17.4183673469388 38.0612244897959 0 0 0 0 0 0 0 0 0 0 0 0 0 0 0 14.8333333333333 0 0 0 0 0 0 0 0 0 0 0 0 0 0 0 0 0 0 0 0 0 0 0 0 0 0 0 0 0 0 0 0 0 0 0 0 0 0 0 0 0 0 0 0 0 0 0 0 0 0 0 0 0 0 0 0 0 0 0 0 0 0 0 0 0 0 0 0 0 0 0 0 0 0 0 0 0 0 0 0 0 0 0 0 0 0 0 0 54.187074829932 31.1292517006803 0 0 0 0 0 0 0 0 0 0 0 0 0 0 0 0 0 0 0 0 35.4081632653061 0 0 0 0 0 0 0 0 0 30.9047619047619 0 0 0 0 0 0 0 0 0 0 0 0 0 0 0 0 0 0 0 0 0 0 0 0 0 0 0 0
6686.2925170068 43.8503401360544 529.642857142857 0 3343.97959183673 1701.92857142857 202.636054421769 22.5408163265306 0 0 0 0 806.649659863946 289.853741496599 143.874149659864 80.8231292517007 38.8503401360544 269.938775510204 75.5068027210884 118.97619047619 166.071428571429 232.292517006803 0 0 0 19.2721088435374 0 0 0 35.4727891156463 204.425170068027 0 33.5476190476191 0 19.0272108843537 0 0 0 0 0 0 0 8.75850340136054 19.6836734693878 0 0 0 0 0 0 21.0612244897959 0 0 12.8027210884354 0 0 0 8.55102040816327 0 10.8741496598639 9.06802721088435 0 10.1156462585034 0 0 0 14.1258503401361 9.51020408163265 31.3299319727891 18.8537414965986 14.8741496598639 27.9047619047619 0 0 19.2755102040816 20.0102040816327 36.3299319727891 0 0 0 0 0 0 10.9183673469388 12.3027210884354 16.5952380952381 23.7176870748299 17.5170068027211 14.6020408163265 26.6904761904762 29.4319727891156 13.5612244897959 17.5340136054422 12.5986394557823 0 10.5034013605442 0 0 0 0 0 0 26.7312925170068 0 0 31.0952380952381 39.5102040816327 11.3707482993197 9.73809523809524 41.421768707483 14.3197278911565 15.1734693877551 0 0 0 0 0 91.3809523809524 166.278911564626 578.721088435374 747.071428571429 215.316326530612 76.4727891156463 14.1020408163265 80.2687074829932 320.343537414966 243.850340136054 77.2619047619048 32.1666666666667 40.7108843537415 357.891156462585 234.727891156463 124.445578231293 271.744897959184 360.251700680272 163.091836734694 38.7789115646259 129.982993197279 0 0 0 182.238095238095 64.2074829931973 0 0 26.3707482993197 0 0 0 0 25.5850340136054 167.258503401361 342.119047619048 135.574829931973 67.4251700680272 49.8367346938776 47.9523809523809 102.646258503401 62.2414965986395 357.02380952381 0 0 306.62925170068 0 0 17.2755102040816 84.0102040816327 0 21.4115646258503 16.3333333333333 10.921768707483 213.268707482993 13.3537414965986 0 67.4387755102041 117.159863945578 106.078231292517 53.4387755102041 10.9965986394558 0 403.965986394558 0 48.2925170068027 352.268707482993 188.452380952381 47.2448979591837 0 0 0 0 0 0 94.6190476190476 39.6836734693878 56.7517006802721 19.6598639455782 15.1632653061224 45.6530612244898 0 0 0 0 0 0 0 0 0 0 0 12.2448979591837 29.2380952380952 0 0 0 0 0 0 0 0 0 0 0 0 0 0 11.9727891156463 0 0 0 9.78231292517007 0 0 0 0 0 0 0 0 0 0 0 0 0 0 0 0 0 0 0 0 0 0 0 0 0 0 0 0 0 0 0 0 0 0 0 0 0 0 0 0 0 0 0 0 0 0 0 0 0 0 0 0 0 0 0 0 0 0 0 0 0 0 0 0 0 0 0 39.1462585034014 0 142.904761904762 75.6530612244898 22.1428571428571 0 0 0 70.9455782312925 0 0 0 0 9.86394557823129 0 0 12.1530612244898 24.4591836734694 0 0 20.421768707483 0 0 0 52.812925170068 18.1496598639456 0 12.3639455782313 0 0 0 0 0 0 47.7959183673469 92.9795918367347 0 0 0 0 0 0 18.5136054421769 0 0 52.9115646258503 0 0 0 0 0 0 0 0 0 0 0 0 0 0 0 0 0
4940.50340136054 44.578231292517 331.904761904762 3343.97959183673 0 2217.3231292517 234.06462585034 14.5986394557823 0 0 0 0 820.493197278912 288.918367346939 78.1972789115646 109.979591836735 38.6020408163265 260.969387755102 146.469387755102 199.683673469388 271.204081632653 346.30612244898 0 0 0 14.3367346938776 0 0 0 0 139.275510204082 0 0 0 0 0 0 0 0 0 0 0 0 17.108843537415 0 0 0 0 0 0 0 0 0 0 0 0 0 0 0 0 0 0 0 0 0 0 17.5136054421769 0 19.1632653061224 14.2585034013605 0 18.7482993197279 0 0 14.0170068027211 14.2551020408163 26.0034013605442 0 0 0 0 6.62585034013605 0 0 0 13.4727891156463 17.0340136054422 11.5034013605442 0 17.5340136054422 20.7448979591837 9.72448979591837 0 0 0 13.3571428571429 0 0 0 0 0 0 26.7789115646259 0 0 29.1734693877551 36.8095238095238 0 0 31.3265306122449 0 0 0 0 0 0 0 52.812925170068 119.56462585034 439.819727891156 450.683673469388 139.12925170068 57.4727891156463 17.8265306122449 83.687074829932 164.377551020408 187.676870748299 67.0850340136054 32.7210884353741 35.234693877551 261.850340136054 172.333333333333 106.833333333333 196.374149659864 261.401360544218 117.534013605442 38.7619047619048 121.880952380952 0 0 0 149.465986394558 60.6258503401361 0 0 0 0 0 0 0 0 128.357142857143 217.428571428571 130.261904761905 42.7312925170068 68.2074829931973 42.5102040816327 170.84693877551 85.3163265306122 259.622448979592 0 0 252.544217687075 0 0 0 69.3605442176871 0 15.2380952380952 0 8.02380952380952 152.357142857143 15.0442176870748 0 80.469387755102 88.1360544217687 86.6054421768708 43.2721088435374 0 0 311.06462585034 0 52.2414965986395 214.874149659864 138.289115646258 33.1700680272109 0 0 0 0 0 0 99.7108843537415 34.4489795918367 66.5068027210884 22.8707482993197 18.8707482993197 29.1972789115646 0 0 0 0 0 0 0 0 0 0 0 0 29.1972789115646 0 0 0 0 0 0 0 0 0 0 0 0 0 0 14.6530612244898 0 0 0 0 0 0 0 0 0 0 0 0 0 0 0 0 0 0 0 0 0 0 0 0 0 0 0 0 0 0 0 0 0 0 0 0 0 0 0 0 0 0 0 0 0 0 0 0 0 0 0 0 0 0 0 0 0 0 0 0 0 0 0 0 0 0 0 0 0 0 0 22.5578231292517 0 145.707482993197 79.2789115646258 0 0 0 0 28.3401360544218 0 0 0 0 0 0 0 0 14.4183673469388 0 0 19.8605442176871 0 0 0 66.1428571428571 23.3639455782313 0 17.030612244898 0 0 0 0 0 0 57.1904761904762 38.030612244898 0 0 0 0 0 0 12.9591836734694 0 0 26.4727891156463 0 0 0 0 0 0 0 0 0 0 0 0 0 0 0 0 0
1981.3537414966 55.3265306122449 142.659863945578 1701.92857142857 2217.3231292517 0 405.098639455782 0 0 0 0 0 703.578231292517 71.3197278911565 48.5204081632653 118.394557823129 50.1122448979592 387.380952380952 255.721088435374 409.829931972789 504.41156462585 589.530612244898 64.6938775510204 0 0 9.64285714285714 0 0 0 0 39.5 0 0 0 0 0 0 0 0 0 0 0 0 0 0 0 0 0 0 0 0 0 0 0 0 0 0 0 0 0 0 0 0 0 0 0 0 0 12.2312925170068 8.96938775510204 0 12.0952380952381 0 0 9.64965986394558 9.91836734693878 17.952380952381 0 0 0 0 0 0 0 0 9.59183673469388 11.3061224489796 0 0 0 13.7993197278912 0 0 0 0 12.7959183673469 0 0 0 0 0 0 16.1428571428571 0 0 18.3741496598639 24.2517006802721 0 0 20.1598639455782 0 0 0 0 0 0 0 20.030612244898 50.9047619047619 239.636054421769 143.054421768707 76.1972789115646 40.0748299319728 11.2074829931973 56.2721088435374 68.3571428571429 146.972789115646 45.6904761904762 22.3401360544218 24.8265306122449 175.608843537415 123.190476190476 83.3775510204082 140.353741496599 186.37074829932 93.1258503401361 36.469387755102 165.632653061224 0 0 0 80.9319727891156 142.428571428571 0 0 55.578231292517 0 0 0 0 0 145.241496598639 96.6904761904762 141.680272108844 26.4591836734694 146.884353741497 61.7585034013605 393.112244897959 179.06462585034 162.227891156463 0 0 269.329931972789 0 0 0 43.8231292517007 0 0 0 0 103.850340136054 9.8265306122449 0 53.421768707483 59.9931972789116 63.6972789115646 28.3027210884354 0 0 76.1598639455782 0 0 56.4149659863946 34.5408163265306 0 0 0 0 0 0 0 23.5952380952381 0 19.6972789115646 0 0 0 0 0 0 0 0 0 0 0 0 0 0 0 0 0 0 0 0 0 0 0 0 0 0 0 0 0 0 0 0 0 0 0 0 0 0 0 0 0 0 0 0 0 0 0 0 0 0 0 0 0 0 0 0 0 0 0 0 0 0 0 0 0 0 0 0 0 0 0 0 0 0 0 0 0 0 0 0 0 0 0 0 0 0 0 0 0 0 0 0 0 0 0 0 0 0 0 0 0 0 0 0 43.4659863945578 20.1802721088435 0 0 0 0 0 0 0 0 0 0 0 0 0 0 0 0 0 0 0 0 17.7551020408163 0 0 0 0 0 0 0 0 0 0 0 0 0 0 0 0 0 0 0 0 0 0 0 0 0 0 0 0 0 0 0 0 0 0 0 0 0 0
225.812925170068 0 0 202.636054421769 234.06462585034 405.098639455782 0 0 0 0 0 0 84.5952380952381 0 0 0 0 221.448979591837 36.9829931972789 0 48.8333333333333 103.860544217687 0 0 0 0 0 0 0 0 0 0 0 0 0 0 0 0 0 0 0 0 0 0 0 0 0 0 0 0 0 0 0 0 0 0 0 0 0 0 0 0 0 0 0 0 0 0 0 0 0 0 0 0 0 0 0 0 0 0 0 0 0 0 0 0 0 0 0 0 0 0 0 0 0 0 0 0 0 0 0 0 0 0 0 0 0 0 0 0 0 0 0 0 0 0 0 0 22.656462585034 66.1802721088435 0 38.8843537414966 0 0 0 47.4591836734694 107.615646258503 0 0 0 44.6700680272109 23.1632653061224 0 40.9353741496599 99.3775510204082 45.1904761904762 0 64.5952380952381 0 0 0 0 0 0 0 0 0 0 0 0 0 0 45.8809523809524 93.5102040816327 0 0 0 70.7278911564626 0 103.326530612245 0 0 239.227891156463 0 0 0 0 0 0 0 0 38.2380952380952 0 0 0 8.07823129251701 0 0 0 0 15.8877551020408 0 0 0 0 0 0 0 0 0 0 0 0 0 0 0 0 0 0 0 0 0 0 0 0 0 0 0 0 0 0 0 0 0 0 0 0 0 0 0 0 0 0 0 0 0 0 0 0 0 0 0 0 0 0 0 0 0 0 0 0 0 0 0 0 0 0 0 0 0 0 0 0 0 0 0 0 0 0 0 0 0 0 0 0 0 0 0 0 0 0 0 0 0 0 0 0 0 0 0 0 0 0 0 0 0 0 0 0 0 0 0 0 0 0 0 0 0 0 0 0 0 0 0 0 0 0 0 0 0 0 0 0 0 0 0 0 0 0 0 0 0 0 0 0 0 0 0 0 0 0 0 0 0 0 0 0 0 0 0 0 0 0 0 0 0 0 0 0 0 0 0 0 0 0 0 0 0 0 0
17.265306122449 12.891156462585 0 22.5408163265306 14.5986394557823 0 0 0 707.098639455782 275.982993197279 76.108843537415 345.309523809524 0 397.319727891156 0 0 0 0 0 0 0 0 0 0 0 52.3197278911565 0 18 0 0 0 60.0646258503401 0 0 0 431.602040816327 159.34693877551 164.908163265306 195.30612244898 680.071428571429 52.5 211.034013605442 118.15306122449 232.948979591837 100.455782312925 0 176.391156462585 51.2176870748299 68.7823129251701 33.9591836734694 804.738095238095 363.62925170068 930.955782312925 962.850340136054 907.93537414966 420.840136054422 0 0 0 20.4149659863946 0 0 10.7959183673469 0 0 0 97.7891156462585 16.3741496598639 17.8469387755102 20.7823129251701 12.2789115646259 11.6904761904762 58.8299319727891 48.4523809523809 31.969387755102 14.3061224489796 20.0952380952381 180.061224489796 22.7721088435374 44.1020408163265 19.4625850340136 18.765306122449 23.734693877551 15.9421768707483 0 16.6632653061224 14.1836734693878 0 7.48979591836735 7.24829931972789 0 0 0 0 38.9149659863946 178.785714285714 72.4115646258503 0 123.156462585034 219.887755102041 48.891156462585 164.30612244898 35.6802721088435 40.5918367346939 31.3027210884354 351.880952380952 0 47.8741496598639 45.6462585034014 40.0136054421769 12.734693877551 0 32.7244897959184 15.6632653061224 28.1428571428571 119.28231292517 157.863945578231 71.9863945578231 137.799319727891 1127.9693877551 0 35.5204081632653 0 0 0 0 0 0 0 15.6190476190476 90.6530612244898 25.3231292517007 100.622448979592 41.6904761904762 25.3367346938776 33.3945578231293 95.4863945578231 60.0408163265306 0 27.8367346938776 18.3843537414966 0 40.4523809523809 54.7414965986395 53.4387755102041 15.4421768707483 137.452380952381 171.996598639456 206.574829931973 60.7006802721088 108.595238095238 0 0 0 0 0 26.9285714285714 0 0 0 0 0 0 0 0 0 150.884353741497 106.299319727891 17.5748299319728 8.12925170068027 0 25.8469387755102 0 0 35.6020408163265 12.1530612244898 22.812925170068 0 0 0 0 0 0 0 0 0 0 825.156462585034 83.2040816326531 35.7040816326531 0 17.2925170068027 0 228.309523809524 0 0 0 0 0 0 0 0 0 0 0 25.3163265306122 0 0 0 0 0 0 0 0 0 127.06462585034 29.2517006802721 32.343537414966 37.8809523809524 238.955782312925 25.1054421768707 13.1836734693878 51.8809523809524 84.2040816326531 16.2380952380952 0 0 0 0 0 150.43537414966 29.7244897959184 63.0646258503401 136.482993197279 333.71768707483 0 0 0 0 0 0 0 0 0 0 0 0 0 0 0 0 0 0 0 0 0 0 0 0 0 0 0 0 0 0 0 0 0 0 0 0 0 0 0 0 22.9965986394558 0 0 0 0 0 0 0 0 0 0 0 0 0 0 0 0 0 0 0 0 0 0 0 21.765306122449 0 0 0 0 0 0 0 0 0 0 0 0 0 0 0 0 0 0 0 0 0 0 0 0 0 0 0 0 0 0 0 0 0 0 0 0 0 0 0 0 0 0 0 0 0 0 0 0 0 0 0 0 0 0 0 0 0 0 0 0
0 0 0 0 0 0 0 707.098639455782 0 58.8673469387755 0 87.1972789115646 0 106.727891156463 0 0 0 0 0 0 0 0 0 0 0 22.0986394557823 0 0 0 0 0 0 0 0 0 266.789115646258 70.8095238095238 74.4863945578231 62.9251700680272 125.996598639456 0 53.7108843537415 27.6734693877551 70.7448979591837 0 0 51.6462585034014 0 0 0 1460.85034013605 429.329931972789 665.183673469388 225.768707482993 177.659863945578 115.578231292517 0 0 0 0 0 0 0 0 0 0 62.5 8.91496598639456 8.30612244897959 10.6156462585034 6.19727891156463 0 44.2414965986395 31.9251700680272 18.2619047619048 0 0 77.8061224489796 0 34.6122448979592 0 10.2993197278912 0 0 0 0 0 0 0 0 0 0 0 0 0 73.530612244898 29.7585034013605 0 80.7278911564626 220.510204081633 55.8809523809524 100.41156462585 28.3231292517007 72.2142857142857 35.7619047619048 159.187074829932 0 29.0646258503401 18.1326530612245 17.9659863945578 0 0 0 9.31292517006803 0 180.401360544218 97.3741496598639 26.1462585034014 81.5034013605442 459.367346938775 0 0 0 0 0 0 0 0 0 0 44.8639455782313 0 0 0 0 0 26.0884353741497 0 0 0 0 0 0 20.5034013605442 0 0 165.969387755102 115.996598639456 69.5884353741497 19.2482993197279 34.2312925170068 0 0 0 0 0 0 0 0 0 0 0 0 0 0 0 122.52380952381 38.7006802721088 9.45578231292517 0 0 0 0 0 26.3809523809524 0 0 0 0 0 0 0 0 0 0 0 0 124.952380952381 60.6496598639456 0 0 0 0 53.6326530612245 0 0 0 0 0 0 0 0 0 0 0 0 12.8333333333333 0 0 0 0 0 0 0 0 83.5748299319728 24.7517006802721 18.7176870748299 58.1428571428571 37.4523809523809 0 0 0 0 18.9285714285714 0 0 0 0 0 129.479591836735 39.8979591836735 24.3809523809524 0 29.078231292517 0 0 0 0 0 0 0 0 0 0 0 0 0 0 0 0 0 0 0 0 0 0 0 0 0 0 0 0 0 0 0 0 0 0 0 0 0 0 0 0 0 0 0 0 0 0 0 0 0 0 0 0 0 0 0 0 0 0 0 0 0 0 0 0 0 0 0 0 0 0 0 0 0 0 0 0 0 0 0 0 0 0 0 0 0 0 0 0 0 0 0 0 0 0 0 0 0 0 0 0 0 0 0 0 0 0 0 0 0 0 0 0 0 0 0 0 0 0 0 0 0 0 0 0 0
0 0 0 0 0 0 0 275.982993197279 58.8673469387755 0 73.4013605442177 231.853741496599 0 0 0 0 0 0 0 0 0 0 0 0 0 0 0 0 0 0 0 0 0 0 0 0 0 0 0 0 0 0 28.4013605442177 184.170068027211 0 0 37.7755102040816 0 0 0 97.9727891156463 29.4761904761905 105.605442176871 377.789115646258 99.0476190476191 142.343537414966 0 0 0 0 0 0 0 0 0 0 124.962585034014 0 0 0 0 0 48.5 0 0 0 0 72.421768707483 0 0 0 0 0 0 0 0 0 0 0 0 0 0 0 0 0 282.544217687075 142.554421768707 0 26.7619047619048 0 0 0 0 0 0 40.7789115646259 0 0 0 0 0 0 0 0 0 0 33.2312925170068 0 0 95.3945578231292 0 0 0 0 0 0 0 0 0 0 0 0 0 0 0 0 39.5170068027211 35.3265306122449 0 0 0 0 0 17.5952380952381 25.1156462585034 0 0 0 83.1700680272109 23.391156462585 54.7210884353741 0 0 0 0 0 0 0 0 0 0 0 0 0 0 0 0 12.5136054421769 0 0 0 0 0 0 0 0 0 0 0 0 0 0 0 0 0 0 0 28.8605442176871 0 30.765306122449 0 17.6598639455782 0 0 0 0 0 0 0 0 0 0 0 0 0 46.9387755102041 0 0 0 0 0 0 0 0 0 0 0 0 0 21.3537414965986 13.8265306122449 0 49.5374149659864 88.9795918367347 0 0 0 0 0 0 0 0 0 31.0748299319728 59.4047619047619 0 0 0 0 0 0 0 0 0 0 0 0 0 0 0 0 0 0 0 0 0 0 0 0 0 0 0 0 0 0 0 0 0 0 0 0 0 0 0 0 25.1904761904762 0 0 0 0 0 0 0 0 0 0 0 0 0 0 0 0 0 0 0 0 0 0 0 0 0 0 0 0 0 0 0 0 0 0 0 0 0 0 0 0 0 0 0 0 0 0 0 0 0 0 0 0 0 0 0 0 0 0 0 0 0 0 0 0 0 0 0 0 0 0 0 0 0 0 0 0 0 0 0 0 0 0 0 0
0 0 0 0 0 0 0 76.108843537415 0 73.4013605442177 0 179.234693877551 0 0 0 0 0 0 0 0 0 0 0 0 0 0 0 0 0 0 0 0 0 0 0 0 0 0 0 0 0 0 0 56.9183673469388 0 0 0 0 0 0 33.7517006802721 0 27.0272108843537 0 0 118.908163265306 0 0 0 0 0 0 0 0 0 0 87.7823129251701 0 0 0 0 0 88.4319727891156 38.0612244897959 0 0 0 116.431972789116 38.765306122449 93.5068027210884 0 0 0 0 0 0 0 0 0 0 0 0 0 0 0 0 0 0 0 0 0 0 0 0 0 0 0 0 0 0 0 0 0 0 0 0 0 0 0 19.0374149659864 0 0 0 0 0 0 0 0 0 0 0 0 33.2006802721088 0 0 0 28.9013605442177 0 0 0 0 0 0 0 0 0 0 0 28.9285714285714 0 0 0 0 0 0 0 0 0 0 0 0 0 0 0 0 0 0 0 0 0 0 0 0 0 0 0 0 0 0 0 0 0 0 0 0 0 0 0 0 0 0 0 0 0 0 0 0 0 0 0 0 0 0 0 0 0 0 0 0 0 0 0 0 0 0 0 0 0 0 0 0 0 0 0 0 0 0 0 0 0 0 0 0 0 0 0 0 0 0 0 0 0 0 0 0 0 0 0 0 0 0 0 0 0 0 0 0 0 0 0 0 0 0 0 0 0 0 0 0 0 0 0 0 0 0 0 0 0 0 0 0 0 0 0 0 0 0 0 0 0 0 0 0 0 0 0 0 0 0 0 0 0 0 0 0 0 0 0 0 0 0 0 0 0 0 0 0 0 0 0 0 0 0 0 0 0 0 0 0 0 0 0 0 0 0 0 0 0 0 0 0 0 0 0 0 0 0 0 0 0 0 0 0 0 0 0 0 0 0 0
0 0 0 0 0 0 0 345.309523809524 87.1972789115646 231.853741496599 179.234693877551 0 0 0 0 0 0 0 0 0 0 0 0 0 0 47.843537414966 0 0 0 0 0 0 0 0 0 0 0 0 0 0 0 0 63.5374149659864 234.772108843537 0 0 49.9931972789116 0 0 0 142.02380952381 41.5680272108844 156.309523809524 208.761904761905 78.3843537414966 268.408163265306 0 0 0 0 0 0 0 0 0 0 195.482993197279 0 0 0 0 0 213.272108843537 0 0 0 0 223.850340136054 75.0952380952381 178.204081632653 0 0 0 0 0 0 0 0 0 0 0 0 0 0 0 180.013605442177 156.350340136054 0 53.6326530612245 0 0 0 0 0 0 54.4251700680272 0 0 0 0 0 0 0 0 0 0 55.030612244898 0 0 121.380952380952 0 0 0 0 0 0 0 0 0 0 0 0 119.12925170068 45.4761904761905 25.0374149659864 48.1496598639456 122.772108843537 85.8571428571429 0 30.3537414965986 0 0 0 31.5646258503401 28.3605442176871 0 0 58.1598639455782 144.455782312925 49.0102040816327 76.9149659863946 0 0 0 0 0 33.3605442176871 0 0 0 0 0 0 0 0 0 0 0 0 0 0 0 0 0 0 0 0 0 0 0 0 0 0 0 0 0 0 19.7857142857143 0 36.3673469387755 0 0 0 0 0 0 0 0 0 0 0 0 0 0 0 75.9387755102041 0 0 0 0 0 0 0 0 0 0 0 0 0 17.3197278911565 0 0 60.3503401360544 111.608843537415 0 0 0 0 0 0 0 0 0 0 44.1156462585034 0 0 0 0 0 0 0 0 0 0 0 0 0 0 0 0 0 0 0 0 0 0 0 0 0 0 0 0 0 0 0 0 0 0 0 0 0 0 0 0 33.1598639455782 35.8231292517007 0 0 0 0 0 0 0 0 0 0 0 0 0 0 0 0 0 0 0 0 0 0 0 0 0 0 0 0 0 0 0 0 0 0 0 0 0 0 0 0 0 0 0 0 0 0 0 0 0 0 0 0 0 0 0 0 0 0 0 0 0 0 0 0 0 0 0 0 0 0 0 0 0 0 0 0 0 0 0 0 0 0 0
1121.34353741497 30.1020408163265 182.748299319728 806.649659863946 820.493197278912 703.578231292517 84.5952380952381 0 0 0 0 0 0 132.214285714286 56.578231292517 118.867346938776 66.7278911564626 87.234693877551 221.125850340136 120.93537414966 134.738095238095 136.938775510204 0 0 0 0 0 0 0 0 57.0680272108844 0 0 0 0 0 0 0 0 0 0 0 0 13.2482993197279 0 0 0 0 0 0 0 0 0 0 0 0 0 0 0 0 0 0 0 0 0 0 17.6258503401361 0 0 0 0 0 0 0 0 0 0 0 0 0 0 0 0 0 0 0 0 0 0 0 0 0 0 0 0 15.9659863945578 0 0 0 0 0 0 18.0238095238095 0 0 17.7925170068027 22.5340136054422 0 0 12.8809523809524 0 0 0 0 0 0 0 0 39.1700680272109 178.850340136054 140.377551020408 26.4047619047619 22.5986394557823 17.6836734693878 59.2074829931973 18.7585034013605 23.8265306122449 37.6836734693878 20.8027210884354 18.1224489795918 71.2040816326531 54.5680272108844 51.5 49.0544217687075 38.2755102040816 27.3265306122449 24.2380952380952 58.3163265306122 0 0 0 111.078231292517 62.9013605442177 0 0 30.7108843537415 0 0 0 20.9761904761905 0 166.768707482993 23.9965986394558 22.9149659863946 0 45.1836734693878 25.9455782312925 157.962585034014 90.5272108843537 28.9931972789116 0 0 47.2687074829932 0 0 0 35.3197278911565 0 0 0 0 28.1700680272109 13.765306122449 0 67.7823129251701 35.8741496598639 37.2380952380952 21.047619047619 0 0 103.704081632653 0 27.0102040816327 60.5340136054422 48.8639455782313 0 0 0 0 0 0 0 51.2380952380952 16.6700680272109 40.8843537414966 0 0 0 0 0 0 0 0 0 0 0 0 0 0 0 14.7857142857143 0 0 0 0 0 0 0 0 0 0 0 0 0 0 0 0 0 0 0 0 0 0 0 0 0 0 0 0 0 0 0 0 0 0 0 0 0 0 0 0 0 0 0 0 0 0 0 0 0 0 0 0 0 0 0 0 0 0 0 0 0 0 0 0 0 0 0 0 0 0 0 0 0 0 0 0 0 0 0 0 0 0 0 0 0 0 0 0 71.9863945578231 38.6326530612245 0 0 0 0 0 0 0 0 0 0 0 0 0 0 0 0 0 0 0 0 38.1326530612245 0 0 0 0 0 0 0 0 0 34.1156462585034 0 0 0 0 0 0 0 0 0 0 0 0 0 0 0 0 0 0 0 0 0 0 0 0 0 0 0 0
405.843537414966 0 155.078231292517 289.853741496599 288.918367346939 71.3197278911565 0 397.319727891156 106.727891156463 0 0 0 132.214285714286 0 406.534013605442 30.9795918367347 34.0374149659864 44.0340136054422 0 0 0 0 0 0 0 46.5544217687075 154.595238095238 0 115.931972789116 186.680272108844 242.734693877551 104.989795918367 105.183673469388 106.891156462585 125.238095238095 100.340136054422 64.0170068027211 135.656462585034 117.795918367347 243.65306122449 56.1190476190476 99.4319727891156 92.7006802721088 80.0680272108844 213.340136054422 87.2959183673469 59.6530612244898 32.5272108843537 72.5680272108844 41.9115646258503 169.455782312925 59.1632653061224 38.0986394557823 63.7142857142857 263.224489795918 0 48.4625850340136 241.755102040816 49.030612244898 84.3741496598639 107.207482993197 56.7006802721088 34.3299319727891 50.5952380952381 22.6428571428571 0 0 12.030612244898 111.823129251701 32.8843537414966 15.452380952381 67.3027210884354 0 0 0 0 0 0 0 0 0 0 0 0 0 22.3979591836735 25.4285714285714 28.2959183673469 0 13.2482993197279 8.56462585034014 0 26.5340136054422 0 0 27.2551020408163 0 0 0 0 0 0 9.57142857142857 15.687074829932 0 16.5578231292517 0 0 0 0 0 0 0 0 0 0 26.578231292517 40.1666666666667 72.0816326530612 192.486394557823 148.255102040816 91.843537414966 0 0 20.6802721088435 67.3197278911565 26.265306122449 10.0714285714286 0 0 47.2006802721088 25.7823129251701 51.5986394557823 39.0204081632653 37.3367346938776 37.5408163265306 26.1496598639456 61.1462585034014 0 0 0 159.56462585034 44.7414965986395 0 50.2108843537415 25.8027210884354 0 86.2312925170068 86.3775510204082 0 69.5238095238095 120.326530612245 21.4795918367347 0 12.3503401360544 0 0 22.8401360544218 0 23.2210884353741 108.513605442177 91.4727891156463 30.9387755102041 45.6156462585034 0 41.1292517006803 18.9081632653061 0 0 18.7585034013605 0 25.3537414965986 0 0 41.3401360544218 11.7448979591837 20.1462585034014 0 86.1598639455782 94.8775510204082 56.921768707483 0 16.1326530612245 53.3605442176871 32.2823129251701 0 0 184.591836734694 31.265306122449 0 0 0 23.1292517006803 81.3571428571429 68.8809523809524 0 7.64625850340136 0 0 0 0 0 0 0 0 0 46.0238095238095 0 25.108843537415 41.9727891156463 28.8469387755102 29.2040816326531 0 0 21.6632653061224 50.1666666666667 26.7993197278912 35.8299319727891 40.2925170068027 78.3163265306122 15.578231292517 26.0408163265306 24.1020408163265 33.0680272108844 52.1428571428571 16.5918367346939 23.047619047619 0 13.7414965986395 0 61.4251700680272 18.265306122449 15.7619047619048 28.5714285714286 84.2482993197279 0 0 0 0 0 0 0 0 0 0 0 0 0 0 0 0 0 0 0 0 0 0 0 0 0 0 0 0 0 0 0 0 0 0 0 0 0 0 0 0 0 0 0 0 0 0 0 0 0 0 0 0 0 0 0 0 0 0 0 0 0 0 0 0 34.4319727891156 0 0 0 0 0 0 0 0 0 0 0 0 0 9.46598639455782 0 0 0 0 0 0 0 27.3061224489796 11.1122448979592 0 0 0 0 0 0 0 0 19.6122448979592 0 0 0 0 0 0 0 0 11.843537414966 0 0 0 0 0 0 0 0 0 0 0 0 0 0 0 0 0 0 0
183.918367346939 0 108.452380952381 143.874149659864 78.1972789115646 48.5204081632653 0 0 0 0 0 0 56.578231292517 406.534013605442 0 42.7142857142857 79.3095238095238 42.9285714285714 36.734693877551 0 0 0 0 0 0 62.891156462585 115.772108843537 0 161.734693877551 253.418367346939 504.061224489796 33.108843537415 113.448979591837 58.030612244898 142.387755102041 0 33.3197278911565 102.687074829932 0 47.6666666666667 68.4285714285714 0 68.9727891156463 88.6020408163265 174.741496598639 146.027210884354 0 0 109.336734693878 115.69387755102 0 0 0 0 56.2993197278912 0 31.5612244897959 27.7585034013605 30.1530612244898 85.8775510204082 25.0272108843537 26.2789115646259 28.452380952381 0 0 0 0 30.0544217687075 48.6326530612245 31.4387755102041 15.3367346938776 24.3843537414966 8.50680272108844 0 0 0 0 0 0 0 0 0 0 0 0 24.9727891156463 18.5850340136054 0 0 0 0 0 0 0 0 80.2448979591837 20.530612244898 0 0 0 0 0 18.1292517006803 25.1632653061224 0 22.452380952381 13.8639455782313 8.76190476190476 0 0 0 0 0 0 0 0 0 19.5816326530612 63.9931972789116 152.43537414966 140.948979591837 50.4013605442177 0 24.6530612244898 36.1360544217687 41.0510204081633 20.4251700680272 17.5646258503401 0 0 43.0238095238095 28.891156462585 55.5544217687075 38.9047619047619 29.1122448979592 36.7414965986395 0 65.3503401360544 0 0 0 310.894557823129 90.4591836734694 0 57.5204081632653 66.0204081632653 0 36.2244897959184 70.4727891156463 0 87.7857142857143 114.785714285714 0 0 0 0 0 40.4795918367347 0 16.8027210884354 165.037414965986 54.156462585034 0 0 0 0 31.156462585034 0 0 11.4251700680272 0 19.7993197278912 17.3095238095238 23.0442176870748 69.2210884353742 15.0340136054422 0 10.5986394557823 50.7142857142857 24.0102040816327 74.2993197278912 0 27.343537414966 43.8843537414966 35.7993197278912 9.93197278911565 0 0 0 0 0 0 39.734693877551 60.5510204081633 169.068027210884 13.4557823129252 21.0952380952381 0 0 0 0 0 0 0 0 0 47.4795918367347 0 55.6666666666667 58.5510204081633 50.1360544217687 0 0 0 22.8877551020408 0 0 15.9047619047619 22.5 0 0 30.2789115646259 0 0 73.6496598639456 53.7551020408163 37.9965986394558 23.3367346938776 35.2517006802721 39.5408163265306 0 0 0 0 0 0 0 0 0 0 0 0 0 0 0 0 0 0 0 0 0 0 0 0 0 0 0 0 0 0 0 0 0 0 0 0 0 0 0 0 0 0 0 0 0 0 0 0 0 0 0 0 0 0 0 0 0 0 0 0 0 0 0 0 0 0 0 0 0 69.4659863945578 22.6258503401361 0 0 0 0 0 0 0 0 0 0 0 28.3197278911565 20.2244897959184 0 0 0 28.2925170068027 0 0 0 71.0442176870748 27.4013605442177 0 42.8265306122449 0 0 0 28.5340136054422 0 37.3265306122449 40.5612244897959 0 0 0 0 0 0 0 0 17.5408163265306 0 0 0 0 0 0 0 0 0 0 0 0 0 0 0 0 0 0 0
109.261904761905 0 72.4183673469388 80.8231292517007 109.979591836735 118.394557823129 0 0 0 0 0 0 118.867346938776 30.9795918367347 42.7142857142857 0 104.989795918367 0 127.360544217687 0 0 0 0 0 0 0 0 0 0 0 17.9931972789116 0 0 0 0 0 0 0 0 0 0 0 0 0 0 31.1292517006803 0 0 0 0 0 0 0 0 0 0 0 0 0 0 0 0 0 0 0 0 0 0 0 0 0 0 0 0 0 0 0 0 0 0 0 0 0 0 0 0 0 0 0 0 0 0 0 0 0 0 0 0 0 0 0 0 0 0 0 0 0 0 0 0 0 0 0 0 0 0 0 0 0 43.108843537415 0 0 0 0 17.234693877551 0 0 0 0 0 16.3367346938776 0 0 0 0 0 0 25.3265306122449 0 0 0 103.34693877551 44.9149659863946 0 0 46.6768707482993 0 0 0 0 0 129.544217687075 0 0 0 0 0 66.2312925170068 39.7619047619048 0 0 0 0 0 0 0 9.54081632653061 0 0 0 0 0 0 0 23.391156462585 0 0 0 0 0 17.5136054421769 0 0 0 0 0 0 0 0 0 0 0 0 0 0 0 0 0 0 0 0 0 0 0 0 0 0 0 0 0 0 0 0 0 0 0 0 0 0 0 0 0 0 0 0 0 0 0 0 0 0 0 0 0 0 0 0 0 0 0 0 0 0 0 0 0 0 0 0 0 0 0 0 0 0 0 0 0 0 0 0 0 0 0 0 0 0 0 0 0 0 0 0 0 0 0 0 0 0 0 0 0 0 0 0 0 0 0 0 0 0 0 0 0 0 0 0 0 0 0 0 0 0 0 0 0 0 0 0 0 0 0 0 0 0 0 0 0 0 0 0 0 0 0 0 0 0 0 0 0 0 0 0 0 0 0 0 0 0 0 0 0 0 0 0 0 0 0 0 0 0 0 0 0 0 0 0 0 0 0
47.7006802721088 0 39.5510204081633 38.8503401360544 38.6020408163265 50.1122448979592 0 0 0 0 0 0 66.7278911564626 34.0374149659864 79.3095238095238 104.989795918367 0 29.7925170068027 61.0680272108844 0 0 0 0 0 0 0 0 0 0 0 25.3095238095238 0 0 0 0 0 0 0 0 0 0 0 0 0 0 105.190476190476 0 0 68.8469387755102 154.105442176871 0 0 0 0 0 0 0 0 0 0 0 0 0 0 0 0 0 0 0 0 0 0 0 0 0 0 0 0 0 0 0 0 0 0 0 0 0 0 0 0 0 0 0 0 0 28.2176870748299 0 0 0 0 0 0 0 0 0 0 0 0 0 0 0 0 0 0 0 0 0 0 0 38.2857142857143 0 0 0 0 13.7959183673469 0 0 0 0 0 13.9931972789116 0 0 0 0 0 0 25.3707482993197 0 0 0 148.214285714286 137.670068027211 0 51.6802721088435 132.292517006803 0 0 0 0 63.2210884353741 173.836734693878 0 0 0 0 0 54.7312925170068 26.9761904761905 0 0 0 0 0 0 0 0 0 0 0 0 0 0 0 21.9455782312925 0 0 0 0 0 14.1496598639456 0 0 0 0 0 0 0 0 0 0 0 0 0 18.5068027210884 0 0 0 0 0 0 0 0 0 0 0 0 0 0 0 0 0 0 0 0 0 0 0 0 0 0 0 0 0 0 0 0 0 0 0 0 0 0 0 0 0 0 0 0 0 0 0 0 0 0 0 0 0 0 0 0 0 0 0 0 0 0 0 0 0 0 0 0 0 0 0 0 0 0 0 0 0 0 0 0 0 0 0 0 0 0 0 0 0 0 0 0 0 0 0 0 0 0 0 0 0 0 0 0 11.452380952381 0 0 0 0 0 0 0 0 0 0 0 0 0 0 0 0 0 0 0 0 0 0 0 0 0 0 0 0 0 0 0 0 0 0 0 0 0 0 0 0 0 0 0 0 0 0 0 0 0 0 0 0 0 0 0 0 0 0 0 0
289.187074829932 59.156462585034 0 269.938775510204 260.969387755102 387.380952380952 221.448979591837 0 0 0 0 0 87.234693877551 44.0340136054422 42.9285714285714 0 29.7925170068027 0 47.8367346938776 80.8265306122449 151.479591836735 204.690476190476 54.969387755102 0 0 0 0 0 0 0 27.6734693877551 0 0 0 0 0 0 0 0 0 0 0 0 0 0 0 0 0 0 0 0 0 0 0 0 0 0 0 0 0 0 0 0 0 0 0 76.4115646258503 0 0 0 0 0 46.234693877551 0 0 0 0 0 0 0 0 0 0 0 0 0 0 0 0 0 0 0 0 0 0 0 0 0 0 0 0 0 0 0 0 0 0 0 0 0 0 0 0 0 0 0 0 38.921768707483 47.6258503401361 170.605442176871 57.0408163265306 119.340136054422 0 0 11.2619047619048 116.183673469388 268.47619047619 0 0 0 113.938775510204 50.8741496598639 0 142.319727891156 426.47619047619 327.741496598639 0 501.224489795918 0 0 0 42.8979591836735 217.785714285714 0 0 60.6734693877551 0 0 0 0 141.418367346939 57.608843537415 65.6224489795918 119.163265306122 49.3843537414966 86.7176870748299 98.0170068027211 109.442176870748 112.697278911565 230.93537414966 0 0 412.173469387755 0 0 0 14.6802721088435 0 0 0 0 126.52380952381 0 0 0 16.0510204081633 0 0 0 0 30.9829931972789 0 0 44.4761904761905 22.843537414966 0 0 0 0 0 0 0 0 0 0 0 0 0 0 0 0 0 0 0 0 0 0 0 0 0 0 0 0 0 0 0 0 0 0 0 0 0 0 0 0 0 0 0 0 0 0 0 0 0 0 0 0 0 0 0 0 0 0 0 0 0 0 0 0 0 0 0 0 0 0 0 0 0 0 0 0 0 0 0 0 0 0 0 0 0 0 0 0 0 0 0 0 0 0 0 0 0 0 0 0 0 0 0 0 0 0 0 0 0 0 0 0 0 0 17.5034013605442 0 0 0 0 0 0 0 0 0 0 0 0 0 0 0 0 0 0 0 0 0 0 0 0 0 0 0 0 0 0 0 0 0 0 0 0 0 0 0 0 0 0 0 0 0 0 0 0 0 0 0 0 0 0 0 0 0 0 0 0
75.1496598639456 0 70.3095238095238 75.5068027210884 146.469387755102 255.721088435374 36.9829931972789 0 0 0 0 0 221.125850340136 0 36.734693877551 127.360544217687 61.0680272108844 47.8367346938776 0 46.6190476190476 55.1462585034014 51.5170068027211 0 0 0 0 0 0 0 0 0 0 0 0 0 0 0 0 0 0 0 0 0 0 0 23.7244897959184 0 0 0 27.0850340136054 0 0 0 0 0 0 0 0 0 0 0 0 0 0 0 0 0 0 0 0 0 0 0 0 0 0 0 0 0 0 0 0 0 0 0 0 0 0 0 0 0 0 0 0 0 0 0 0 0 0 0 0 0 0 0 0 0 0 0 0 0 0 0 0 0 0 0 0 0 25.5340136054422 0 0 0 0 10.2108843537415 0 0 0 0 0 13.3299319727891 0 11.3775510204082 10.7823129251701 12.8367346938776 0 0 25.3707482993197 0 0 0 59.5374149659864 132.085034013605 0 0 75.0714285714286 0 0 0 0 0 149.547619047619 0 0 0 20.9829931972789 0 170.853741496599 44.8537414965986 0 0 0 25.6360544217687 0 0 0 0 0 0 0 0 0 0 0 12.5986394557823 0 0 0 0 0 0 0 0 0 0 0 0 0 0 0 0 0 0 0 0 0 0 0 0 0 0 0 0 0 0 0 0 0 0 0 0 0 0 0 0 0 0 0 0 0 0 0 0 0 0 0 0 0 0 0 0 0 0 0 0 0 0 0 0 0 0 0 0 0 0 0 0 0 0 0 0 0 0 0 0 0 0 0 0 0 0 0 0 0 0 0 0 0 0 0 0 0 0 0 0 0 0 0 0 0 0 0 0 0 0 0 0 0 0 0 0 0 0 0 0 0 0 0 0 0 0 0 0 0 0 0 0 0 0 0 0 0 0 0 0 0 0 0 0 0 0 0 0 0 0 0 0 0 0 0 0 0 0 0 0 0 0 0 0 0 0 0 0 0 0 0 0 0 0 0 0 0 0 0 0 0 0 0 0 0
214.84693877551 42.5680272108844 24.5918367346939 118.97619047619 199.683673469388 409.829931972789 0 0 0 0 0 0 120.93537414966 0 0 0 0 80.8265306122449 46.6190476190476 0 129.785714285714 87.3265306122449 65.8741496598639 0 0 0 0 0 0 0 0 0 0 0 0 0 0 0 0 0 0 0 0 0 0 0 0 0 0 0 0 0 0 0 0 0 0 0 0 0 0 0 0 0 0 0 0 0 0 0 0 0 0 0 0 0 0 0 0 0 0 0 0 0 0 0 0 0 0 0 0 0 0 0 0 0 0 0 0 0 0 0 0 0 0 0 0 0 0 0 0 0 0 0 0 0 0 0 0 30.5034013605442 0 0 0 0 0 0 0 0 0 0 21.9489795918367 19.1632653061224 0 20.952380952381 22.5578231292517 19.6054421768707 0 58.3027210884354 0 0 0 0 69.1360544217687 0 0 0 0 0 0 0 0 40.4489795918367 0 0 0 82.3027210884354 0 165.656462585034 135.568027210884 0 0 0 0 0 0 0 0 0 0 0 0 11.5068027210884 0 0 0 8.98979591836735 0 0 0 0 0 0 0 0 0 0 0 0 0 0 0 0 0 0 0 0 0 0 0 0 0 0 0 0 0 0 0 0 0 0 0 0 0 0 0 0 0 0 0 0 0 0 0 0 0 0 0 0 0 0 0 0 0 0 0 0 0 0 0 0 0 0 0 0 0 0 0 0 0 0 0 0 0 0 0 0 0 0 0 0 0 0 0 0 0 0 0 0 0 0 0 0 0 0 0 0 0 0 0 0 0 0 0 0 0 0 0 0 0 0 0 0 0 0 0 0 0 0 0 0 0 0 0 0 0 0 0 0 0 0 0 0 0 0 0 0 0 0 0 0 0 0 0 0 0 0 0 0 0 0 0 0 0 0 0 0 0 0 0 0 0 0 0 0 0 0 0 0 0 0 0 0 0 0 0 0 0 0 0 0
333.996598639456 83.2448979591837 0 166.071428571429 271.204081632653 504.41156462585 48.8333333333333 0 0 0 0 0 134.738095238095 0 0 0 0 151.479591836735 55.1462585034014 129.785714285714 0 127.877551020408 45.8197278911565 0 0 0 0 0 0 0 0 0 0 0 0 0 0 0 0 0 0 0 0 0 0 0 0 0 0 0 0 0 0 0 0 0 0 0 0 0 0 0 0 0 0 0 0 0 0 0 0 0 0 0 0 0 0 0 0 0 0 0 0 0 0 0 0 0 0 0 0 0 0 0 0 0 0 0 0 0 0 0 0 0 0 0 0 0 0 0 0 0 0 0 0 0 0 0 0 46.8707482993197 0 17.4319727891156 0 0 0 0 33.8809523809524 0 0 0 44.1972789115646 35.9149659863946 35.6054421768707 44.6632653061224 57.1292517006803 48.9829931972789 0 169.513605442177 0 0 0 27.2006802721088 95.5646258503401 0 0 0 0 0 0 0 0 0 0 25.1428571428571 0 84.2993197278912 71.969387755102 140.829931972789 78.0850340136054 38.343537414966 0 0 66.4557823129252 0 0 0 10.4965986394558 0 0 0 0 27.2244897959184 0 0 0 15.5408163265306 19.1122448979592 0 0 0 0 0 0 0 0 0 0 0 0 0 0 0 0 0 0 0 0 0 0 0 0 0 0 0 0 0 0 0 0 0 0 0 0 0 0 0 0 0 0 0 0 0 0 0 0 0 0 0 0 0 0 0 0 0 0 0 0 0 0 0 0 0 0 0 0 0 0 0 0 0 0 0 0 0 0 0 0 0 0 0 0 0 0 0 0 0 0 0 0 0 0 0 0 0 0 0 0 0 0 0 0 0 0 0 0 0 0 0 0 0 0 0 0 0 0 0 0 0 0 0 0 0 0 0 0 0 0 0 0 0 0 0 0 0 0 0 0 0 0 0 0 0 0 0 0 0 0 0 0 0 0 0 0 0 0 0 0 0 0 0 0 0 0 0 0 0 0 0 0 0 0 0 0 0 0 0 0 0 0 0
375.894557823129 0 0 232.292517006803 346.30612244898 589.530612244898 103.860544217687 0 0 0 0 0 136.938775510204 0 0 0 0 204.690476190476 51.5170068027211 87.3265306122449 127.877551020408 0 0 0 0 0 0 0 0 0 0 0 0 0 0 0 0 0 0 0 0 0 0 0 0 0 0 0 0 0 0 0 0 0 0 0 0 0 0 0 0 0 0 0 0 0 0 0 0 0 0 0 0 0 0 0 0 0 0 0 0 0 0 0 0 0 0 0 0 0 0 0 0 0 0 0 0 0 0 0 0 0 0 0 0 0 0 0 0 0 0 0 0 0 0 0 0 0 0 54.7619047619048 0 24.6394557823129 0 0 0 0 54.5442176870748 0 0 0 48.5204081632653 34.0136054421769 0 47.8299319727891 77.2789115646258 51.8265306122449 0 147.853741496599 0 0 0 0 82.8843537414966 0 0 0 0 0 0 0 0 0 0 47.3095238095238 0 59.8843537414966 0 117.360544217687 0 68.5952380952381 0 0 111.493197278912 0 0 0 9.21428571428571 0 0 0 0 34.4115646258503 0 0 0 0 0 0 0 0 0 0 0 0 0 0 0 0 0 0 0 0 0 0 0 0 0 0 0 0 0 0 0 0 0 0 0 0 0 0 0 0 0 0 0 0 0 0 0 0 0 0 0 0 0 0 0 0 0 0 0 0 0 0 0 0 0 0 0 0 0 0 0 0 0 0 0 0 0 0 0 0 0 0 0 0 0 0 0 0 0 0 0 0 0 0 0 0 0 0 0 0 0 0 0 0 0 0 0 0 0 0 0 0 0 0 0 0 0 0 0 0 0 0 0 0 0 0 0 0 0 0 0 0 0 0 0 0 0 0 0 0 0 0 0 0 0 0 0 0 0 0 0 0 0 0 0 0 0 0 0 0 0 0 0 0 0 0 0 0 0 0 0 0 0 0 0 0 0 0 0 0 0 0 0 0 0 0 0 0
0 97.5204081632653 0 0 0 64.6938775510204 0 0 0 0 0 0 0 0 0 0 0 54.969387755102 0 65.8741496598639 45.8197278911565 0 0 0 0 0 0 0 0 0 0 0 0 0 0 0 0 0 0 0 0 0 0 0 0 0 0 0 0 0 0 0 0 0 0 0 0 0 0 0 0 0 0 0 0 0 0 0 0 0 0 0 0 0 0 0 0 0 0 0 0 0 0 0 0 0 0 0 0 0 0 0 0 0 0 0 0 0 0 0 0 0 0 0 0 0 0 0 0 0 0 0 0 0 0 0 0 0 0 19.4897959183673 0 0 0 0 0 0 0 0 0 0 19.0680272108844 19.3095238095238 39.2755102040816 24.4013605442177 21.8979591836735 25.1938775510204 49.0952380952381 78.5204081632653 0 0 74.530612244898 0 90.3061224489796 0 0 0 0 0 0 0 61.4183673469388 0 0 0 0 47.4523809523809 68.6054421768708 0 94.2959183673469 0 0 0 0 0 0 0 0 0 0 0 0 0 0 0 0 0 0 0 0 0 0 0 0 0 0 0 0 0 0 0 0 0 0 0 0 0 0 0 0 0 0 0 0 0 0 0 0 0 0 0 0 0 0 0 0 0 0 0 0 0 0 0 0 0 0 0 0 0 0 0 0 0 0 0 0 0 0 0 0 0 0 0 0 0 0 0 0 0 0 0 0 0 0 0 0 0 0 0 0 0 0 0 0 0 0 0 0 0 0 0 0 0 0 0 0 0 0 0 0 0 0 0 0 0 0 0 0 0 0 0 0 0 0 0 0 0 0 0 0 0 0 0 0 0 0 0 0 0 0 0 0 0 0 0 0 0 0 0 0 0 0 0 0 0 0 0 0 0 0 0 0 0 0 0 0 0 0 0 0 0 0 0 0 0 0 0 0 0 0 0 0 0 0 0 0 0 0 0 0 0
0 0 0 0 0 0 0 0 0 0 0 0 0 0 0 0 0 0 0 0 0 0 0 0 0 0 0 0 0 0 0 0 0 0 0 0 0 0 0 0 0 23.6700680272109 0 0 20.3299319727891 10.8843537414966 29.1326530612245 15.1530612244898 22.9115646258503 0 0 0 0 0 0 0 0 0 0 0 0 0 0 0 0 0 0 0 0 0 0 0 0 0 0 0 0 0 0 0 0 0 0 0 0 0 0 0 0 0 0 0 0 0 0 0 0 0 0 19.0578231292517 19.8877551020408 15.5374149659864 80.4455782312925 61.4931972789116 21.8639455782313 14.5986394557823 43.9489795918367 0 0 0 0 0 0 0 0 0 0 0 0 0 0 0 0 71.5850340136054 55.3027210884354 0 0 0 0 0 0 0 0 0 0 0 0 0 0 0 0 0 0 0 0 0 0 44.8299319727891 0 0 17.4319727891156 0 0 0 0 0 0 0 0 0 0 0 0 0 0 0 23.2551020408163 10.8469387755102 0 0 0 0 106.724489795918 96.1428571428571 147.452380952381 0 0 0 0 0 0 0 0 0 0 0 0 0 0 0 0 0 0 0 0 0 0 0 0 0 0 0 0 0 0 0 0 0 0 0 0 0 0 0 0 0 0 0 0 0 0 0 0 0 0 0 0 0 0 0 0 0 0 0 0 0 0 0 0 0 0 0 0 0 0 0 0 0 0 0 0 0 0 0 0 0 0 0 0 0 0 0 0 0 0 0 0 0 0 0 0 0 0 0 0 0 0 0 0 0 0 0 0 0 0 0 0 0 0 0 0 0 0 0 0 0 0 0 0 0 0 0 0 0 0 0 0 0 0 0 0 0 0 0 0 0 0 0 0 0 0 0 0 0 0 0 0 0 0 0 0 0 0 0 0 0 0 0 0 0 0 0 0 0 0 0 0 0 0 0 0 0 0 0 0 0 0 0 0 0
