0 0.0995902475314487 0.0441879295339128 0.0235660209622099 0.0349157844682766 0.0482488592388636 0.0885088665608438 0.0789824182941329 0.0516484998472436 0.0608997721308045 0.080801607014627 0.166026543765 0.0400225191101304 0.069595404269999 0.058173587547231 0.0587121088818672 0.0638439834370843 0.0701143877619088 0.0142218691383627 0.0606471151820238 0.0828656967976731 0.0651083479167261 0.0458057554819572 0.0433661631181517 0.0683126814602308 0.0655222845169623 0.0367470421855977 -0.00411851280831733 0.0215207060795741 0.0347740427152593 0.0598378416715766 0.0575373214111783 0.0365455481202326 0.0263642812199404 0.0496735023241146 0.0605158666418979 0.0575274945559578 0.0643218516038003 0.0304384971820364 0.062045075072481 0.0621800347910752 0.0288058219184283 0.0571232915695011 0.0540897719214067 0.0521060132185823 0.128154642495989 0.0660631442723736 0.0433134805128671 0.0181293615367096 0.0486931502998802 0.0784670374477301 0.0396507413644777 0.031861241504904 0.0652807394252107 0.0515906848627009 0.0777213832431256 0.10340371191299 0.613287364503199 0.059141151614932 0.0505325268288191 0.103860688346507 0.0347155316539578 0.0413061544215262 0.0921700783336663 0.0810184996346785 0.0600655226097743 0.0531130423531171
0.0995902475314487 0 0.192725496310514 0.172110433250528 0.179881572071654 0.157698801529629 0.384083029917309 0.313743741556119 0.197569853523763 0.26213838484889 0.289080056369484 0.363419389294701 0.181049216824576 0.21601027661238 0.28573493756447 0.199651412486971 0.215319043130099 0.30479569807275 0.184812066067044 0.222335055521345 0.296264200010037 0.291674054091637 0.172246027497208 0.137284508508991 0.218974160237652 0.244007441522743 0.331354181463883 0.103071650614063 0.112224441781503 0.175174777910268 0.298064048055328 0.243075145862045 0.228173443069673 0.144556457546059 0.154591481850756 0.267528519815459 0.293060407286277 0.248869196644784 0.18737624080875 0.28277659098119 0.198444887456722 0.185602889276707 0.27583794280419 0.19590617276025 0.196969481910532 0.353266535996719 0.288745948439225 0.231881099872449 0.15323611697507 0.307241244096788 0.36417374933456 0.10824934503117 0.148459766739795 0.156904013791435 0.195890531652896 0.236958769403583 0.385507604973398 0.217844301856214 0.178089622450702 0.149436641456057 0.354955235369756 0.117389473233419 0.129525033622001 0.294278820847815 0.322794971371997 0.179476235509806 0.165143881395985
0.0441879295339128 0.192725496310514 0 0.417500118916949 0.121266446327718 0.0992587833580618 0.227715988787254 0.132976484022356 0.124648536223957 0.147777810325773 0.190599700818592 0.208683484524107 0.126562533246804 0.125288165044557 0.145382165471488 0.0960063242725531 0.137022126770154 0.208414927822652 0.109151579157237 0.138526643478019 0.142064377619286 0.158809491728228 0.0983517496433613 0.0811968997025131 0.109812854186724 0.142399595832806 0.186868801489565 0.0662567166264854 0.0557930500753553 0.0938409839400548 0.158164739072069 0.143038732503377 0.128768677668472 0.0635191339771505 0.0699031482403254 0.172381481829163 0.136361063576883 0.156326788380234 0.0921996604253706 0.19278690458838 0.132671668598033 0.115361211136612 0.162815768856229 0.0945702816625629 0.0778924753825817 0.196931502642716 0.164401393590298 0.121170362444314 0.109856511881062 0.149622668530135 0.181273363135381 0.104106965392002 0.0882973008450867 0.120918661469426 0.122965739847167 0.148771105157998 0.180478928892254 0.124273710308311 0.148292913826672 0.114436254650539 0.317749658746213 0.0848147686249186 0.0570004498806082 0.169608821546002 0.172179178585632 0.0872175594028352 0.112205382586431
0.0235660209622099 0.172110433250528 0.417500118916949 0 0.113188922186424 0.120815184925081 0.186180102329952 0.133381623398729 0.124884050686009 0.130715542049325 0.160178673700661 0.182706199688977 0.114972575338468 0.118513010532219 0.152481720774126 0.105000096694489 0.106822604730644 0.250741708400571 0.0844207276127274 0.151368793659324 0.113783077767825 0.151267671551613 0.0911094185686848 0.0856497050408705 0.117325590720278 0.12398892080207 0.174360930165708 0.0663355769653973 0.0721341488976212 0.105442224729075 0.126423855247709 0.110391945307164 0.118459456042152 0.0561027051538055 0.0939174958617358 0.161359604850659 0.151503192938278 0.14010381789059 0.0865536563018794 0.178258208894861 0.119694055324598 0.0995983024769928 0.155615129801649 0.104290217492755 0.114395919123776 0.182797443073711 0.166542393634032 0.104306127584614 0.0767230942840461 0.13398501485385 0.172949006036113 0.0924801975396099 0.0814934194792972 0.1079078867622 0.114286758980035 0.143487713803093 0.185378332949991 0.0899783533541826 0.140341395508459 0.102478502410428 0.29739453405808 0.0677323074125386 0.0645332573282898 0.163377327509293 0.170883060582835 0.102996306495103 0.0882978255499986
0.0349157844682766 0.179881572071654 0.121266446327718 0.113188922186424 0 0.253988297315775 0.271143600791523 0.117362220969858 0.123695252781678 0.144610085169752 0.152356728314951 0.210816754855423 0.0779157404019106 0.102752507779178 0.150793735228233 0.123986513255286 0.0912137469231733 0.280903604848559 0.0853523264275544 0.122538039302478 0.127474996160082 0.148097361094956 0.113696801656574 0.0592077172783564 0.124888315804975 0.119901131361905 0.169474373695367 0.0645034383211678 0.0673407933936538 0.0952337057937016 0.156379522759002 0.111382798724729 0.146687038941717 0.0663968507604261 0.0931996343562307 0.156088107039176 0.139084581856459 0.128371284224048 0.0902874817943857 0.177734769154582 0.111370232047573 0.0916859672009203 0.149361197659276 0.0841124713098334 0.0868075720348988 0.179444346787172 0.153899448520639 0.121177301559777 0.0850126040627007 0.12690625023719 0.177965357601298 0.0810964692131653 0.113103471722543 0.128723061596359 0.126783831288481 0.164270605355024 0.158936363262983 0.0976775677767981 0.110837938916229 0.115229669839875 0.216119202547646 0.0919199901333363 0.0805263731180933 0.154875911039354 0.172973913120396 0.104813444659507 0.120805118895557
0.0482488592388636 0.157698801529629 0.0992587833580618 0.120815184925081 0.253988297315775 0 0.177715890338878 0.111906285242687 0.100066204596174 0.111732455123036 0.176890722397436 0.16314130330655 0.0677654345699635 0.100357865249347 0.15165960181664 0.124328571144703 0.117931104520102 0.208504583578427 0.0897091678845839 0.112305092597436 0.10356777824575 0.154117121712744 0.0861089487561084 0.0767511660937328 0.111184902670959 0.137337499326515 0.16435190972164 0.0406594534327159 0.0808826479153341 0.0911224478355257 0.140599857533531 0.132379007155033 0.104220779292916 0.0349552134526737 0.0677255007232163 0.114937806196984 0.117130052194796 0.127106999935489 0.0543522858945815 0.161511806425257 0.0856673885172194 0.0875196858680544 0.143317150990236 0.10192212848332 0.0737850935476498 0.162935458929954 0.157939064313669 0.10510876134256 0.0639050510287963 0.116139450474049 0.186323491814189 0.0831701154317634 0.0791402137569453 0.0879761150890205 0.106172992906738 0.112025088386475 0.160244208876138 0.102357031065278 0.0778520140965746 0.0790781322735833 0.17675504484198 0.062982504572092 0.0734827795464727 0.108781603579049 0.126163225249914 0.114190191866547 0.0931235668354667
0.0885088665608438 0.384083029917309 0.227715988787254 0.186180102329952 0.271143600791523 0.177715890338878 0 0.263041161601711 0.217231529083106 0.295722546942761 0.315219938425937 0.376668436147939 0.195568902537679 0.206713067573811 0.277086142555438 0.253872529670971 0.216071532418086 0.332939790432657 0.19003927695286 0.240353247513259 0.291479714085824 0.316424077011241 0.160030912993791 0.152355123365877 0.227667058832463 0.241615971826791 0.307798715814357 0.098644683264811 0.102211534706199 0.184499378500933 0.290191232576157 0.249127452473677 0.256290190779721 0.12944265495505 0.131597190053133 0.285577774356416 0.252876638971313 0.243212769555565 0.17996586085984 0.319479760858462 0.208067372139793 0.192322721231224 0.250709361008801 0.203128657298314 0.178042181380542 0.35650888962868 0.301571472291595 0.256295646051659 0.186308390603312 0.269843988038029 0.375697202330023 0.13106744499147 0.156159149505196 0.154698151503881 0.192912270104098 0.275729497900947 0.335050513678564 0.22618702111803 0.17728552759857 0.158706667653296 0.368169065902022 0.132879136981826 0.158891074147204 0.295343360669703 0.337553410369903 0.189821338666743 0.195061318358042
0.0789824182941329 0.313743741556119 0.132976484022356 0.133381623398729 0.117362220969858 0.111906285242687 0.263041161601711 0 0.131744772331406 0.200680693230943 0.201850624316563 0.235795530825166 0.113035576918751 0.149210238866165 0.176669971343693 0.184346058529427 0.238680302886642 0.212026488607955 0.139115458823812 0.154219628690726 0.182314806716217 0.199011371152082 0.117794457107642 0.0837331821062353 0.144920787188011 0.161829832317454 0.190667178816369 0.0861819859238041 0.05584413765315 0.119773053459607 0.188388139198147 0.163276359652409 0.155468048028595 0.0810971537673021 0.116265598069799 0.169237256262898 0.201465166899558 0.163168167470691 0.125473910574319 0.201830918133681 0.149340117600819 0.13383913338989 0.200742789807729 0.13227208172444 0.132960341601636 0.236016655378515 0.193254104557863 0.20625515649545 0.114455225286391 0.198908282104849 0.246156172962331 0.0894228906633866 0.107923635969283 0.110125830071359 0.135301150775876 0.168485721024664 0.215227106356214 0.141204699099743 0.0931826106991556 0.0788002206145259 0.255011448120829 0.0856900843060894 0.0789555261541509 0.190397432995143 0.207413248342249 0.100231111536013 0.120699801704182
0.0516484998472436 0.197569853523763 0.124648536223957 0.124884050686009 0.123695252781678 0.100066204596174 0.217231529083106 0.131744772331406 0 0.143067721448474 0.184567053711881 0.212685008427213 0.089503839913226 0.101462299905456 0.145770503841037 0.102274587501014 0.124181592099735 0.181013953723514 0.102593192917632 0.127477022848015 0.170575349520653 0.159984833965562 0.0890504090659571 0.0726371210829525 0.112049189973599 0.13124138538009 0.16212232028204 0.048164055765771 0.0697017982288866 0.0905854867638168 0.162100363658067 0.135263016428632 0.122959575087901 0.0706833978092978 0.0763539171843073 0.169713801659417 0.155027614486571 0.128794958932325 0.0943773817824102 0.157271353433577 0.123280804785164 0.112691676482249 0.158160984740643 0.101253446681036 0.0922608197837315 0.195938337822391 0.163686332671866 0.136405992927877 0.1361957761935 0.131722385767935 0.199989602649891 0.081823204779804 0.0865606676995397 0.0806319435014159 0.124603372166267 0.151303396972391 0.183834058863196 0.124249236566706 0.114177497623979 0.0924693587331759 0.209126637140574 0.0655876355099741 0.0940107022536999 0.168804849920082 0.186284362240278 0.126937016476418 0.104251680428759
0.0608997721308045 0.26213838484889 0.147777810325773 0.130715542049325 0.144610085169752 0.111732455123036 0.295722546942761 0.200680693230943 0.143067721448474 0 0.212741730355984 0.26651666794143 0.138958439390264 0.158312255067842 0.185697693463975 0.14964900092037 0.160961905368557 0.2151486087144 0.142542443531078 0.165215105847202 0.211854095106411 0.204413882386811 0.115246653142778 0.124065792933436 0.160107440629283 0.167955394769685 0.200417202134399 0.072906569538839 0.0712177188525606 0.105053054754656 0.204041349366662 0.167797396599921 0.17201749248997 0.0839504662717959 0.0961839292283241 0.199041184211597 0.194147015744288 0.182057694136573 0.128791548342065 0.193105230390639 0.135728505642281 0.122516610876399 0.175854502999561 0.135882561569916 0.11697574634264 0.241078674329969 0.234382434285985 0.175424090048859 0.113438272811699 0.16505566085615 0.258535547726619 0.0909545743651994 0.111208827362132 0.0996347327528622 0.125080878670049 0.200445798186187 0.261833728261791 0.135608865181411 0.1090829238811 0.0936135626922002 0.258907880760875 0.101357347808088 0.100044289913478 0.197009890422266 0.237471457743739 0.114110347095388 0.112744055049082
0.080801607014627 0.289080056369484 0.190599700818592 0.160178673700661 0.152356728314951 0.176890722397436 0.315219938425937 0.201850624316563 0.184567053711881 0.212741730355984 0 0.316939270654094 0.24641829890018 0.177990063637677 0.285980532875583 0.188623009031077 0.196834085028417 0.244951036609174 0.155561013124849 0.19003826289988 0.263412380422043 0.322060672782636 0.126236852616528 0.106719166826787 0.193659097108759 0.236141079799819 0.281824616761618 0.105986419319453 0.133686437267723 0.175349534998598 0.268124768996247 0.218773224530746 0.197945656576324 0.11773256843166 0.165487061299712 0.297201297992905 0.243848475252214 0.203134969888544 0.139402201802063 0.228859784500695 0.171122969321604 0.149377786531681 0.259464157223683 0.175796355141011 0.169843034899274 0.303678667834396 0.327952930947703 0.202773063529589 0.127055027788478 0.204354382492598 0.288987513626338 0.125323392993411 0.12639385485738 0.131174167985879 0.178623844326448 0.214253820238963 0.299061301248439 0.18577134517172 0.131833400277493 0.141204756542044 0.279498071483397 0.109485184742759 0.0997798359899477 0.252545010024626 0.233644752380842 0.168584801513904 0.136349978055723
0.166026543765 0.363419389294701 0.208683484524107 0.182706199688977 0.210816754855423 0.16314130330655 0.376668436147939 0.235795530825166 0.212685008427213 0.26651666794143 0.316939270654094 0 0.187652688316455 0.234188966101595 0.287859473445587 0.201547359068689 0.217090923408118 0.292552364264086 0.185457786962837 0.233813198417166 0.315699040220074 0.315745382464335 0.171226973524463 0.144339257153942 0.23312881976009 0.26419296077645 0.343685419595327 0.140859407463868 0.13660112424074 0.192874725076649 0.322636237391598 0.27230269021315 0.246324926447275 0.126341349879381 0.144823915948009 0.307753499379503 0.295096062671024 0.26016198656381 0.183487884853656 0.291240822707185 0.195549630924308 0.182728696953391 0.287732684445442 0.211946656594273 0.174372457988064 0.373078932641313 0.307468780778162 0.23162477874258 0.175072221729333 0.251799395889806 0.349395523739367 0.11351315380862 0.150011009569717 0.172538237268967 0.185100434840538 0.244928331156757 0.328478362351732 0.351395861132931 0.152654123107217 0.131152072142975 0.347546295364033 0.145031670858126 0.152355440895645 0.307326437730988 0.311870864262977 0.169053701652631 0.164272680893512
0.0400225191101304 0.181049216824576 0.126562533246804 0.114972575338468 0.0779157404019106 0.0677654345699635 0.195568902537679 0.113035576918751 0.089503839913226 0.138958439390264 0.24641829890018 0.187652688316455 0 0.122550367046671 0.139692165127542 0.0962318146070284 0.101931863765615 0.163172434031634 0.0897860621332545 0.105971771942488 0.275167318131226 0.168974294187488 0.0725232871034572 0.0679910807261299 0.0769795025643788 0.137518969400088 0.161484705895395 0.0573150177541851 0.05620231141012 0.0668575759052509 0.134872916082777 0.127142249271147 0.113489198444815 0.0627745350504459 0.063991714176902 0.145857959162907 0.149400260095664 0.139687493579963 0.0816750038459837 0.158094262524439 0.0895484887117433 0.0947563105335675 0.149665800593066 0.0804448168187981 0.0968725338171239 0.166946486578187 0.187451686166848 0.135664038086647 0.0788663680262519 0.126230076222358 0.173267032425303 0.0667614983333107 0.0749157226336653 0.054195261874779 0.0979872581967129 0.125130260972486 0.165533237216888 0.109108695774887 0.0775354310114754 0.0796746286752777 0.183208288327967 0.0582405510401856 0.051206762507696 0.135060458528823 0.151944679103287 0.0945946431526822 0.0699299065384181
0.069595404269999 0.21601027661238 0.125288165044557 0.118513010532219 0.102752507779178 0.100357865249347 0.206713067573811 0.149210238866165 0.101462299905456 0.158312255067842 0.177990063637677 0.234188966101595 0.122550367046671 0 0.182304188145988 0.103844084544243 0.124108206881634 0.190579735351766 0.106067458070379 0.133039418300653 0.197056999637055 0.209271275980518 0.105547570922571 0.085189347559466 0.10186563333457 0.163148864568794 0.179328223833265 0.0748539465950636 0.0852718154981474 0.109643309037598 0.205023900167534 0.169135892713293 0.149573817432916 0.0771251828068026 0.095467042897372 0.181856530780538 0.147122434939511 0.136723203157802 0.086738360593629 0.184199087570573 0.111508457829125 0.102390422681091 0.161136065364579 0.108634068829626 0.099798675849382 0.2274144908611 0.183936721839906 0.121430074726934 0.0983040280254908 0.144861576097992 0.212001680473811 0.0465534505296686 0.0712035194525865 0.0774230932385809 0.0886421564634016 0.135504381583697 0.168020657619378 0.138612831117122 0.112376141939854 0.0902126318791594 0.206739204372908 0.060705940880796 0.0704821995574364 0.195455349094102 0.180036941204121 0.116597316557592 0.120498985524533
0.058173587547231 0.28573493756447 0.145382165471488 0.152481720774126 0.150793735228233 0.15165960181664 0.277086142555438 0.176669971343693 0.145770503841037 0.185697693463975 0.285980532875583 0.287859473445587 0.139692165127542 0.182304188145988 0 0.170800434200465 0.178983693132514 0.240095989043947 0.145954850387831 0.190324740477032 0.237014152722011 0.267188316367521 0.140367160570621 0.108704185311001 0.192800909319448 0.218979840945716 0.30415706831828 0.0993173722327995 0.111282154014412 0.174894356887706 0.265096735294208 0.214383353543544 0.195974519765852 0.104166865393845 0.12680594726554 0.257041728616793 0.203893125062164 0.204530411866954 0.119416983551997 0.232062120557813 0.178338999283791 0.122358540792004 0.280289723056127 0.183888961324525 0.134592661800997 0.284234215632887 0.266826281358455 0.184336547927774 0.106380703757676 0.205056862203084 0.270657099634313 0.146397680093347 0.122299704460363 0.121236396633782 0.181409789628896 0.188509316497041 0.254347969880827 0.144733531413113 0.11602553023584 0.0879918797408334 0.273143279411982 0.109064160650569 0.100422501247001 0.227042278225495 0.214715279915781 0.134694797062959 0.148591781437286
0.0587121088818672 0.199651412486971 0.0960063242725531 0.105000096694489 0.123986513255286 0.124328571144703 0.253872529670971 0.184346058529427 0.102274587501014 0.14964900092037 0.188623009031077 0.201547359068689 0.0962318146070284 0.103844084544243 0.170800434200465 0 0.132868346368043 0.181104354234982 0.0786187337092054 0.132216235948993 0.166767654402736 0.164913869975717 0.0731212178871569 0.07101694202092 0.119292343084561 0.138088150224398 0.172864458064011 0.0546164922402238 0.0595335072732611 0.110747162540073 0.145279829266679 0.132145573402284 0.115956031835953 0.0739601579559387 0.0725823038717156 0.144294708088265 0.134442452597038 0.131305830220477 0.112155186790827 0.149445205754587 0.114522123253743 0.14680430891222 0.14924099824736 0.116870864645466 0.0753879640886837 0.201346520217992 0.167422006962224 0.129287160195529 0.0845337487492295 0.177706447891564 0.200440811173457 0.0732952053224269 0.0887799440655446 0.0704231228558454 0.120699354445154 0.175092750642158 0.1791508566004 0.120505421823908 0.0805796277693421 0.0697379752337046 0.215989201433062 0.075784612962884 0.0891948495157834 0.183450734213371 0.207370307166354 0.107191216803913 0.114600551769331
0.0638439834370843 0.215319043130099 0.137022126770154 0.106822604730644 0.0912137469231733 0.117931104520102 0.216071532418086 0.238680302886642 0.124181592099735 0.160961905368557 0.196834085028417 0.217090923408118 0.101931863765615 0.124108206881634 0.178983693132514 0.132868346368043 0 0.19097727764751 0.107658493803629 0.150042961981441 0.171220906536997 0.18184656452633 0.105524529131545 0.0902100987463542 0.150912009548973 0.178117608185193 0.178083562047089 0.0583287527190605 0.0407425864489313 0.114589536362673 0.175928940788793 0.129156751796955 0.123396687908877 0.0945899285467876 0.105635083567142 0.159592232582597 0.17055828052747 0.148618230456294 0.105174224256393 0.162751844738042 0.155430897691003 0.111869822675157 0.182370982636206 0.104110936816469 0.108198056735906 0.221781474438486 0.158961072873318 0.140353812902981 0.0939363453474005 0.163586779006394 0.203921365817293 0.093453886732321 0.106007858352453 0.0610327603623369 0.119200904061102 0.133118155384319 0.177349465506057 0.152521624284606 0.113250944999417 0.0795766926514974 0.216282952319021 0.0999643965780848 0.101336809202353 0.165449357504506 0.179727254134251 0.139956332580094 0.140091431654105
0.0701143877619088 0.30479569807275 0.208414927822652 0.250741708400571 0.280903604848559 0.208504583578427 0.332939790432657 0.212026488607955 0.181013953723514 0.2151486087144 0.244951036609174 0.292552364264086 0.163172434031634 0.190579735351766 0.240095989043947 0.181104354234982 0.19097727764751 0 0.168200398138475 0.193729856606226 0.21760941794925 0.244754741990549 0.135774939563619 0.119619413398701 0.183293662858281 0.196474333824154 0.242593096266177 0.0975295550146333 0.097479446481084 0.134258944646572 0.256353061721569 0.206383920729851 0.189599800348754 0.0977854993128485 0.11134400601284 0.21882338689292 0.23231305672619 0.199828276550559 0.131192655537582 0.285846201364929 0.171169843651998 0.141653183021624 0.214749348418382 0.156520013158194 0.149038305702916 0.299214593119877 0.25224237289638 0.213440501424232 0.161503509436437 0.201754568394888 0.290353653451595 0.133005179421369 0.140076408543585 0.161870500558137 0.18463129083486 0.238044769094263 0.27076862615323 0.17698005912807 0.185790031936501 0.159765652109841 0.353498255820554 0.123190245601411 0.105429710472685 0.246525721085014 0.273091408481085 0.153029376052754 0.13805500766975
0.0142218691383627 0.184812066067044 0.109151579157237 0.0844207276127274 0.0853523264275544 0.0897091678845839 0.19003927695286 0.139115458823812 0.102593192917632 0.142542443531078 0.155561013124849 0.185457786962837 0.0897860621332545 0.106067458070379 0.145954850387831 0.0786187337092054 0.107658493803629 0.168200398138475 0 0.128956869955303 0.147048737034969 0.14411933541165 0.0852413292131664 0.091227265261036 0.140953040379189 0.146616068951215 0.176083895774243 0.0560310977109459 0.0739744909733297 0.0833327330903128 0.175973282856296 0.117353321871974 0.132703953368662 0.0673535578531611 0.0939784422910433 0.135921161056744 0.136687467240272 0.11918282675051 0.0851895414963727 0.158457377506952 0.1429755254658 0.0983668313830844 0.1370104535448 0.111419062856411 0.0983267961249731 0.175117569925423 0.156903818256637 0.139633552808041 0.0605361750894609 0.136847472078086 0.172111813849196 0.0456652970242927 0.0756394912312255 0.0882158299007599 0.10156793500279 0.131682748533996 0.152839054455635 0.0758008305413969 0.0911141949932731 0.094876899594894 0.183654763779214 0.0630231870147584 0.0623909130161029 0.170527565491219 0.18825928421674 0.0990092179270308 0.0828400865983354
0.0606471151820238 0.222335055521345 0.138526643478019 0.151368793659324 0.122538039302478 0.112305092597436 0.240353247513259 0.154219628690726 0.127477022848015 0.165215105847202 0.19003826289988 0.233813198417166 0.105971771942488 0.133039418300653 0.190324740477032 0.132216235948993 0.150042961981441 0.193729856606226 0.128956869955303 0 0.188183356120686 0.222135242179987 0.098482679116099 0.0738172827892662 0.132939070260736 0.164237130069259 0.198264559004407 0.0773163694597812 0.0817347353272403 0.129381430209495 0.217412662400923 0.164097562247086 0.171051667255817 0.0886462027135563 0.1028659671027 0.193217781597318 0.182172702170306 0.149873014708841 0.106874417951609 0.187710310318053 0.133583747355034 0.119221729325192 0.196160955806782 0.14462307082342 0.122620243095577 0.237708810218652 0.20282718651954 0.124340709412334 0.0998585464463121 0.164192861315579 0.212422943013046 0.0956764996559748 0.103932948221554 0.124074390344936 0.140138656155669 0.156378861881291 0.207222256799707 0.13587383499442 0.0884148839268584 0.0548883836617349 0.230331820747385 0.104765592544129 0.125666527419618 0.199862112178784 0.210180441069673 0.150229219756044 0.119464515185614
0.0828656967976731 0.296264200010037 0.142064377619286 0.113783077767825 0.127474996160082 0.10356777824575 0.291479714085824 0.182314806716217 0.170575349520653 0.211854095106411 0.263412380422043 0.315699040220074 0.275167318131226 0.197056999637055 0.237014152722011 0.166767654402736 0.171220906536997 0.21760941794925 0.147048737034969 0.188183356120686 0 0.268441761382097 0.140826378529921 0.113194598441752 0.187324399360173 0.221346811680816 0.264614011704152 0.103630490244751 0.0990452631116219 0.14633778135383 0.255968693041309 0.203376621946209 0.193959084007767 0.0960475277143197 0.114497017196123 0.237040440009923 0.231229555106972 0.187698860922939 0.136362858935709 0.237981618517375 0.136404256625236 0.113244324242504 0.245721048299977 0.128621995960514 0.133499804590112 0.294851781035923 0.2584070498242 0.203572601155179 0.137166646306569 0.195194590575496 0.271161267943791 0.0923780084489813 0.0976884897021023 0.123363767175555 0.129468319597435 0.184370699494101 0.271656590305915 0.193550246814336 0.121299814820666 0.0886814763192991 0.266058912378955 0.0795179664627766 0.105894556050142 0.223179036062324 0.227408551994171 0.116916557608922 0.144601796337876
0.0651083479167261 0.291674054091637 0.158809491728228 0.151267671551613 0.148097361094956 0.154117121712744 0.316424077011241 0.199011371152082 0.159984833965562 0.204413882386811 0.322060672782636 0.315745382464335 0.168974294187488 0.209271275980518 0.267188316367521 0.164913869975717 0.18184656452633 0.244754741990549 0.14411933541165 0.222135242179987 0.268441761382097 0 0.144250495560246 0.128771255164116 0.192264564272792 0.25592111998452 0.314720097768647 0.114798496703393 0.124093860422403 0.17451031669827 0.296901174429619 0.247819451307136 0.217073696592829 0.123947231720611 0.148680899856886 0.320012882456983 0.258517217645668 0.220513407466086 0.140471008910504 0.259045654945006 0.179725215054681 0.157827184404162 0.257354494622538 0.190422614189382 0.170591674602154 0.314154306500473 0.331016829343731 0.195606751838153 0.123779641531369 0.211481728587873 0.288475106299151 0.11040505138495 0.121288072392817 0.132812113155949 0.17664215976076 0.199271239841387 0.291502237614919 0.176854908101995 0.105381755600714 0.0887529737840343 0.289875598935541 0.119924678701615 0.109938799147541 0.250267793864135 0.243214998820107 0.171914605015692 0.140455431171206
0.0458057554819572 0.172246027497208 0.0983517496433613 0.0911094185686848 0.113696801656574 0.0861089487561084 0.160030912993791 0.117794457107642 0.0890504090659571 0.115246653142778 0.126236852616528 0.171226973524463 0.0725232871034572 0.105547570922571 0.140367160570621 0.0731212178871569 0.105524529131545 0.135774939563619 0.0852413292131664 0.098482679116099 0.140826378529921 0.144250495560246 0 0.10407559365317 0.130503698168327 0.145013057814291 0.179119746233371 0.0433364654229998 0.049670230490914 0.0735315372612519 0.161668267593288 0.119835617780551 0.138891636855272 0.0655440446699884 0.0806571654453102 0.14086553951137 0.1214152214423 0.107435674242253 0.0587829415730277 0.119096790476069 0.0725743461568246 0.0903017331193267 0.123879645429997 0.0758096423498748 0.0726002394273705 0.170761076947079 0.116855997903545 0.0762360983062023 0.0925663528495282 0.0824556934063382 0.159978857141227 0.0621715967136327 0.056840709826697 0.0803012240917668 0.0871248861192629 0.123691854045764 0.139652231837786 0.09574987804665 0.102089474803401 0.0653127714586633 0.156450976734812 0.0290104903349899 0.0513706601237579 0.128766393015739 0.136224579810935 0.0937543011952992 0.0965364452663894
0.0433661631181517 0.137284508508991 0.0811968997025131 0.0856497050408705 0.0592077172783564 0.0767511660937328 0.152355123365877 0.0837331821062353 0.0726371210829525 0.124065792933436 0.106719166826787 0.144339257153942 0.0679910807261299 0.085189347559466 0.108704185311001 0.07101694202092 0.0902100987463542 0.119619413398701 0.091227265261036 0.0738172827892662 0.113194598441752 0.128771255164116 0.10407559365317 0 0.107531308792201 0.113322414500543 0.13659456567255 0.0422803798333709 0.0555082762805402 0.0782154346941885 0.136402948457922 0.0958447350393257 0.110442168405186 0.0382668262232979 0.0723273749919344 0.114715732442819 0.103612533849462 0.10213105178924 0.0638144752077429 0.095766926390859 0.0850408201858523 0.0450235164415122 0.103854768206144 0.0960361902310433 0.0751297852079167 0.145376040417373 0.143291809945587 0.0946927032523319 0.0683547736957251 0.0968248932369219 0.108138698017401 0.0573142233755798 0.0597013855012139 0.0597070476195456 0.065003217981607 0.0886913919678482 0.124832748605501 0.0793717668855349 0.0797311829479798 0.0602267561916048 0.113874464149367 0.035773261326662 0.0481952016514771 0.1038705825864 0.119768103956675 0.063239643480966 0.0625134881625102
0.0683126814602308 0.218974160237652 0.109812854186724 0.117325590720278 0.124888315804975 0.111184902670959 0.227667058832463 0.144920787188011 0.112049189973599 0.160107440629283 0.193659097108759 0.23312881976009 0.0769795025643788 0.10186563333457 0.192800909319448 0.119292343084561 0.150912009548973 0.183293662858281 0.140953040379189 0.132939070260736 0.187324399360173 0.192264564272792 0.130503698168327 0.107531308792201 0 0.213724445224209 0.245100788638475 0.0731177620419084 0.174480113853167 0.121983199630474 0.213357956766818 0.183498531861009 0.163645824603637 0.078689196161794 0.101194335892915 0.185438925723871 0.158735830270721 0.1580195589424 0.108898273508133 0.200066665283711 0.11972911452109 0.0703217725314964 0.180794791749352 0.123360947516229 0.120547698147989 0.225799837092338 0.183652287068041 0.151314715556903 0.104621285887112 0.131978767272909 0.201895908666531 0.0882680182975391 0.0890778198768654 0.118330157124695 0.14198430228956 0.150402717468887 0.185711587070639 0.135236989291385 0.0934791398463155 0.092368967765943 0.17373541897249 0.0774210940780093 0.0793883409198247 0.175213582894299 0.195429597046549 0.137581499293056 0.114783214271426
0.0655222845169623 0.244007441522743 0.142399595832806 0.12398892080207 0.119901131361905 0.137337499326515 0.241615971826791 0.161829832317454 0.13124138538009 0.167955394769685 0.236141079799819 0.26419296077645 0.137518969400088 0.163148864568794 0.218979840945716 0.138088150224398 0.178117608185193 0.196474333824154 0.146616068951215 0.164237130069259 0.221346811680816 0.25592111998452 0.145013057814291 0.113322414500543 0.213724445224209 0 0.289630125433825 0.108687982962869 0.121692030090276 0.150314410708399 0.253281671538474 0.225909419607457 0.199548657873484 0.118397610139228 0.140995957214622 0.233150037400943 0.190883534476141 0.192828914987846 0.11375381341728 0.209610513608271 0.142805525928479 0.114872429674351 0.225201803117769 0.117020229678596 0.129654463217175 0.273401631876174 0.24607098355844 0.175069896973227 0.103939752494597 0.172366779190385 0.227794329562956 0.0877449119926322 0.108192505034972 0.118388340623116 0.138476106543946 0.173369938148568 0.249758992347359 0.148023446764542 0.132016642040817 0.0955157249158108 0.189321231469611 0.0974381900522839 0.0901760294406916 0.187698268362218 0.194902513699173 0.125448319390283 0.12812264123256
0.0367470421855977 0.331354181463883 0.186868801489565 0.174360930165708 0.169474373695367 0.16435190972164 0.307798715814357 0.190667178816369 0.16212232028204 0.200417202134399 0.281824616761618 0.343685419595327 0.161484705895395 0.179328223833265 0.30415706831828 0.172864458064011 0.178083562047089 0.242593096266177 0.176083895774243 0.198264559004407 0.264614011704152 0.314720097768647 0.179119746233371 0.13659456567255 0.245100788638475 0.289630125433825 0 0.117570546780157 0.183784401821902 0.196658679154555 0.327747607016514 0.252061576980295 0.238639612919366 0.120498766519843 0.153061374213983 0.301133801412923 0.232958593457658 0.22113081979628 0.132675214555289 0.233946439355224 0.176193103749592 0.136242073769588 0.270482879550196 0.178088879981712 0.165101725838093 0.316182833512183 0.284107530636775 0.19342154912982 0.134019726785634 0.208197301188307 0.297575647667097 0.120698801978189 0.141226741866221 0.136569205041469 0.167874466487967 0.18984668426769 0.307918255500064 0.153267491615895 0.157411750370295 0.120835455507124 0.273872504676896 0.0800330662304626 0.114465235485974 0.240253872235705 0.264334628251363 0.158624261905546 0.159799302917543
-0.00411851280831733 0.103071650614063 0.0662567166264854 0.0663355769653973 0.0645034383211678 0.0406594534327159 0.098644683264811 0.0861819859238041 0.048164055765771 0.072906569538839 0.105986419319453 0.140859407463868 0.0573150177541851 0.0748539465950636 0.0993173722327995 0.0546164922402238 0.0583287527190605 0.0975295550146333 0.0560310977109459 0.0773163694597812 0.103630490244751 0.114798496703393 0.0433364654229998 0.0422803798333709 0.0731177620419084 0.108687982962869 0.117570546780157 0 0.0240712489375987 0.0650431471285736 0.0947717741484209 0.0791020103753824 0.105901868974583 0.0236178723438815 0.0457860708851784 0.0919042200781328 0.10128284683913 0.0819587337278553 0.0514136422604921 0.0932214108531455 0.059061484928177 0.035848877624788 0.0774714885822064 0.0681784778634732 0.0915444250559038 0.109119016074558 0.108878391678259 0.0661063750038304 0.0379702734086034 0.0635107046595561 0.0967643230243642 0.0401903596681526 0.0782854701680923 0.045610190189216 0.0615284388994288 0.0990360676248184 0.0969236507426041 0.0501142861340716 0.0706341434785352 0.0452382929477443 0.116236746741364 0.030876806667578 0.050540021701323 0.0914394233737603 0.113013650238063 0.0504142757294933 0.035492323748963
0.0215207060795741 0.112224441781503 0.0557930500753553 0.0721341488976212 0.0673407933936538 0.0808826479153341 0.102211534706199 0.05584413765315 0.0697017982288866 0.0712177188525606 0.133686437267723 0.13660112424074 0.05620231141012 0.0852718154981474 0.111282154014412 0.0595335072732611 0.0407425864489313 0.097479446481084 0.0739744909733297 0.0817347353272403 0.0990452631116219 0.124093860422403 0.049670230490914 0.0555082762805402 0.174480113853167 0.121692030090276 0.183784401821902 0.0240712489375987 0 0.0884815937542601 0.146167378414948 0.134207079108133 0.140806250360208 0.0510134939090399 0.0694495671583156 0.14312663377421 0.127650672294145 0.106001360249735 0.0314141328713828 0.110236249789543 0.0596027749575199 0.0484175542482433 0.105869301118492 0.087729610373951 0.0511836510331788 0.137159691021098 0.137450338448915 0.0742205214769297 0.0548266455885184 0.0892367797128168 0.10926570308248 0.0453333903740952 0.0757468809731733 0.0604781005350321 0.088852104637462 0.0685493317410887 0.11878185891792 0.0687388159778378 0.0453041244372813 0.0387972736039728 0.102477740918326 0.0441901104625404 0.0544454186743645 0.0847480541935139 0.0894599506442274 0.0763255874865726 0.0386070803597143
0.0347740427152593 0.175174777910268 0.0938409839400548 0.105442224729075 0.0952337057937016 0.0911224478355257 0.184499378500933 0.119773053459607 0.0905854867638168 0.105053054754656 0.175349534998598 0.192874725076649 0.0668575759052509 0.109643309037598 0.174894356887706 0.110747162540073 0.114589536362673 0.134258944646572 0.0833327330903128 0.129381430209495 0.14633778135383 0.17451031669827 0.0735315372612519 0.0782154346941885 0.121983199630474 0.150314410708399 0.196658679154555 0.0650431471285736 0.0884815937542601 0 0.205123180462899 0.133126780461476 0.140605892205942 0.060848139616985 0.0967379851411682 0.169491137924392 0.139318330830377 0.133864626923948 0.086398121150283 0.135096387196964 0.148411832848697 0.0915441412976735 0.175651372655714 0.122275835173406 0.0770811345488596 0.185904468824598 0.173259556845489 0.111350322914314 0.0813534585734736 0.128536068951755 0.176660009398696 0.0620196437277574 0.059100630952606 0.0874618662291501 0.113162294757244 0.142148452418032 0.159145580186562 0.0894462892649334 0.0768077989230733 0.0724907545468125 0.18991544338188 0.0590194123899028 0.0743414192665945 0.146564365282947 0.141996077557779 0.109066341558302 0.113361193203919
0.0598378416715766 0.298064048055328 0.158164739072069 0.126423855247709 0.156379522759002 0.140599857533531 0.290191232576157 0.188388139198147 0.162100363658067 0.204041349366662 0.268124768996247 0.322636237391598 0.134872916082777 0.205023900167534 0.265096735294208 0.145279829266679 0.175928940788793 0.256353061721569 0.175973282856296 0.217412662400923 0.255968693041309 0.296901174429619 0.161668267593288 0.136402948457922 0.213357956766818 0.253281671538474 0.327747607016514 0.0947717741484209 0.146167378414948 0.205123180462899 0 0.272700957468307 0.226302198997474 0.118681095955876 0.151613543362821 0.284552839332476 0.231433692557223 0.221435991098406 0.113119915750988 0.226092361405458 0.176361608003049 0.153621239622435 0.29023125524645 0.188844433444744 0.151421838504946 0.305875643584834 0.274338959755835 0.20674510355096 0.144546926733724 0.205931590991955 0.300778358482855 0.0989737165463902 0.146267929398793 0.134045128868214 0.164238650587495 0.18350295092339 0.282224432302104 0.161214935226303 0.120495822261819 0.113393574792167 0.254648419238436 0.126569869735861 0.145089330982526 0.242787740520349 0.252734481205721 0.152345741597839 0.16360627566263
0.0575373214111783 0.243075145862045 0.143038732503377 0.110391945307164 0.111382798724729 0.132379007155033 0.249127452473677 0.163276359652409 0.135263016428632 0.167797396599921 0.218773224530746 0.27230269021315 0.127142249271147 0.169135892713293 0.214383353543544 0.132145573402284 0.129156751796955 0.206383920729851 0.117353321871974 0.164097562247086 0.203376621946209 0.247819451307136 0.119835617780551 0.0958447350393257 0.183498531861009 0.225909419607457 0.252061576980295 0.0791020103753824 0.134207079108133 0.133126780461476 0.272700957468307 0 0.208220862705077 0.101699629008714 0.151585578137315 0.253683174149453 0.215283894340631 0.200120899381617 0.116595436481276 0.218004100947883 0.118868218724038 0.113100271252799 0.219762696259908 0.15869277843921 0.145872931889595 0.282119252097301 0.254524126149314 0.169993593591505 0.123993229381198 0.177496503041958 0.246703348666513 0.0721712499619024 0.102102161862776 0.11764676796892 0.127089288977603 0.155608258991041 0.2439294098805 0.149978748774836 0.102311580429171 0.0794975952391221 0.203683641922131 0.0879324131402022 0.105796703526755 0.217841886335353 0.217608536325637 0.137186647571816 0.129359208195639
0.0365455481202326 0.228173443069673 0.128768677668472 0.118459456042152 0.146687038941717 0.104220779292916 0.256290190779721 0.155468048028595 0.122959575087901 0.17201749248997 0.197945656576324 0.246324926447275 0.113489198444815 0.149573817432916 0.195974519765852 0.115956031835953 0.123396687908877 0.189599800348754 0.132703953368662 0.171051667255817 0.193959084007767 0.217073696592829 0.138891636855272 0.110442168405186 0.163645824603637 0.199548657873484 0.238639612919366 0.105901868974583 0.140806250360208 0.140605892205942 0.226302198997474 0.208220862705077 0 0.110232896250502 0.135773500531128 0.223860130295271 0.207278873099361 0.162623569082814 0.104770939836998 0.200719067831912 0.118802485490873 0.114470063638726 0.20952503448916 0.147248653024094 0.119428947233247 0.245722124185781 0.215195666858802 0.14656921931134 0.132463712121928 0.166832622671857 0.231434717798162 0.0914918151915428 0.114691543730175 0.140676521567016 0.15908211554699 0.158078171582213 0.22102379626511 0.130434925008535 0.0915501728798168 0.0803221279529336 0.217001412943766 0.0920492468082788 0.0832311942481266 0.187699987975493 0.200857777269163 0.114239738509238 0.11473434408129
